
 **** DERIVATIVE DATABASE ****    
+DDB, Version number  20230401

  Note : temporary (transfer) database

    usepaw         1
     natom        36
      nkpt         1
    nsppol         2
      nsym         1
    ntypat         6
    occopt         2
     nband       115
     acell  0.10000000000000D+01  0.10000000000000D+01  0.10000000000000D+01
       amu  0.15196500000000D+03  0.87620000000000D+02  0.69410000000000D+01
            0.26981539000000D+02  0.14006740000000D+02  0.15999400000000D+02
   dilatmx  0.10000000000000D+01
      ecut  0.10000000000000D+02
 pawecutdg  0.20000000000000D+02
    ecutsm  0.00000000000000D+00
     intxc         0
      iscf        17
       ixc     -1012
       kpt  0.00000000000000D+00  0.00000000000000D+00  0.00000000000000D+00
    kptnrm  0.10000000000000D+01
     ngfft        45   45   36
    nspden         2
   nspinor         1
       occ  0.10000000000000D+01  0.10000000000000D+01  0.10000000000000D+01
            0.10000000000000D+01  0.10000000000000D+01  0.10000000000000D+01
            0.10000000000000D+01  0.10000000000000D+01  0.10000000000000D+01
            0.10000000000000D+01  0.10000000000000D+01  0.10000000000000D+01
            0.10000000000000D+01  0.10000000000000D+01  0.10000000000000D+01
            0.10000000000000D+01  0.10000000000000D+01  0.10000000000000D+01
            0.10000000000000D+01  0.10000000000000D+01  0.10000000000000D+01
            0.10000000000000D+01  0.10000000000000D+01  0.10000000000000D+01
            0.10000000000000D+01  0.10000000000000D+01  0.10000000000000D+01
            0.10000000000000D+01  0.10000000000000D+01  0.10000000000000D+01
            0.10000000000000D+01  0.10000000000000D+01  0.10000000000000D+01
            0.10000000000000D+01  0.10000000000000D+01  0.10000000000000D+01
            0.10000000000000D+01  0.10000000000000D+01  0.10000000000000D+01
            0.10000000000000D+01  0.10000000000000D+01  0.10000000000000D+01
            0.10000000000000D+01  0.10000000000000D+01  0.10000000000000D+01
            0.10000000000000D+01  0.10000000000000D+01  0.10000000000000D+01
            0.10000000000000D+01  0.10000000000000D+01  0.10000000000000D+01
            0.10000000000000D+01  0.10000000000000D+01  0.10000000000000D+01
            0.10000000000000D+01  0.10000000000000D+01  0.10000000000000D+01
            0.10000000000000D+01  0.10000000000000D+01  0.10000000000000D+01
            0.10000000000000D+01  0.10000000000000D+01  0.10000000000000D+01
            0.10000000000000D+01  0.10000000000000D+01  0.10000000000000D+01
            0.10000000000000D+01  0.10000000000000D+01  0.10000000000000D+01
            0.10000000000000D+01  0.10000000000000D+01  0.10000000000000D+01
            0.10000000000000D+01  0.10000000000000D+01  0.10000000000000D+01
            0.10000000000000D+01  0.10000000000000D+01  0.10000000000000D+01
            0.10000000000000D+01  0.10000000000000D+01  0.10000000000000D+01
            0.10000000000000D+01  0.10000000000000D+01  0.10000000000000D+01
            0.10000000000000D+01  0.10000000000000D+01  0.10000000000000D+01
            0.10000000000000D+01  0.10000000000000D+01  0.10000000000000D+01
            0.10000000000000D+01  0.10000000000000D+01  0.10000000000000D+01
            0.10000000000000D+01  0.10000000000000D+01  0.00000000000000D+00
            0.00000000000000D+00  0.00000000000000D+00  0.00000000000000D+00
            0.00000000000000D+00  0.00000000000000D+00  0.00000000000000D+00
            0.00000000000000D+00  0.00000000000000D+00  0.00000000000000D+00
            0.00000000000000D+00  0.00000000000000D+00  0.00000000000000D+00
            0.00000000000000D+00  0.00000000000000D+00  0.00000000000000D+00
            0.00000000000000D+00  0.00000000000000D+00  0.00000000000000D+00
            0.00000000000000D+00
     rprim  0.15040330225900D+02  0.00000000000000D+00  0.00000000000000D+00
            0.00000000000000D+00  0.15040330225900D+02  0.00000000000000D+00
            0.00000000000000D+00  0.00000000000000D+00  0.12033775961600D+02
  dfpt_sciss  0.00000000000000D+00
    spinat  0.00000000000000D+00  0.00000000000000D+00  0.00000000000000D+00
            0.00000000000000D+00  0.00000000000000D+00  0.00000000000000D+00
            0.00000000000000D+00  0.00000000000000D+00  0.00000000000000D+00
            0.00000000000000D+00  0.00000000000000D+00  0.00000000000000D+00
            0.00000000000000D+00  0.00000000000000D+00  0.00000000000000D+00
            0.00000000000000D+00  0.00000000000000D+00  0.00000000000000D+00
            0.00000000000000D+00  0.00000000000000D+00  0.00000000000000D+00
            0.00000000000000D+00  0.00000000000000D+00  0.00000000000000D+00
            0.00000000000000D+00  0.00000000000000D+00  0.00000000000000D+00
            0.00000000000000D+00  0.00000000000000D+00  0.00000000000000D+00
            0.00000000000000D+00  0.00000000000000D+00  0.00000000000000D+00
            0.00000000000000D+00  0.00000000000000D+00  0.00000000000000D+00
            0.00000000000000D+00  0.00000000000000D+00  0.00000000000000D+00
            0.00000000000000D+00  0.00000000000000D+00  0.00000000000000D+00
            0.00000000000000D+00  0.00000000000000D+00  0.00000000000000D+00
            0.00000000000000D+00  0.00000000000000D+00  0.00000000000000D+00
            0.00000000000000D+00  0.00000000000000D+00  0.00000000000000D+00
            0.00000000000000D+00  0.00000000000000D+00  0.00000000000000D+00
            0.00000000000000D+00  0.00000000000000D+00  0.00000000000000D+00
            0.00000000000000D+00  0.00000000000000D+00  0.00000000000000D+00
            0.00000000000000D+00  0.00000000000000D+00  0.00000000000000D+00
            0.00000000000000D+00  0.00000000000000D+00  0.00000000000000D+00
            0.00000000000000D+00  0.00000000000000D+00  0.00000000000000D+00
            0.00000000000000D+00  0.00000000000000D+00  0.00000000000000D+00
            0.00000000000000D+00  0.00000000000000D+00  0.00000000000000D+00
            0.00000000000000D+00  0.00000000000000D+00  0.00000000000000D+00
            0.00000000000000D+00  0.00000000000000D+00  0.00000000000000D+00
            0.00000000000000D+00  0.00000000000000D+00  0.00000000000000D+00
            0.00000000000000D+00  0.00000000000000D+00  0.00000000000000D+00
            0.00000000000000D+00  0.00000000000000D+00  0.00000000000000D+00
            0.00000000000000D+00  0.00000000000000D+00  0.00000000000000D+00
            0.00000000000000D+00  0.00000000000000D+00  0.00000000000000D+00
            0.00000000000000D+00  0.00000000000000D+00  0.00000000000000D+00
            0.00000000000000D+00  0.00000000000000D+00  0.00000000000000D+00
            0.00000000000000D+00  0.00000000000000D+00  0.00000000000000D+00
            0.00000000000000D+00  0.00000000000000D+00  0.00000000000000D+00
    symafm         1
    symrel         1    0    0    0    1    0    0    0    1
     tnons  0.00000000000000D+00  0.00000000000000D+00  0.00000000000000D+00
    tolwfr  0.10000000000000D+01
   tphysel  0.00000000000000D+00
    tsmear  0.10000000000000D-01
     typat         1    2    2    2    3    3    3    3    3    3    3    3
                   4    4    4    4    4    4    4    4    5    5    5    5
                   5    5    5    5    6    6    6    6    6    6    6    6
       wtk  0.10000000000000D+01
      xred  0.50000000000000D+00  0.00000000000000D+00  0.25000000000000D+00
            0.50000000000000D+00  0.00000000000000D+00  0.75000000000000D+00
            0.10000000000000D+01  0.50000000000000D+00  0.11890596229000D-03
            0.10000000000000D+01  0.50000000000000D+00  0.49988109400000D+00
            0.12744374710000D+00  0.82536213210000D+00  0.25000000000000D+00
            0.12704638640000D+00  0.82502282330000D+00  0.75000000000000D+00
            0.87255625290000D+00  0.17463786790000D+00  0.25000000000000D+00
            0.87295361360000D+00  0.17497717670000D+00  0.75000000000000D+00
            0.17499169840000D+00  0.12728967160000D+00  0.28739574230000D-03
            0.17499169840000D+00  0.12728967160000D+00  0.49971260430000D+00
            0.82500830160000D+00  0.87271032840000D+00  0.28739574230000D-03
            0.82500830160000D+00  0.87271032840000D+00  0.49971260430000D+00
            0.35173806670000D+00  0.68241995630000D+00  0.21289163617000D-03
            0.35173806670000D+00  0.68241995630000D+00  0.49978710840000D+00
            0.64826193330000D+00  0.31758004370000D+00  0.21289163617000D-03
            0.64826193330000D+00  0.31758004370000D+00  0.49978710840000D+00
            0.31780576680000D+00  0.35109081090000D+00  0.25000000000000D+00
            0.31777456060000D+00  0.35154217070000D+00  0.75000000000000D+00
            0.68219423320000D+00  0.64890918910000D+00  0.25000000000000D+00
            0.68222543940000D+00  0.64845782930000D+00  0.75000000000000D+00
            0.58430476540000D+00  0.72965367460000D+00  0.99992821440000D+00
            0.58430476540000D+00  0.73091011390000D+00  0.50007178560000D+00
            0.41569523460000D+00  0.26908988610000D+00  0.99992821440000D+00
            0.41569523460000D+00  0.26908988610000D+00  0.50007178560000D+00
            0.27019712620000D+00  0.58410218790000D+00  0.25000000000000D+00
            0.27041286440000D+00  0.58437089430000D+00  0.75000000000000D+00
            0.72980287380000D+00  0.41589781210000D+00  0.25000000000000D+00
            0.72958713560000D+00  0.41562910570000D+00  0.75000000000000D+00
            0.25250920030000D+00  0.88699605780000D+00  0.99991734080000D+00
            0.25250920030000D+00  0.88699605780000D+00  0.50008265920000D+00
            0.74749079970000D+00  0.11300394220000D+00  0.99991734080000D+00
            0.74749079970000D+00  0.11300394220000D+00  0.50008265920000D+00
            0.11279815010000D+00  0.25309031310000D+00  0.25000000000000D+00
            0.11273121590000D+00  0.25349138290000D+00  0.75000000000000D+00
            0.88720184990000D+00  0.74690968690000D+00  0.25000000000000D+00
            0.88726878410000D+00  0.74650861710000D+00  0.75000000000000D+00
     znucl  0.63000000000000D+02  0.38000000000000D+02  0.30000000000000D+01
            0.13000000000000D+02  0.70000000000000D+01  0.80000000000000D+01
      zion  0.17000000000000D+02  0.10000000000000D+02  0.30000000000000D+01
            0.30000000000000D+01  0.50000000000000D+01  0.60000000000000D+01
 
 No information on the potentials yet 
 
 **** Database of total energy derivatives ****
 Number of data blocks=    2
  
 1st derivatives              - # elements :         114
     1     1  0.19759378627881D-03  0.00000000000000D+00
     2     1 -0.86139934377025D-03  0.00000000000000D+00
     3     1 -0.75406109470749D-04  0.00000000000000D+00
     1     2  0.25459917470224D-03  0.00000000000000D+00
     2     2 -0.82028192630736D-03  0.00000000000000D+00
     3     2  0.64482819498922D-04  0.00000000000000D+00
     1     3  0.60555092040443D-03  0.00000000000000D+00
     2     3  0.11743059302500D-03  0.00000000000000D+00
     3     3  0.41418983330337D-03  0.00000000000000D+00
     1     4  0.37708628673165D-03  0.00000000000000D+00
     2     4  0.17825712996093D-03  0.00000000000000D+00
     3     4 -0.41662030710427D-03  0.00000000000000D+00
     1     5  0.32392694308814D-02  0.00000000000000D+00
     2     5  0.40899245753199D-02  0.00000000000000D+00
     3     5 -0.25479527306332D-03  0.00000000000000D+00
     1     6  0.21838109513666D-02  0.00000000000000D+00
     2     6  0.41669356412541D-02  0.00000000000000D+00
     3     6  0.25599102221598D-03  0.00000000000000D+00
     1     7 -0.32357432549393D-02  0.00000000000000D+00
     2     7 -0.42547335006983D-02  0.00000000000000D+00
     3     7 -0.33450540362765D-03  0.00000000000000D+00
     1     8 -0.21715803013546D-02  0.00000000000000D+00
     2     8 -0.43372742763336D-02  0.00000000000000D+00
     3     8  0.33872682230366D-03  0.00000000000000D+00
     1     9 -0.23774735066182D-02  0.00000000000000D+00
     2     9  0.31324311774249D-02  0.00000000000000D+00
     3     9  0.82375287148078D-03  0.00000000000000D+00
     1    10 -0.20844137298504D-02  0.00000000000000D+00
     2    10  0.34910927804318D-02  0.00000000000000D+00
     3    10 -0.82883038265800D-03  0.00000000000000D+00
     1    11  0.14078649593813D-02  0.00000000000000D+00
     2    11 -0.27510478437229D-02  0.00000000000000D+00
     3    11  0.79959407948333D-03  0.00000000000000D+00
     1    12  0.22267114946937D-02  0.00000000000000D+00
     2    12 -0.36868717321913D-02  0.00000000000000D+00
     3    12 -0.81314866621309D-03  0.00000000000000D+00
     1    13 -0.50192450010878D-02  0.00000000000000D+00
     2    13 -0.85660705622727D-03  0.00000000000000D+00
     3    13  0.12202584382020D-02  0.00000000000000D+00
     1    14 -0.70547673970613D-02  0.00000000000000D+00
     2    14 -0.66015671834583D-02  0.00000000000000D+00
     3    14 -0.12596673066412D-02  0.00000000000000D+00
     1    15  0.84396325035670D-02  0.00000000000000D+00
     2    15  0.34790780330388D-02  0.00000000000000D+00
     3    15  0.12834529422669D-02  0.00000000000000D+00
     1    16  0.57462232239260D-02  0.00000000000000D+00
     2    16  0.66376230531467D-02  0.00000000000000D+00
     3    16 -0.12901514081591D-02  0.00000000000000D+00
     1    17  0.55522447715485D-02  0.00000000000000D+00
     2    17 -0.12171005649529D-01  0.00000000000000D+00
     3    17  0.49838929757258D-03  0.00000000000000D+00
     1    18  0.61801994514770D-02  0.00000000000000D+00
     2    18 -0.10679248803407D-01  0.00000000000000D+00
     3    18 -0.50188632731617D-03  0.00000000000000D+00
     1    19 -0.79013808451685D-02  0.00000000000000D+00
     2    19  0.19273896369093D-01  0.00000000000000D+00
     3    19 -0.31305876184562D-02  0.00000000000000D+00
     1    20 -0.85808358357076D-02  0.00000000000000D+00
     2    20  0.17956456037044D-01  0.00000000000000D+00
     3    20  0.31494839702017D-02  0.00000000000000D+00
     1    21  0.58695107082612D-02  0.00000000000000D+00
     2    21 -0.17689503667958D-01  0.00000000000000D+00
     3    21 -0.22689282463139D-02  0.00000000000000D+00
     1    22  0.66625455700966D-02  0.00000000000000D+00
     2    22  0.65973735310361D-03  0.00000000000000D+00
     3    22  0.22386310814701D-02  0.00000000000000D+00
     1    23 -0.60136333734944D-02  0.00000000000000D+00
     2    23 -0.23133123143110D-02  0.00000000000000D+00
     3    23 -0.22669845765054D-02  0.00000000000000D+00
     1    24 -0.65819743006956D-02  0.00000000000000D+00
     2    24 -0.20812783550155D-02  0.00000000000000D+00
     3    24  0.23712844749023D-02  0.00000000000000D+00
     1    25 -0.17176659238928D-02  0.00000000000000D+00
     2    25  0.92671109182211D-02  0.00000000000000D+00
     3    25 -0.99295260031909D-03  0.00000000000000D+00
     1    26 -0.39028818937746D-02  0.00000000000000D+00
     2    26  0.42896790079532D-02  0.00000000000000D+00
     3    26  0.10134306067970D-02  0.00000000000000D+00
     1    27  0.17420875459860D-02  0.00000000000000D+00
     2    27 -0.78868372837267D-02  0.00000000000000D+00
     3    27 -0.20938550829621D-02  0.00000000000000D+00
     1    28  0.39153297687438D-02  0.00000000000000D+00
     2    28 -0.29283447354346D-02  0.00000000000000D+00
     3    28  0.20886958256040D-02  0.00000000000000D+00
     1    29 -0.73584270574613D-02  0.00000000000000D+00
     2    29 -0.24727774910302D-01  0.00000000000000D+00
     3    29 -0.22832066878892D-03  0.00000000000000D+00
     1    30 -0.53547110409386D-02  0.00000000000000D+00
     2    30 -0.25808683026049D-01  0.00000000000000D+00
     3    30  0.25050718929679D-03  0.00000000000000D+00
     1    31  0.63266489361367D-02  0.00000000000000D+00
     2    31  0.29281893015437D-01  0.00000000000000D+00
     3    31 -0.24111068698807D-03  0.00000000000000D+00
     1    32  0.59766877422206D-02  0.00000000000000D+00
     2    32  0.26423439254810D-01  0.00000000000000D+00
     3    32  0.26519765093299D-03  0.00000000000000D+00
     1    33  0.21851118346400D-01  0.00000000000000D+00
     2    33 -0.10235631719349D-01  0.00000000000000D+00
     3    33  0.78200434108305D-04  0.00000000000000D+00
     1    34  0.20307175753983D-01  0.00000000000000D+00
     2    34 -0.79018840212526D-02  0.00000000000000D+00
     3    34 -0.82848348129654D-04  0.00000000000000D+00
     1    35 -0.21317604863135D-01  0.00000000000000D+00
     2    35  0.91027228403812D-02  0.00000000000000D+00
     3    35  0.37992677490773D-03  0.00000000000000D+00
     1    36 -0.19747089508478D-01  0.00000000000000D+00
     2    36  0.67446227844207D-02  0.00000000000000D+00
     3    36 -0.38699807420756D-03  0.00000000000000D+00
     1    39  0.26499295308087D-02  0.00000000000000D+00
     2    39  0.26524451063679D-02  0.00000000000000D+00
     3    39  0.24348334868927D-02  0.00000000000000D+00
     1    40  0.12268267676539D-07  0.00000000000000D+00
     2    40  0.13862917327524D-09  0.00000000000000D+00
     3    40 -0.15062021522224D-05  0.00000000000000D+00
  
 Total energy                 - # elements :           1
 -0.47548225482970D+03  0.00000000000000D+00
