 Fermi (or HOMO) energy (hartree) =   0.22110   Average Vxc (hartree)=  -0.38907
 Eigenvalues (hartree) for nkpt=   1  k points, SPIN UP:
 kpt#   1, nband=115, wtk=  1.00000, kpt=  0.0000  0.0000  0.0000 (reduced coord)
  -1.39338   -1.39293   -1.39280   -1.39275   -1.39271   -1.39262   -1.39260   -1.39249
  -1.22982   -1.05217   -1.04866   -1.04588   -0.49001   -0.48801   -0.47404   -0.46697
  -0.46687   -0.45938   -0.45600   -0.45243   -0.45181   -0.43753   -0.43749   -0.41210
  -0.40836   -0.40171   -0.39269   -0.38865   -0.38559   -0.38149   -0.37660   -0.36991
  -0.35310   -0.31272   -0.30945   -0.30865   -0.30821   -0.30731   -0.30489   -0.30365
  -0.02496   -0.01661   -0.01549   -0.01164   -0.01139    0.01845    0.01885    0.02673
   0.02719    0.02779    0.03942    0.04577    0.04663    0.05403    0.06653    0.06817
   0.06822    0.07126    0.07159    0.07799    0.07852    0.08933    0.08972    0.09497
   0.09947    0.10123    0.10433    0.10478    0.11560    0.11563    0.11726    0.12019
   0.12235    0.12266    0.12368    0.12589    0.13394    0.13404    0.13632    0.13880
   0.13890    0.13920    0.13944    0.13951    0.15276    0.16099    0.16245    0.16598
   0.21481    0.21489    0.21563    0.21601    0.21609    0.21686    0.22110    0.27962
   0.29057    0.29674    0.31763    0.32870    0.33825    0.37133    0.38098    0.38249
   0.38894    0.38895    0.39296    0.39925    0.40008    0.40258    0.40940    0.41090
   0.41923    0.42131    0.42184
 Eigenvalues (hartree) for nkpt=   1  k points, SPIN DOWN:
 kpt#   1, nband=115, wtk=  1.00000, kpt=  0.0000  0.0000  0.0000 (reduced coord)
  -1.39337   -1.39293   -1.39280   -1.39274   -1.39272   -1.39264   -1.39259   -1.39250
  -1.12263   -1.05216   -1.04849   -1.04586   -0.47274   -0.47222   -0.46735   -0.46687
  -0.45945   -0.45609   -0.45273   -0.45202   -0.41240   -0.41073   -0.40836   -0.40655
  -0.39266   -0.38863   -0.38743   -0.38466   -0.37643   -0.36989   -0.36893   -0.36092
  -0.35316   -0.30947   -0.30867   -0.30843   -0.30742   -0.30695   -0.30369   -0.30345
  -0.02466   -0.01590   -0.01531   -0.01131   -0.01032    0.01892    0.01922    0.02741
   0.02771    0.02799    0.03963    0.04637    0.04761    0.05512    0.06735    0.06841
   0.06866    0.07207    0.07257    0.07822    0.07905    0.08994    0.09058    0.09554
   0.10141    0.10166    0.10449    0.10484    0.11572    0.11590    0.11726    0.12098
   0.12377    0.12414    0.12471    0.12597    0.13381    0.13463    0.13887    0.13911
   0.13928    0.13950    0.13961    0.14019    0.15381    0.16266    0.16339    0.16651
   0.28871    0.29184    0.30046    0.32293    0.33667    0.33739    0.37678    0.38575
   0.38822    0.38834    0.39251    0.39413    0.39843    0.40067    0.41058    0.41081
   0.41564    0.42119    0.42215    0.42508    0.42785    0.42931    0.43102    0.45270
   0.45339    0.46479    0.46494
