 Fermi (or HOMO) energy (hartree) =   0.22150   Average Vxc (hartree)=  -0.38907
 Eigenvalues (hartree) for nkpt=   1  k points, SPIN UP:
 kpt#   1, nband=115, wtk=  1.00000, kpt=  0.0000  0.0000  0.0000 (reduced coord)
  -1.39345   -1.39306   -1.39275   -1.39271   -1.39268   -1.39262   -1.39255   -1.39204
  -1.22943   -1.05224   -1.04859   -1.04594   -0.48980   -0.48785   -0.47396   -0.46688
  -0.46676   -0.45933   -0.45596   -0.45234   -0.45180   -0.43737   -0.43709   -0.41217
  -0.40841   -0.40167   -0.39276   -0.38871   -0.38550   -0.38150   -0.37664   -0.36997
  -0.35309   -0.31256   -0.30956   -0.30873   -0.30817   -0.30744   -0.30477   -0.30378
  -0.02494   -0.01657   -0.01561   -0.01157   -0.01141    0.01846    0.01883    0.02673
   0.02723    0.02779    0.03935    0.04577    0.04663    0.05408    0.06649    0.06819
   0.06829    0.07124    0.07165    0.07804    0.07855    0.08937    0.08978    0.09501
   0.09955    0.10125    0.10436    0.10480    0.11556    0.11572    0.11731    0.12022
   0.12223    0.12274    0.12364    0.12578    0.13397    0.13398    0.13634    0.13876
   0.13892    0.13923    0.13937    0.13947    0.15273    0.16094    0.16238    0.16591
   0.21519    0.21527    0.21601    0.21639    0.21648    0.21724    0.22150    0.27973
   0.29058    0.29670    0.31766    0.32882    0.33816    0.37141    0.38111    0.38245
   0.38892    0.38903    0.39262    0.39910    0.40000    0.40283    0.40955    0.41092
   0.41943    0.42124    0.42182
 Eigenvalues (hartree) for nkpt=   1  k points, SPIN DOWN:
 kpt#   1, nband=115, wtk=  1.00000, kpt=  0.0000  0.0000  0.0000 (reduced coord)
  -1.39347   -1.39306   -1.39273   -1.39270   -1.39269   -1.39261   -1.39254   -1.39203
  -1.12224   -1.05222   -1.04841   -1.04593   -0.47264   -0.47222   -0.46724   -0.46688
  -0.45939   -0.45605   -0.45265   -0.45201   -0.41248   -0.41067   -0.40840   -0.40642
  -0.39273   -0.38868   -0.38725   -0.38456   -0.37647   -0.36996   -0.36859   -0.36067
  -0.35314   -0.30959   -0.30876   -0.30838   -0.30749   -0.30680   -0.30382   -0.30331
  -0.02465   -0.01585   -0.01542   -0.01133   -0.01024    0.01888    0.01925    0.02741
   0.02775    0.02800    0.03956    0.04636    0.04761    0.05517    0.06732    0.06844
   0.06873    0.07206    0.07264    0.07827    0.07907    0.08998    0.09064    0.09558
   0.10143    0.10175    0.10452    0.10486    0.11578    0.11587    0.11732    0.12101
   0.12366    0.12407    0.12481    0.12585    0.13385    0.13458    0.13899    0.13912
   0.13916    0.13944    0.13957    0.14020    0.15379    0.16259    0.16334    0.16644
   0.28874    0.29185    0.30039    0.32299    0.33673    0.33730    0.37682    0.38581
   0.38818    0.38840    0.39217    0.39419    0.39825    0.40061    0.41059    0.41098
   0.41567    0.42118    0.42214    0.42510    0.42778    0.42939    0.43114    0.45256
   0.45349    0.46476    0.46511
