
 **** DERIVATIVE DATABASE ****    
+DDB, Version number  20230401

  Note : temporary (transfer) database

    usepaw         1
     natom        36
      nkpt         1
    nsppol         2
      nsym         1
    ntypat         6
    occopt         2
     nband       115
     acell  0.10000000000000D+01  0.10000000000000D+01  0.10000000000000D+01
       amu  0.15196500000000D+03  0.87620000000000D+02  0.69410000000000D+01
            0.26981539000000D+02  0.14006740000000D+02  0.15999400000000D+02
   dilatmx  0.10000000000000D+01
      ecut  0.10000000000000D+02
 pawecutdg  0.20000000000000D+02
    ecutsm  0.00000000000000D+00
     intxc         0
      iscf        17
       ixc     -1012
       kpt  0.00000000000000D+00  0.00000000000000D+00  0.00000000000000D+00
    kptnrm  0.10000000000000D+01
     ngfft        45   45   36
    nspden         2
   nspinor         1
       occ  0.10000000000000D+01  0.10000000000000D+01  0.10000000000000D+01
            0.10000000000000D+01  0.10000000000000D+01  0.10000000000000D+01
            0.10000000000000D+01  0.10000000000000D+01  0.10000000000000D+01
            0.10000000000000D+01  0.10000000000000D+01  0.10000000000000D+01
            0.10000000000000D+01  0.10000000000000D+01  0.10000000000000D+01
            0.10000000000000D+01  0.10000000000000D+01  0.10000000000000D+01
            0.10000000000000D+01  0.10000000000000D+01  0.10000000000000D+01
            0.10000000000000D+01  0.10000000000000D+01  0.10000000000000D+01
            0.10000000000000D+01  0.10000000000000D+01  0.10000000000000D+01
            0.10000000000000D+01  0.10000000000000D+01  0.10000000000000D+01
            0.10000000000000D+01  0.10000000000000D+01  0.10000000000000D+01
            0.10000000000000D+01  0.10000000000000D+01  0.10000000000000D+01
            0.10000000000000D+01  0.10000000000000D+01  0.10000000000000D+01
            0.10000000000000D+01  0.10000000000000D+01  0.10000000000000D+01
            0.10000000000000D+01  0.10000000000000D+01  0.10000000000000D+01
            0.10000000000000D+01  0.10000000000000D+01  0.10000000000000D+01
            0.10000000000000D+01  0.10000000000000D+01  0.10000000000000D+01
            0.10000000000000D+01  0.10000000000000D+01  0.10000000000000D+01
            0.10000000000000D+01  0.10000000000000D+01  0.10000000000000D+01
            0.10000000000000D+01  0.10000000000000D+01  0.10000000000000D+01
            0.10000000000000D+01  0.10000000000000D+01  0.10000000000000D+01
            0.10000000000000D+01  0.10000000000000D+01  0.10000000000000D+01
            0.10000000000000D+01  0.10000000000000D+01  0.10000000000000D+01
            0.10000000000000D+01  0.10000000000000D+01  0.10000000000000D+01
            0.10000000000000D+01  0.10000000000000D+01  0.10000000000000D+01
            0.10000000000000D+01  0.10000000000000D+01  0.10000000000000D+01
            0.10000000000000D+01  0.10000000000000D+01  0.10000000000000D+01
            0.10000000000000D+01  0.10000000000000D+01  0.10000000000000D+01
            0.10000000000000D+01  0.10000000000000D+01  0.10000000000000D+01
            0.10000000000000D+01  0.10000000000000D+01  0.10000000000000D+01
            0.10000000000000D+01  0.10000000000000D+01  0.10000000000000D+01
            0.10000000000000D+01  0.10000000000000D+01  0.00000000000000D+00
            0.00000000000000D+00  0.00000000000000D+00  0.00000000000000D+00
            0.00000000000000D+00  0.00000000000000D+00  0.00000000000000D+00
            0.00000000000000D+00  0.00000000000000D+00  0.00000000000000D+00
            0.00000000000000D+00  0.00000000000000D+00  0.00000000000000D+00
            0.00000000000000D+00  0.00000000000000D+00  0.00000000000000D+00
            0.00000000000000D+00  0.00000000000000D+00  0.00000000000000D+00
            0.00000000000000D+00
     rprim  0.15040330225900D+02  0.00000000000000D+00  0.00000000000000D+00
            0.00000000000000D+00  0.15040330225900D+02  0.00000000000000D+00
            0.00000000000000D+00  0.00000000000000D+00  0.12033775961600D+02
  dfpt_sciss  0.00000000000000D+00
    spinat  0.00000000000000D+00  0.00000000000000D+00  0.00000000000000D+00
            0.00000000000000D+00  0.00000000000000D+00  0.00000000000000D+00
            0.00000000000000D+00  0.00000000000000D+00  0.00000000000000D+00
            0.00000000000000D+00  0.00000000000000D+00  0.00000000000000D+00
            0.00000000000000D+00  0.00000000000000D+00  0.00000000000000D+00
            0.00000000000000D+00  0.00000000000000D+00  0.00000000000000D+00
            0.00000000000000D+00  0.00000000000000D+00  0.00000000000000D+00
            0.00000000000000D+00  0.00000000000000D+00  0.00000000000000D+00
            0.00000000000000D+00  0.00000000000000D+00  0.00000000000000D+00
            0.00000000000000D+00  0.00000000000000D+00  0.00000000000000D+00
            0.00000000000000D+00  0.00000000000000D+00  0.00000000000000D+00
            0.00000000000000D+00  0.00000000000000D+00  0.00000000000000D+00
            0.00000000000000D+00  0.00000000000000D+00  0.00000000000000D+00
            0.00000000000000D+00  0.00000000000000D+00  0.00000000000000D+00
            0.00000000000000D+00  0.00000000000000D+00  0.00000000000000D+00
            0.00000000000000D+00  0.00000000000000D+00  0.00000000000000D+00
            0.00000000000000D+00  0.00000000000000D+00  0.00000000000000D+00
            0.00000000000000D+00  0.00000000000000D+00  0.00000000000000D+00
            0.00000000000000D+00  0.00000000000000D+00  0.00000000000000D+00
            0.00000000000000D+00  0.00000000000000D+00  0.00000000000000D+00
            0.00000000000000D+00  0.00000000000000D+00  0.00000000000000D+00
            0.00000000000000D+00  0.00000000000000D+00  0.00000000000000D+00
            0.00000000000000D+00  0.00000000000000D+00  0.00000000000000D+00
            0.00000000000000D+00  0.00000000000000D+00  0.00000000000000D+00
            0.00000000000000D+00  0.00000000000000D+00  0.00000000000000D+00
            0.00000000000000D+00  0.00000000000000D+00  0.00000000000000D+00
            0.00000000000000D+00  0.00000000000000D+00  0.00000000000000D+00
            0.00000000000000D+00  0.00000000000000D+00  0.00000000000000D+00
            0.00000000000000D+00  0.00000000000000D+00  0.00000000000000D+00
            0.00000000000000D+00  0.00000000000000D+00  0.00000000000000D+00
            0.00000000000000D+00  0.00000000000000D+00  0.00000000000000D+00
            0.00000000000000D+00  0.00000000000000D+00  0.00000000000000D+00
            0.00000000000000D+00  0.00000000000000D+00  0.00000000000000D+00
            0.00000000000000D+00  0.00000000000000D+00  0.00000000000000D+00
            0.00000000000000D+00  0.00000000000000D+00  0.00000000000000D+00
            0.00000000000000D+00  0.00000000000000D+00  0.00000000000000D+00
    symafm         1
    symrel         1    0    0    0    1    0    0    0    1
     tnons  0.00000000000000D+00  0.00000000000000D+00  0.00000000000000D+00
    tolwfr  0.10000000000000D+01
   tphysel  0.00000000000000D+00
    tsmear  0.10000000000000D-01
     typat         1    2    2    2    3    3    3    3    3    3    3    3
                   4    4    4    4    4    4    4    4    5    5    5    5
                   5    5    5    5    6    6    6    6    6    6    6    6
       wtk  0.10000000000000D+01
      xred  0.50000000000000D+00  0.00000000000000D+00  0.25000000000000D+00
            0.50000000000000D+00  0.00000000000000D+00  0.75000000000000D+00
            0.10000000000000D+01  0.50000000000000D+00  0.11890596229000D-03
            0.10000000000000D+01  0.50000000000000D+00  0.49988109400000D+00
            0.12744374710000D+00  0.82536213210000D+00  0.25000000000000D+00
            0.12704638640000D+00  0.82502282330000D+00  0.75000000000000D+00
            0.87255625290000D+00  0.17463786790000D+00  0.25000000000000D+00
            0.87295361360000D+00  0.17497717670000D+00  0.75000000000000D+00
            0.17499169840000D+00  0.12728967160000D+00  0.28739574230000D-03
            0.17499169840000D+00  0.12728967160000D+00  0.49971260430000D+00
            0.82500830160000D+00  0.87271032840000D+00  0.28739574230000D-03
            0.82500830160000D+00  0.87271032840000D+00  0.49971260430000D+00
            0.35173806670000D+00  0.68241995630000D+00  0.21289163617000D-03
            0.35173806670000D+00  0.68241995630000D+00  0.49978710840000D+00
            0.64826193330000D+00  0.31758004370000D+00  0.21289163617000D-03
            0.64826193330000D+00  0.31758004370000D+00  0.49978710840000D+00
            0.31780576680000D+00  0.35109081090000D+00  0.25000000000000D+00
            0.31777456060000D+00  0.35154217070000D+00  0.75000000000000D+00
            0.68219423320000D+00  0.64890918910000D+00  0.25000000000000D+00
            0.68222543940000D+00  0.64845782930000D+00  0.75000000000000D+00
            0.58430476540000D+00  0.73091011390000D+00  0.99992821440000D+00
            0.58430476540000D+00  0.73091011390000D+00  0.50007178560000D+00
            0.41569523460000D+00  0.26908988610000D+00  0.99992821440000D+00
            0.41569523460000D+00  0.26908988610000D+00  0.50007178560000D+00
            0.27019712620000D+00  0.58410218790000D+00  0.25000000000000D+00
            0.27041286440000D+00  0.58437089430000D+00  0.75000000000000D+00
            0.72980287380000D+00  0.41589781210000D+00  0.25000000000000D+00
            0.72958713560000D+00  0.41562910570000D+00  0.75000000000000D+00
            0.25250920030000D+00  0.88699605780000D+00  0.10014876926000D+01
            0.25250920030000D+00  0.88699605780000D+00  0.50008265920000D+00
            0.74749079970000D+00  0.11300394220000D+00  0.99991734080000D+00
            0.74749079970000D+00  0.11300394220000D+00  0.50008265920000D+00
            0.11279815010000D+00  0.25309031310000D+00  0.25000000000000D+00
            0.11273121590000D+00  0.25349138290000D+00  0.75000000000000D+00
            0.88720184990000D+00  0.74690968690000D+00  0.25000000000000D+00
            0.88726878410000D+00  0.74650861710000D+00  0.75000000000000D+00
     znucl  0.63000000000000D+02  0.38000000000000D+02  0.30000000000000D+01
            0.13000000000000D+02  0.70000000000000D+01  0.80000000000000D+01
      zion  0.17000000000000D+02  0.10000000000000D+02  0.30000000000000D+01
            0.30000000000000D+01  0.50000000000000D+01  0.60000000000000D+01
 
 No information on the potentials yet 
 
 **** Database of total energy derivatives ****
 Number of data blocks=    2
  
 1st derivatives              - # elements :         114
     1     1  0.55769327554240D-03  0.00000000000000D+00
     2     1  0.19672851195966D-03  0.00000000000000D+00
     3     1 -0.20784248859082D-03  0.00000000000000D+00
     1     2 -0.88752822419026D-03  0.00000000000000D+00
     2     2 -0.44312741151511D-03  0.00000000000000D+00
     3     2 -0.15463888728378D-03  0.00000000000000D+00
     1     3  0.30897207146699D-04  0.00000000000000D+00
     2     3  0.19772422266040D-04  0.00000000000000D+00
     3     3 -0.22600321851482D-03  0.00000000000000D+00
     1     4  0.25737243595770D-04  0.00000000000000D+00
     2     4  0.17508096323937D-04  0.00000000000000D+00
     3     4  0.21336610626913D-03  0.00000000000000D+00
     1     5  0.37454997699973D-02  0.00000000000000D+00
     2     5  0.43598775590782D-02  0.00000000000000D+00
     3     5 -0.25343174969670D-02  0.00000000000000D+00
     1     6  0.20553800192865D-02  0.00000000000000D+00
     2     6  0.33995269572480D-02  0.00000000000000D+00
     3     6 -0.21622293050908D-02  0.00000000000000D+00
     1     7 -0.34302900068784D-02  0.00000000000000D+00
     2     7 -0.36397515050569D-02  0.00000000000000D+00
     3     7  0.58163134339249D-05  0.00000000000000D+00
     1     8 -0.19688165628830D-02  0.00000000000000D+00
     2     8 -0.39155186466618D-02  0.00000000000000D+00
     3     8  0.28126747091474D-04  0.00000000000000D+00
     1     9 -0.21968195609476D-02  0.00000000000000D+00
     2     9  0.35795944616513D-02  0.00000000000000D+00
     3     9 -0.10441130523044D-02  0.00000000000000D+00
     1    10 -0.22203750214210D-02  0.00000000000000D+00
     2    10  0.36357250208263D-02  0.00000000000000D+00
     3    10 -0.17989753566269D-03  0.00000000000000D+00
     1    11  0.22583922603825D-02  0.00000000000000D+00
     2    11 -0.36751913219171D-02  0.00000000000000D+00
     3    11  0.55129357919336D-03  0.00000000000000D+00
     1    12  0.22553493935499D-02  0.00000000000000D+00
     2    12 -0.36919731621980D-02  0.00000000000000D+00
     3    12 -0.64342480611667D-03  0.00000000000000D+00
     1    13 -0.77939505800767D-02  0.00000000000000D+00
     2    13 -0.73863069249771D-02  0.00000000000000D+00
     3    13 -0.49205323710114D-02  0.00000000000000D+00
     1    14 -0.77915914378508D-02  0.00000000000000D+00
     2    14 -0.75664083955673D-02  0.00000000000000D+00
     3    14  0.60901072097429D-03  0.00000000000000D+00
     1    15  0.77200605986053D-02  0.00000000000000D+00
     2    15  0.76464190810320D-02  0.00000000000000D+00
     3    15  0.12125342430415D-02  0.00000000000000D+00
     1    16  0.77274107011122D-02  0.00000000000000D+00
     2    16  0.77042484590020D-02  0.00000000000000D+00
     3    16 -0.12244038911831D-02  0.00000000000000D+00
     1    17  0.64044311949057D-02  0.00000000000000D+00
     2    17 -0.12334883108376D-01  0.00000000000000D+00
     3    17 -0.18580505880457D-03  0.00000000000000D+00
     1    18  0.54147130196747D-02  0.00000000000000D+00
     2    18 -0.94050078422676D-02  0.00000000000000D+00
     3    18 -0.16128472152225D-03  0.00000000000000D+00
     1    19 -0.55979870160145D-02  0.00000000000000D+00
     2    19  0.11500154357049D-01  0.00000000000000D+00
     3    19 -0.80861816425722D-04  0.00000000000000D+00
     1    20 -0.62836415461730D-02  0.00000000000000D+00
     2    20  0.10286933793172D-01  0.00000000000000D+00
     3    20 -0.42311038170791D-04  0.00000000000000D+00
     1    21  0.64940594253703D-02  0.00000000000000D+00
     2    21  0.38025277086590D-02  0.00000000000000D+00
     3    21 -0.12472380223843D-02  0.00000000000000D+00
     1    22  0.64322294712830D-02  0.00000000000000D+00
     2    22  0.38404205067506D-02  0.00000000000000D+00
     3    22  0.17649724757513D-02  0.00000000000000D+00
     1    23 -0.63701803400141D-02  0.00000000000000D+00
     2    23 -0.38253264750106D-02  0.00000000000000D+00
     3    23 -0.14611538036871D-02  0.00000000000000D+00
     1    24 -0.63635572600125D-02  0.00000000000000D+00
     2    24 -0.38568206080429D-02  0.00000000000000D+00
     3    24  0.14643178797668D-02  0.00000000000000D+00
     1    25 -0.34070281564530D-02  0.00000000000000D+00
     2    25  0.12682856485486D-01  0.00000000000000D+00
     3    25 -0.44912243401686D-03  0.00000000000000D+00
     1    26 -0.45439485960447D-02  0.00000000000000D+00
     2    26  0.18692485595418D-02  0.00000000000000D+00
     3    26 -0.51338784785233D-03  0.00000000000000D+00
     1    27  0.30181494726275D-02  0.00000000000000D+00
     2    27 -0.97974895915784D-02  0.00000000000000D+00
     3    27  0.17530674542887D-04  0.00000000000000D+00
     1    28  0.49597177382063D-02  0.00000000000000D+00
     2    28 -0.49390912481153D-02  0.00000000000000D+00
     3    28 -0.10162996129835D-04  0.00000000000000D+00
     1    29 -0.53025932889532D-02  0.00000000000000D+00
     2    29 -0.24888418452178D-01  0.00000000000000D+00
     3    29  0.18330130061620D-01  0.00000000000000D+00
     1    30 -0.49518626652084D-02  0.00000000000000D+00
     2    30 -0.24890442487878D-01  0.00000000000000D+00
     3    30 -0.48045432913871D-02  0.00000000000000D+00
     1    31  0.49690607040345D-02  0.00000000000000D+00
     2    31  0.24875780964331D-01  0.00000000000000D+00
     3    31  0.10304579363889D-03  0.00000000000000D+00
     1    32  0.48495660864837D-02  0.00000000000000D+00
     2    32  0.24809014274507D-01  0.00000000000000D+00
     3    32 -0.27663098956337D-03  0.00000000000000D+00
     1    33  0.22327072587751D-01  0.00000000000000D+00
     2    33 -0.11314128809836D-01  0.00000000000000D+00
     3    33 -0.13428807363302D-03  0.00000000000000D+00
     1    34  0.20015875929124D-01  0.00000000000000D+00
     2    34 -0.78615416158830D-02  0.00000000000000D+00
     3    34 -0.15398022141271D-03  0.00000000000000D+00
     1    35 -0.21017258247358D-01  0.00000000000000D+00
     2    35  0.11237841143129D-01  0.00000000000000D+00
     3    35 -0.14117598749983D-03  0.00000000000000D+00
     1    36 -0.21395070186477D-01  0.00000000000000D+00
     2    36  0.79718943654345D-02  0.00000000000000D+00
     3    36 -0.15801339585779D-03  0.00000000000000D+00
     1    39  0.26501871060475D-02  0.00000000000000D+00
     2    39  0.26526050208857D-02  0.00000000000000D+00
     3    39  0.24355949859325D-02  0.00000000000000D+00
     1    40  0.69429112319450D-06  0.00000000000000D+00
     2    40  0.29032381290265D-06  0.00000000000000D+00
     3    40 -0.16669784770533D-05  0.00000000000000D+00
  
 Total energy                 - # elements :           1
 -0.47548224943744D+03  0.00000000000000D+00
