
 **** DERIVATIVE DATABASE ****    
+DDB, Version number  20230401

  Note : temporary (transfer) database

    usepaw         1
     natom        36
      nkpt         1
    nsppol         2
      nsym         4
    ntypat         6
    occopt         2
     nband       115
     acell  0.10000000000000D+01  0.10000000000000D+01  0.10000000000000D+01
       amu  0.15196500000000D+03  0.87620000000000D+02  0.69410000000000D+01
            0.26981539000000D+02  0.14006740000000D+02  0.15999400000000D+02
   dilatmx  0.10000000000000D+01
      ecut  0.10000000000000D+02
 pawecutdg  0.20000000000000D+02
    ecutsm  0.00000000000000D+00
     intxc         0
      iscf        17
       ixc     -1012
       kpt  0.00000000000000D+00  0.00000000000000D+00  0.00000000000000D+00
    kptnrm  0.10000000000000D+01
     ngfft        45   45   36
    nspden         2
   nspinor         1
       occ  0.10000000000000D+01  0.10000000000000D+01  0.10000000000000D+01
            0.10000000000000D+01  0.10000000000000D+01  0.10000000000000D+01
            0.10000000000000D+01  0.10000000000000D+01  0.10000000000000D+01
            0.10000000000000D+01  0.10000000000000D+01  0.10000000000000D+01
            0.10000000000000D+01  0.10000000000000D+01  0.10000000000000D+01
            0.10000000000000D+01  0.10000000000000D+01  0.10000000000000D+01
            0.10000000000000D+01  0.10000000000000D+01  0.10000000000000D+01
            0.10000000000000D+01  0.10000000000000D+01  0.10000000000000D+01
            0.10000000000000D+01  0.10000000000000D+01  0.10000000000000D+01
            0.10000000000000D+01  0.10000000000000D+01  0.10000000000000D+01
            0.10000000000000D+01  0.10000000000000D+01  0.10000000000000D+01
            0.10000000000000D+01  0.10000000000000D+01  0.10000000000000D+01
            0.10000000000000D+01  0.10000000000000D+01  0.10000000000000D+01
            0.10000000000000D+01  0.10000000000000D+01  0.10000000000000D+01
            0.10000000000000D+01  0.10000000000000D+01  0.10000000000000D+01
            0.10000000000000D+01  0.10000000000000D+01  0.10000000000000D+01
            0.10000000000000D+01  0.10000000000000D+01  0.10000000000000D+01
            0.10000000000000D+01  0.10000000000000D+01  0.10000000000000D+01
            0.10000000000000D+01  0.10000000000000D+01  0.10000000000000D+01
            0.10000000000000D+01  0.10000000000000D+01  0.10000000000000D+01
            0.10000000000000D+01  0.10000000000000D+01  0.10000000000000D+01
            0.10000000000000D+01  0.10000000000000D+01  0.10000000000000D+01
            0.10000000000000D+01  0.10000000000000D+01  0.10000000000000D+01
            0.10000000000000D+01  0.10000000000000D+01  0.10000000000000D+01
            0.10000000000000D+01  0.10000000000000D+01  0.10000000000000D+01
            0.10000000000000D+01  0.10000000000000D+01  0.10000000000000D+01
            0.10000000000000D+01  0.10000000000000D+01  0.10000000000000D+01
            0.10000000000000D+01  0.10000000000000D+01  0.10000000000000D+01
            0.10000000000000D+01  0.10000000000000D+01  0.10000000000000D+01
            0.10000000000000D+01  0.10000000000000D+01  0.10000000000000D+01
            0.10000000000000D+01  0.10000000000000D+01  0.10000000000000D+01
            0.10000000000000D+01  0.00000000000000D+00  0.10000000000000D+01
            0.00000000000000D+00  0.00000000000000D+00  0.00000000000000D+00
            0.00000000000000D+00  0.00000000000000D+00  0.00000000000000D+00
            0.00000000000000D+00  0.00000000000000D+00  0.00000000000000D+00
            0.00000000000000D+00  0.00000000000000D+00  0.00000000000000D+00
            0.00000000000000D+00  0.00000000000000D+00  0.00000000000000D+00
            0.00000000000000D+00  0.00000000000000D+00  0.00000000000000D+00
            0.00000000000000D+00
     rprim  0.15040330226000D+02  0.00000000000000D+00  0.00000000000000D+00
            0.00000000000000D+00  0.15040330226000D+02  0.00000000000000D+00
            0.00000000000000D+00  0.00000000000000D+00  0.12033775962000D+02
  dfpt_sciss  0.00000000000000D+00
    spinat  0.00000000000000D+00  0.00000000000000D+00  0.70000000000000D+01
            0.00000000000000D+00  0.00000000000000D+00  0.00000000000000D+00
            0.00000000000000D+00  0.00000000000000D+00  0.00000000000000D+00
            0.00000000000000D+00  0.00000000000000D+00  0.00000000000000D+00
            0.00000000000000D+00  0.00000000000000D+00  0.00000000000000D+00
            0.00000000000000D+00  0.00000000000000D+00  0.00000000000000D+00
            0.00000000000000D+00  0.00000000000000D+00  0.00000000000000D+00
            0.00000000000000D+00  0.00000000000000D+00  0.00000000000000D+00
            0.00000000000000D+00  0.00000000000000D+00  0.00000000000000D+00
            0.00000000000000D+00  0.00000000000000D+00  0.00000000000000D+00
            0.00000000000000D+00  0.00000000000000D+00  0.00000000000000D+00
            0.00000000000000D+00  0.00000000000000D+00  0.00000000000000D+00
            0.00000000000000D+00  0.00000000000000D+00  0.00000000000000D+00
            0.00000000000000D+00  0.00000000000000D+00  0.00000000000000D+00
            0.00000000000000D+00  0.00000000000000D+00  0.00000000000000D+00
            0.00000000000000D+00  0.00000000000000D+00  0.00000000000000D+00
            0.00000000000000D+00  0.00000000000000D+00  0.00000000000000D+00
            0.00000000000000D+00  0.00000000000000D+00  0.00000000000000D+00
            0.00000000000000D+00  0.00000000000000D+00  0.00000000000000D+00
            0.00000000000000D+00  0.00000000000000D+00  0.00000000000000D+00
            0.00000000000000D+00  0.00000000000000D+00  0.00000000000000D+00
            0.00000000000000D+00  0.00000000000000D+00  0.00000000000000D+00
            0.00000000000000D+00  0.00000000000000D+00  0.00000000000000D+00
            0.00000000000000D+00  0.00000000000000D+00  0.00000000000000D+00
            0.00000000000000D+00  0.00000000000000D+00  0.00000000000000D+00
            0.00000000000000D+00  0.00000000000000D+00  0.00000000000000D+00
            0.00000000000000D+00  0.00000000000000D+00  0.00000000000000D+00
            0.00000000000000D+00  0.00000000000000D+00  0.00000000000000D+00
            0.00000000000000D+00  0.00000000000000D+00  0.00000000000000D+00
            0.00000000000000D+00  0.00000000000000D+00  0.00000000000000D+00
            0.00000000000000D+00  0.00000000000000D+00  0.00000000000000D+00
            0.00000000000000D+00  0.00000000000000D+00  0.00000000000000D+00
            0.00000000000000D+00  0.00000000000000D+00  0.00000000000000D+00
            0.00000000000000D+00  0.00000000000000D+00  0.00000000000000D+00
            0.00000000000000D+00  0.00000000000000D+00  0.00000000000000D+00
            0.00000000000000D+00  0.00000000000000D+00  0.00000000000000D+00
    symafm         1    1    1    1
    symrel         1    0    0    0    1    0    0    0    1
                  -1    0    0    0   -1    0    0    0   -1
                  -1    0    0    0   -1    0    0    0    1
                   1    0    0    0    1    0    0    0   -1
     tnons  0.00000000000000D+00  0.00000000000000D+00  0.00000000000000D+00
           -0.22204460492503D-15  0.00000000000000D+00  0.50000000000000D+00
           -0.22204460492503D-15  0.00000000000000D+00  0.00000000000000D+00
            0.00000000000000D+00  0.00000000000000D+00  0.50000000000000D+00
    tolwfr  0.10000000000000D+01
   tphysel  0.00000000000000D+00
    tsmear  0.10000000000000D-01
     typat         1    2    2    2    3    3    3    3    3    3    3    3
                   4    4    4    4    4    4    4    4    5    5    5    5
                   5    5    5    5    6    6    6    6    6    6    6    6
       wtk  0.10000000000000D+01
      xred  0.50000000000000D+00  0.00000000000000D+00  0.25000000000000D+00
            0.50000000000000D+00  0.00000000000000D+00  0.75000000000000D+00
           -0.55511151231258D-16  0.50000000000000D+00  0.61311898916000D-03
           -0.55511151231258D-16  0.50000000000000D+00  0.49938688101084D+00
            0.12605242040000D+00  0.82430014210000D+00  0.25000000000000D+00
            0.12777627950000D+00  0.82537934940000D+00  0.75000000000000D+00
            0.87394757960000D+00  0.17569985790000D+00  0.25000000000000D+00
            0.87222372050000D+00  0.17462065060000D+00  0.75000000000000D+00
            0.17539738150000D+00  0.12686404180000D+00  0.85087709285999D-03
            0.17539738150000D+00  0.12686404180000D+00  0.49914912290714D+00
            0.82460261850000D+00  0.87313595820000D+00  0.85087709285999D-03
            0.82460261850000D+00  0.87313595820000D+00  0.49914912290714D+00
            0.35203996210000D+00  0.68291239220000D+00  0.18886828000000D-02
            0.35203996210000D+00  0.68291239220000D+00  0.49811131720000D+00
            0.64796003790000D+00  0.31708760780000D+00  0.18886828000000D-02
            0.64796003790000D+00  0.31708760780000D+00  0.49811131720000D+00
            0.31701361750000D+00  0.35010556390000D+00  0.25000000000000D+00
            0.31900718645000D+00  0.34816669410000D+00  0.75000000000000D+00
            0.68298638250000D+00  0.64989443610000D+00  0.25000000000000D+00
            0.68099281355000D+00  0.65183330590000D+00  0.75000000000000D+00
            0.58358556240000D+00  0.73623256920000D+00  0.26480001000000D-02
            0.58358556240000D+00  0.73623256920000D+00  0.49735199990000D+00
            0.41641443760000D+00  0.26376743080000D+00  0.26480001000000D-02
            0.41641443760000D+00  0.26376743080000D+00  0.49735199990000D+00
            0.26789216920000D+00  0.58226869810000D+00  0.25000000000000D+00
            0.27253330700000D+00  0.58279996400000D+00  0.75000000000000D+00
            0.73210783080000D+00  0.41773130190000D+00  0.25000000000000D+00
            0.72746669300000D+00  0.41720003600000D+00  0.75000000000000D+00
            0.25466758680000D+00  0.88774945870000D+00  0.67231791000000D-02
            0.25466758680000D+00  0.88774945870000D+00  0.49327682090000D+00
            0.74533241320000D+00  0.11225054130000D+00  0.67231791000000D-02
            0.74533241320000D+00  0.11225054130000D+00  0.49327682090000D+00
            0.11254617830000D+00  0.25249398400000D+00  0.25000000000000D+00
            0.11265353960000D+00  0.25200324805000D+00  0.75000000000000D+00
            0.88745382170000D+00  0.74750601600000D+00  0.25000000000000D+00
            0.88734646040000D+00  0.74799675195000D+00  0.75000000000000D+00
     znucl  0.63000000000000D+02  0.38000000000000D+02  0.30000000000000D+01
            0.13000000000000D+02  0.70000000000000D+01  0.80000000000000D+01
      zion  0.17000000000000D+02  0.10000000000000D+02  0.30000000000000D+01
            0.30000000000000D+01  0.50000000000000D+01  0.60000000000000D+01
 
 No information on the potentials yet 
 
 **** Database of total energy derivatives ****
 Number of data blocks=    2
  
 1st derivatives              - # elements :         114
     1     1  0.00000000000000D+00  0.00000000000000D+00
     2     1  0.00000000000000D+00  0.00000000000000D+00
     3     1  0.00000000000000D+00  0.00000000000000D+00
     1     2  0.00000000000000D+00  0.00000000000000D+00
     2     2  0.00000000000000D+00  0.00000000000000D+00
     3     2  0.00000000000000D+00  0.00000000000000D+00
     1     3  0.20194839173658D-27  0.00000000000000D+00
     2     3  0.80779356694632D-27  0.00000000000000D+00
     3     3  0.46433827207728D-02  0.00000000000000D+00
     1     4 -0.20194839173658D-27  0.00000000000000D+00
     2     4 -0.80779356694632D-27  0.00000000000000D+00
     3     4 -0.46433827207728D-02  0.00000000000000D+00
     1     5  0.56450019239372D-02  0.00000000000000D+00
     2     5  0.44913200629068D-02  0.00000000000000D+00
     3     5  0.00000000000000D+00  0.00000000000000D+00
     1     6 -0.44532643585419D-02  0.00000000000000D+00
     2     6 -0.34771013234626D-02  0.00000000000000D+00
     3     6  0.00000000000000D+00  0.00000000000000D+00
     1     7 -0.56450019239372D-02  0.00000000000000D+00
     2     7 -0.44913200629068D-02  0.00000000000000D+00
     3     7  0.00000000000000D+00  0.00000000000000D+00
     1     8  0.44532643585419D-02  0.00000000000000D+00
     2     8  0.34771013234626D-02  0.00000000000000D+00
     3     8  0.00000000000000D+00  0.00000000000000D+00
     1     9 -0.13790534390946D-02  0.00000000000000D+00
     2     9  0.71000212762885D-02  0.00000000000000D+00
     3     9 -0.15408054559297D-02  0.00000000000000D+00
     1    10 -0.13790534390946D-02  0.00000000000000D+00
     2    10  0.71000212762885D-02  0.00000000000000D+00
     3    10  0.15408054559297D-02  0.00000000000000D+00
     1    11  0.13790534390946D-02  0.00000000000000D+00
     2    11 -0.71000212762885D-02  0.00000000000000D+00
     3    11 -0.15408054559297D-02  0.00000000000000D+00
     1    12  0.13790534390946D-02  0.00000000000000D+00
     2    12 -0.71000212762885D-02  0.00000000000000D+00
     3    12  0.15408054559297D-02  0.00000000000000D+00
     1    13 -0.24737331566230D-02  0.00000000000000D+00
     2    13  0.62978284016346D-02  0.00000000000000D+00
     3    13 -0.84869641286005D-03  0.00000000000000D+00
     1    14 -0.24737331566230D-02  0.00000000000000D+00
     2    14  0.62978284016346D-02  0.00000000000000D+00
     3    14  0.84869641286005D-03  0.00000000000000D+00
     1    15  0.24737331566230D-02  0.00000000000000D+00
     2    15 -0.62978284016346D-02  0.00000000000000D+00
     3    15 -0.84869641286005D-03  0.00000000000000D+00
     1    16  0.24737331566230D-02  0.00000000000000D+00
     2    16 -0.62978284016346D-02  0.00000000000000D+00
     3    16  0.84869641286005D-03  0.00000000000000D+00
     1    17  0.31920818150873D-03  0.00000000000000D+00
     2    17 -0.42584438651273D-02  0.00000000000000D+00
     3    17  0.00000000000000D+00  0.00000000000000D+00
     1    18  0.11864215174075D-01  0.00000000000000D+00
     2    18 -0.73792898169892D-02  0.00000000000000D+00
     3    18  0.00000000000000D+00  0.00000000000000D+00
     1    19 -0.31920818150873D-03  0.00000000000000D+00
     2    19  0.42584438651273D-02  0.00000000000000D+00
     3    19  0.00000000000000D+00  0.00000000000000D+00
     1    20 -0.11864215174075D-01  0.00000000000000D+00
     2    20  0.73792898169892D-02  0.00000000000000D+00
     3    20  0.00000000000000D+00  0.00000000000000D+00
     1    21  0.94423543775566D-02  0.00000000000000D+00
     2    21  0.15767448938848D-01  0.00000000000000D+00
     3    21 -0.96945402795741D-02  0.00000000000000D+00
     1    22  0.94423543775566D-02  0.00000000000000D+00
     2    22  0.15767448938848D-01  0.00000000000000D+00
     3    22  0.96945402795741D-02  0.00000000000000D+00
     1    23 -0.94423543775566D-02  0.00000000000000D+00
     2    23 -0.15767448938848D-01  0.00000000000000D+00
     3    23 -0.96945402795741D-02  0.00000000000000D+00
     1    24 -0.94423543775566D-02  0.00000000000000D+00
     2    24 -0.15767448938848D-01  0.00000000000000D+00
     3    24  0.96945402795741D-02  0.00000000000000D+00
     1    25 -0.21714327185801D-01  0.00000000000000D+00
     2    25  0.11100254667837D-01  0.00000000000000D+00
     3    25  0.00000000000000D+00  0.00000000000000D+00
     1    26 -0.33312114987173D-01  0.00000000000000D+00
     2    26 -0.62221397269961D-03  0.00000000000000D+00
     3    26  0.12924697071141D-25  0.00000000000000D+00
     1    27  0.21714327185801D-01  0.00000000000000D+00
     2    27 -0.11100254667837D-01  0.00000000000000D+00
     3    27  0.00000000000000D+00  0.00000000000000D+00
     1    28  0.33312114987173D-01  0.00000000000000D+00
     2    28  0.62221397269961D-03  0.00000000000000D+00
     3    28 -0.12924697071141D-25  0.00000000000000D+00
     1    29 -0.10452147636423D-02  0.00000000000000D+00
     2    29 -0.14404555417848D-01  0.00000000000000D+00
     3    29  0.69567671512064D-02  0.00000000000000D+00
     1    30 -0.10452147636423D-02  0.00000000000000D+00
     2    30 -0.14404555417848D-01  0.00000000000000D+00
     3    30 -0.69567671512064D-02  0.00000000000000D+00
     1    31  0.10452147636423D-02  0.00000000000000D+00
     2    31  0.14404555417848D-01  0.00000000000000D+00
     3    31  0.69567671512064D-02  0.00000000000000D+00
     1    32  0.10452147636423D-02  0.00000000000000D+00
     2    32  0.14404555417848D-01  0.00000000000000D+00
     3    32 -0.69567671512064D-02  0.00000000000000D+00
     1    33  0.30450191160752D-01  0.00000000000000D+00
     2    33 -0.23356274133013D-02  0.00000000000000D+00
     3    33 -0.16155871338926D-26  0.00000000000000D+00
     1    34  0.17151714983218D-01  0.00000000000000D+00
     2    34 -0.62760373954073D-02  0.00000000000000D+00
     3    34 -0.80779356694632D-27  0.00000000000000D+00
     1    35 -0.30450191160752D-01  0.00000000000000D+00
     2    35  0.23356274133013D-02  0.00000000000000D+00
     3    35  0.16155871338926D-26  0.00000000000000D+00
     1    36 -0.17151714983218D-01  0.00000000000000D+00
     2    36  0.62760373954073D-02  0.00000000000000D+00
     3    36  0.80779356694632D-27  0.00000000000000D+00
     1    39  0.26648464780885D-02  0.00000000000000D+00
     2    39  0.26940587312723D-02  0.00000000000000D+00
     3    39  0.25169067721376D-02  0.00000000000000D+00
     1    40  0.00000000000000D+00  0.00000000000000D+00
     2    40  0.00000000000000D+00  0.00000000000000D+00
     3    40 -0.26140266118000D-05  0.00000000000000D+00
  
 Total energy                 - # elements :           1
 -0.47542751027298D+03  0.00000000000000D+00
