 Fermi (or HOMO) energy (hartree) =   0.26623   Average Vxc (hartree)=  -0.38973
 Eigenvalues (hartree) for nkpt=   1  k points, SPIN UP:
 kpt#   1, nband=115, wtk=  1.00000, kpt=  0.0000  0.0000  0.0000 (reduced coord)
  -1.40118   -1.40088   -1.39246   -1.39209   -1.39207   -1.39191   -1.38917   -1.38892
  -1.35005   -1.04839   -1.04209   -1.02254   -0.56451   -0.56306   -0.56078   -0.47085
  -0.46533   -0.46089   -0.45743   -0.45640   -0.45428   -0.45155   -0.45095   -0.40919
  -0.40599   -0.38920   -0.38548   -0.38505   -0.37391   -0.36621   -0.36578   -0.36238
  -0.35243   -0.31153   -0.30969   -0.30953   -0.30785   -0.30585   -0.30384   -0.30222
  -0.02636   -0.02590   -0.02543   -0.02268   -0.01815   -0.01405   -0.01051   -0.01014
   0.00444    0.00484    0.00920    0.01951    0.02086    0.02438    0.02813    0.02847
   0.03739    0.04349    0.04599    0.05300    0.06446    0.06730    0.06860    0.06982
   0.07197    0.07644    0.07872    0.08738    0.09008    0.09667    0.09889    0.10109
   0.10332    0.10513    0.11376    0.11620    0.11730    0.11738    0.12052    0.12295
   0.12461    0.12715    0.13320    0.13382    0.13635    0.13750    0.13843    0.13908
   0.14023    0.14037    0.15391    0.16136    0.16252    0.16409    0.21000    0.26623
   0.28704    0.28873    0.31054    0.32091    0.33699    0.36204    0.36952    0.38152
   0.38659    0.38761    0.38914    0.38944    0.39449    0.39549    0.39664    0.41110
   0.41824    0.42022    0.42200
 Eigenvalues (hartree) for nkpt=   1  k points, SPIN DOWN:
 kpt#   1, nband=115, wtk=  1.00000, kpt=  0.0000  0.0000  0.0000 (reduced coord)
  -1.40120   -1.40089   -1.39243   -1.39207   -1.39205   -1.39189   -1.38916   -1.38891
  -1.24991   -1.04796   -1.04169   -1.01979   -0.50285   -0.49346   -0.49155   -0.47030
  -0.46497   -0.46102   -0.45636   -0.45467   -0.45144   -0.44422   -0.43989   -0.40864
  -0.40520   -0.38880   -0.38513   -0.38206   -0.37352   -0.36502   -0.36019   -0.35774
  -0.35243   -0.31010   -0.30974   -0.30954   -0.30784   -0.30574   -0.30343   -0.30216
  -0.02514   -0.01654   -0.01467   -0.01039   -0.00979    0.01784    0.01878    0.02576
   0.02747    0.02867    0.03788    0.04473    0.04666    0.05540    0.06594    0.06800
   0.06814    0.07024    0.07238    0.07693    0.07904    0.08856    0.08985    0.09613
   0.10004    0.10158    0.10364    0.10524    0.11425    0.11583    0.11768    0.11943
   0.12071    0.12267    0.12422    0.12735    0.13307    0.13395    0.13811    0.13822
   0.13845    0.13941    0.14032    0.14050    0.15359    0.16136    0.16237    0.16503
   0.28924    0.29273    0.29760    0.32313    0.32388    0.32988    0.34275    0.36951
   0.37331    0.37432    0.37438    0.37987    0.38168    0.38358    0.38393    0.39178
   0.39290    0.39427    0.39562    0.40026    0.40612    0.40657    0.40874    0.41731
   0.42138    0.42215    0.42900
