
 **** DERIVATIVE DATABASE ****    
+DDB, Version number  20230401

  Note : temporary (transfer) database

    usepaw         1
     natom        36
      nkpt         1
    nsppol         2
      nsym         2
    ntypat         6
    occopt         2
     nband       115
     acell  0.10000000000000D+01  0.10000000000000D+01  0.10000000000000D+01
       amu  0.15196500000000D+03  0.87620000000000D+02  0.69410000000000D+01
            0.26981539000000D+02  0.14006740000000D+02  0.15999400000000D+02
   dilatmx  0.10000000000000D+01
      ecut  0.10000000000000D+02
 pawecutdg  0.20000000000000D+02
    ecutsm  0.00000000000000D+00
     intxc         0
      iscf        17
       ixc     -1012
       kpt  0.00000000000000D+00  0.00000000000000D+00  0.00000000000000D+00
    kptnrm  0.10000000000000D+01
     ngfft        45   45   36
    nspden         2
   nspinor         1
       occ  0.10000000000000D+01  0.10000000000000D+01  0.10000000000000D+01
            0.10000000000000D+01  0.10000000000000D+01  0.10000000000000D+01
            0.10000000000000D+01  0.10000000000000D+01  0.10000000000000D+01
            0.10000000000000D+01  0.10000000000000D+01  0.10000000000000D+01
            0.10000000000000D+01  0.10000000000000D+01  0.10000000000000D+01
            0.10000000000000D+01  0.10000000000000D+01  0.10000000000000D+01
            0.10000000000000D+01  0.10000000000000D+01  0.10000000000000D+01
            0.10000000000000D+01  0.10000000000000D+01  0.10000000000000D+01
            0.10000000000000D+01  0.10000000000000D+01  0.10000000000000D+01
            0.10000000000000D+01  0.10000000000000D+01  0.10000000000000D+01
            0.10000000000000D+01  0.10000000000000D+01  0.10000000000000D+01
            0.10000000000000D+01  0.10000000000000D+01  0.10000000000000D+01
            0.10000000000000D+01  0.10000000000000D+01  0.10000000000000D+01
            0.10000000000000D+01  0.10000000000000D+01  0.10000000000000D+01
            0.10000000000000D+01  0.10000000000000D+01  0.10000000000000D+01
            0.10000000000000D+01  0.10000000000000D+01  0.10000000000000D+01
            0.10000000000000D+01  0.10000000000000D+01  0.10000000000000D+01
            0.10000000000000D+01  0.10000000000000D+01  0.10000000000000D+01
            0.10000000000000D+01  0.10000000000000D+01  0.10000000000000D+01
            0.10000000000000D+01  0.10000000000000D+01  0.10000000000000D+01
            0.10000000000000D+01  0.10000000000000D+01  0.10000000000000D+01
            0.10000000000000D+01  0.10000000000000D+01  0.10000000000000D+01
            0.10000000000000D+01  0.10000000000000D+01  0.10000000000000D+01
            0.10000000000000D+01  0.10000000000000D+01  0.10000000000000D+01
            0.10000000000000D+01  0.10000000000000D+01  0.10000000000000D+01
            0.10000000000000D+01  0.10000000000000D+01  0.10000000000000D+01
            0.10000000000000D+01  0.10000000000000D+01  0.10000000000000D+01
            0.10000000000000D+01  0.10000000000000D+01  0.10000000000000D+01
            0.10000000000000D+01  0.10000000000000D+01  0.10000000000000D+01
            0.10000000000000D+01  0.10000000000000D+01  0.10000000000000D+01
            0.10000000000000D+01  0.10000000000000D+01  0.10000000000000D+01
            0.10000000000000D+01  0.10000000000000D+01  0.00000000000000D+00
            0.00000000000000D+00  0.00000000000000D+00  0.00000000000000D+00
            0.00000000000000D+00  0.00000000000000D+00  0.00000000000000D+00
            0.00000000000000D+00  0.00000000000000D+00  0.00000000000000D+00
            0.00000000000000D+00  0.00000000000000D+00  0.00000000000000D+00
            0.00000000000000D+00  0.00000000000000D+00  0.00000000000000D+00
            0.00000000000000D+00  0.00000000000000D+00  0.00000000000000D+00
            0.00000000000000D+00
     rprim  0.15040330225900D+02  0.00000000000000D+00  0.00000000000000D+00
            0.00000000000000D+00  0.15040330225900D+02  0.00000000000000D+00
            0.00000000000000D+00  0.00000000000000D+00  0.12033775961600D+02
  dfpt_sciss  0.00000000000000D+00
    spinat  0.00000000000000D+00  0.00000000000000D+00  0.00000000000000D+00
            0.00000000000000D+00  0.00000000000000D+00  0.00000000000000D+00
            0.00000000000000D+00  0.00000000000000D+00  0.00000000000000D+00
            0.00000000000000D+00  0.00000000000000D+00  0.00000000000000D+00
            0.00000000000000D+00  0.00000000000000D+00  0.00000000000000D+00
            0.00000000000000D+00  0.00000000000000D+00  0.00000000000000D+00
            0.00000000000000D+00  0.00000000000000D+00  0.00000000000000D+00
            0.00000000000000D+00  0.00000000000000D+00  0.00000000000000D+00
            0.00000000000000D+00  0.00000000000000D+00  0.00000000000000D+00
            0.00000000000000D+00  0.00000000000000D+00  0.00000000000000D+00
            0.00000000000000D+00  0.00000000000000D+00  0.00000000000000D+00
            0.00000000000000D+00  0.00000000000000D+00  0.00000000000000D+00
            0.00000000000000D+00  0.00000000000000D+00  0.00000000000000D+00
            0.00000000000000D+00  0.00000000000000D+00  0.00000000000000D+00
            0.00000000000000D+00  0.00000000000000D+00  0.00000000000000D+00
            0.00000000000000D+00  0.00000000000000D+00  0.00000000000000D+00
            0.00000000000000D+00  0.00000000000000D+00  0.00000000000000D+00
            0.00000000000000D+00  0.00000000000000D+00  0.00000000000000D+00
            0.00000000000000D+00  0.00000000000000D+00  0.00000000000000D+00
            0.00000000000000D+00  0.00000000000000D+00  0.00000000000000D+00
            0.00000000000000D+00  0.00000000000000D+00  0.00000000000000D+00
            0.00000000000000D+00  0.00000000000000D+00  0.00000000000000D+00
            0.00000000000000D+00  0.00000000000000D+00  0.00000000000000D+00
            0.00000000000000D+00  0.00000000000000D+00  0.00000000000000D+00
            0.00000000000000D+00  0.00000000000000D+00  0.00000000000000D+00
            0.00000000000000D+00  0.00000000000000D+00  0.00000000000000D+00
            0.00000000000000D+00  0.00000000000000D+00  0.00000000000000D+00
            0.00000000000000D+00  0.00000000000000D+00  0.00000000000000D+00
            0.00000000000000D+00  0.00000000000000D+00  0.00000000000000D+00
            0.00000000000000D+00  0.00000000000000D+00  0.00000000000000D+00
            0.00000000000000D+00  0.00000000000000D+00  0.00000000000000D+00
            0.00000000000000D+00  0.00000000000000D+00  0.00000000000000D+00
            0.00000000000000D+00  0.00000000000000D+00  0.00000000000000D+00
            0.00000000000000D+00  0.00000000000000D+00  0.00000000000000D+00
            0.00000000000000D+00  0.00000000000000D+00  0.00000000000000D+00
            0.00000000000000D+00  0.00000000000000D+00  0.00000000000000D+00
    symafm         1    1
    symrel         1    0    0    0    1    0    0    0    1
                   1    0    0    0    1    0    0    0   -1
     tnons  0.00000000000000D+00  0.00000000000000D+00  0.00000000000000D+00
            0.00000000000000D+00  0.00000000000000D+00  0.50000000000000D+00
    tolwfr  0.10000000000000D+01
   tphysel  0.00000000000000D+00
    tsmear  0.10000000000000D-01
     typat         1    2    2    2    3    3    3    3    3    3    3    3
                   4    4    4    4    4    4    4    4    5    5    5    5
                   5    5    5    5    6    6    6    6    6    6    6    6
       wtk  0.10000000000000D+01
      xred  0.50000000000000D+00  0.00000000000000D+00  0.25000000000000D+00
            0.50000000000000D+00  0.00000000000000D+00  0.75000000000000D+00
            0.10000000000000D+01  0.50000000000000D+00  0.11890598114499D-03
            0.10000000000000D+01  0.50000000000000D+00  0.49988109401885D+00
            0.12744374710000D+00  0.82410569280000D+00  0.25000000000000D+00
            0.12704638640000D+00  0.82502282330000D+00  0.75000000000000D+00
            0.87255625290000D+00  0.17463786790000D+00  0.25000000000000D+00
            0.87295361360000D+00  0.17497717670000D+00  0.75000000000000D+00
            0.17499169840000D+00  0.12728967160000D+00  0.28739572115001D-03
            0.17499169840000D+00  0.12728967160000D+00  0.49971260427885D+00
            0.82500830160000D+00  0.87271032840000D+00  0.28739572115001D-03
            0.82500830160000D+00  0.87271032840000D+00  0.49971260427885D+00
            0.35173806670000D+00  0.68241995630000D+00  0.21289161808499D-03
            0.35173806670000D+00  0.68241995630000D+00  0.49978710838191D+00
            0.64826193330000D+00  0.31758004370000D+00  0.21289161808499D-03
            0.64826193330000D+00  0.31758004370000D+00  0.49978710838191D+00
            0.31780576680000D+00  0.35109081090000D+00  0.25000000000000D+00
            0.31777456060000D+00  0.35154217070000D+00  0.75000000000000D+00
            0.68219423320000D+00  0.64890918910000D+00  0.25000000000000D+00
            0.68222543940000D+00  0.64845782930000D+00  0.75000000000000D+00
            0.58430476540000D+00  0.73091011390000D+00  0.99992821440000D+00
            0.58430476540000D+00  0.73091011390000D+00  0.50007178560000D+00
            0.41569523460000D+00  0.26908988610000D+00  0.99992821440000D+00
            0.41569523460000D+00  0.26908988610000D+00  0.50007178560000D+00
            0.27019712620000D+00  0.58410218790000D+00  0.25000000000000D+00
            0.27041286440000D+00  0.58437089430000D+00  0.75000000000000D+00
            0.72980287380000D+00  0.41589781210000D+00  0.25000000000000D+00
            0.72958713560000D+00  0.41562910570000D+00  0.75000000000000D+00
            0.25250920030000D+00  0.88699605780000D+00  0.99991734080000D+00
            0.25250920030000D+00  0.88699605780000D+00  0.50008265920000D+00
            0.74749079970000D+00  0.11300394220000D+00  0.99991734080000D+00
            0.74749079970000D+00  0.11300394220000D+00  0.50008265920000D+00
            0.11279815010000D+00  0.25309031310000D+00  0.25000000000000D+00
            0.11273121590000D+00  0.25349138290000D+00  0.75000000000000D+00
            0.88720184990000D+00  0.74690968690000D+00  0.25000000000000D+00
            0.88726878410000D+00  0.74650861710000D+00  0.75000000000000D+00
     znucl  0.63000000000000D+02  0.38000000000000D+02  0.30000000000000D+01
            0.13000000000000D+02  0.70000000000000D+01  0.80000000000000D+01
      zion  0.17000000000000D+02  0.10000000000000D+02  0.30000000000000D+01
            0.30000000000000D+01  0.50000000000000D+01  0.60000000000000D+01
 
 No information on the potentials yet 
 
 **** Database of total energy derivatives ****
 Number of data blocks=    2
  
 1st derivatives              - # elements :         114
     1     1  0.13502246824331D-02  0.00000000000000D+00
     2     1  0.12474890913676D-03  0.00000000000000D+00
     3     1  0.00000000000000D+00  0.00000000000000D+00
     1     2  0.39708709185372D-03  0.00000000000000D+00
     2     2  0.15360722681580D-03  0.00000000000000D+00
     3     2  0.00000000000000D+00  0.00000000000000D+00
     1     3  0.79000871630072D-03  0.00000000000000D+00
     2     3  0.18040033197608D-02  0.00000000000000D+00
     3     3  0.13536262357160D-02  0.00000000000000D+00
     1     4  0.79000871630072D-03  0.00000000000000D+00
     2     4  0.18040033197608D-02  0.00000000000000D+00
     3     4 -0.13536262357160D-02  0.00000000000000D+00
     1     5  0.38903530455404D-02  0.00000000000000D+00
     2     5 -0.61455911217604D-02  0.00000000000000D+00
     3     5  0.00000000000000D+00  0.00000000000000D+00
     1     6  0.20684320759728D-02  0.00000000000000D+00
     2     6  0.34884777109925D-02  0.00000000000000D+00
     3     6  0.00000000000000D+00  0.00000000000000D+00
     1     7 -0.38143475056206D-02  0.00000000000000D+00
     2     7 -0.32020508604498D-02  0.00000000000000D+00
     3     7  0.00000000000000D+00  0.00000000000000D+00
     1     8 -0.22569418259380D-02  0.00000000000000D+00
     2     8 -0.37357392698633D-02  0.00000000000000D+00
     3     8  0.00000000000000D+00  0.00000000000000D+00
     1     9 -0.17904009082966D-02  0.00000000000000D+00
     2     9  0.47258566736769D-02  0.00000000000000D+00
     3     9 -0.29572854135761D-04  0.00000000000000D+00
     1    10 -0.17904009082966D-02  0.00000000000000D+00
     2    10  0.47258566736769D-02  0.00000000000000D+00
     3    10  0.29572854135761D-04  0.00000000000000D+00
     1    11  0.18047039171159D-02  0.00000000000000D+00
     2    11 -0.40804056261116D-02  0.00000000000000D+00
     3    11  0.70985865721202D-03  0.00000000000000D+00
     1    12  0.18047039171159D-02  0.00000000000000D+00
     2    12 -0.40804056261116D-02  0.00000000000000D+00
     3    12 -0.70985865721202D-03  0.00000000000000D+00
     1    13 -0.94272906661856D-02  0.00000000000000D+00
     2    13 -0.86175635653581D-02  0.00000000000000D+00
     3    13  0.30962705078554D-02  0.00000000000000D+00
     1    14 -0.94272906661856D-02  0.00000000000000D+00
     2    14 -0.86175635653581D-02  0.00000000000000D+00
     3    14 -0.30962705078554D-02  0.00000000000000D+00
     1    15  0.76505808388760D-02  0.00000000000000D+00
     2    15  0.78929563156279D-02  0.00000000000000D+00
     3    15  0.13059688057079D-02  0.00000000000000D+00
     1    16  0.76505808388760D-02  0.00000000000000D+00
     2    16  0.78929563156279D-02  0.00000000000000D+00
     3    16 -0.13059688057079D-02  0.00000000000000D+00
     1    17  0.62849075180948D-02  0.00000000000000D+00
     2    17 -0.10088951225216D-01  0.00000000000000D+00
     3    17  0.00000000000000D+00  0.00000000000000D+00
     1    18  0.64282860728443D-02  0.00000000000000D+00
     2    18 -0.99939049768159D-02  0.00000000000000D+00
     3    18  0.00000000000000D+00  0.00000000000000D+00
     1    19 -0.56765862181241D-02  0.00000000000000D+00
     2    19  0.11843662702261D-01  0.00000000000000D+00
     3    19  0.00000000000000D+00  0.00000000000000D+00
     1    20 -0.63093385895496D-02  0.00000000000000D+00
     2    20  0.10302929230380D-01  0.00000000000000D+00
     3    20  0.00000000000000D+00  0.00000000000000D+00
     1    21  0.62750364605073D-02  0.00000000000000D+00
     2    21  0.41973480502520D-02  0.00000000000000D+00
     3    21 -0.25223039933249D-02  0.00000000000000D+00
     1    22  0.62750364605073D-02  0.00000000000000D+00
     2    22  0.41973480502520D-02  0.00000000000000D+00
     3    22  0.25223039933249D-02  0.00000000000000D+00
     1    23 -0.64486821612419D-02  0.00000000000000D+00
     2    23 -0.43595953575536D-02  0.00000000000000D+00
     3    23 -0.24260057784222D-02  0.00000000000000D+00
     1    24 -0.64486821612419D-02  0.00000000000000D+00
     2    24 -0.43595953575536D-02  0.00000000000000D+00
     3    24  0.24260057784222D-02  0.00000000000000D+00
     1    25 -0.19675678928459D-02  0.00000000000000D+00
     2    25  0.95275562398408D-02  0.00000000000000D+00
     3    25  0.00000000000000D+00  0.00000000000000D+00
     1    26 -0.50428093472950D-02  0.00000000000000D+00
     2    26  0.52568898664818D-02  0.00000000000000D+00
     3    26  0.00000000000000D+00  0.00000000000000D+00
     1    27  0.30493561489583D-02  0.00000000000000D+00
     2    27 -0.10108115743430D-01  0.00000000000000D+00
     3    27  0.00000000000000D+00  0.00000000000000D+00
     1    28  0.49390008714124D-02  0.00000000000000D+00
     2    28 -0.50090867603630D-02  0.00000000000000D+00
     3    28  0.00000000000000D+00  0.00000000000000D+00
     1    29 -0.53253512905996D-02  0.00000000000000D+00
     2    29 -0.22205053602987D-01  0.00000000000000D+00
     3    29 -0.69971574285229D-03  0.00000000000000D+00
     1    30 -0.53253512905996D-02  0.00000000000000D+00
     2    30 -0.22205053602987D-01  0.00000000000000D+00
     3    30  0.69971574285229D-03  0.00000000000000D+00
     1    31  0.52663809301698D-02  0.00000000000000D+00
     2    31  0.24706942787815D-01  0.00000000000000D+00
     3    31 -0.17436717187198D-03  0.00000000000000D+00
     1    32  0.52663809301698D-02  0.00000000000000D+00
     2    32  0.24706942787815D-01  0.00000000000000D+00
     3    32  0.17436717187198D-03  0.00000000000000D+00
     1    33  0.21547629494403D-01  0.00000000000000D+00
     2    33 -0.13078603054151D-01  0.00000000000000D+00
     3    33  0.00000000000000D+00  0.00000000000000D+00
     1    34  0.20371069794708D-01  0.00000000000000D+00
     2    34 -0.87964710251976D-02  0.00000000000000D+00
     3    34  0.00000000000000D+00  0.00000000000000D+00
     1    35 -0.22542969618073D-01  0.00000000000000D+00
     2    35  0.12622866897846D-01  0.00000000000000D+00
     3    35  0.00000000000000D+00  0.00000000000000D+00
     1    36 -0.20302606510509D-01  0.00000000000000D+00
     2    36  0.86580663101354D-02  0.00000000000000D+00
     3    36  0.00000000000000D+00  0.00000000000000D+00
     1    39  0.26502581699182D-02  0.00000000000000D+00
     2    39  0.26524690660341D-02  0.00000000000000D+00
     3    39  0.24355575974559D-02  0.00000000000000D+00
     1    40  0.00000000000000D+00  0.00000000000000D+00
     2    40  0.00000000000000D+00  0.00000000000000D+00
     3    40 -0.16936467582495D-05  0.00000000000000D+00
  
 Total energy                 - # elements :           1
 -0.47548226220751D+03  0.00000000000000D+00
