 Fermi (or HOMO) energy (hartree) =   0.22136   Average Vxc (hartree)=  -0.38907
 Eigenvalues (hartree) for nkpt=   1  k points, SPIN UP:
 kpt#   1, nband=115, wtk=  1.00000, kpt=  0.0000  0.0000  0.0000 (reduced coord)
  -1.39325   -1.39276   -1.39274   -1.39263   -1.39261   -1.39256   -1.39250   -1.39238
  -1.22957   -1.05230   -1.04841   -1.04601   -0.48981   -0.48781   -0.47401   -0.46691
  -0.46684   -0.45930   -0.45594   -0.45227   -0.45182   -0.43734   -0.43730   -0.41225
  -0.40846   -0.40154   -0.39282   -0.38878   -0.38535   -0.38126   -0.37670   -0.37004
  -0.35314   -0.31258   -0.30964   -0.30879   -0.30819   -0.30753   -0.30479   -0.30386
  -0.02495   -0.01660   -0.01567   -0.01160   -0.01145    0.01848    0.01878    0.02674
   0.02722    0.02776    0.03937    0.04576    0.04664    0.05409    0.06647    0.06820
   0.06832    0.07126    0.07165    0.07809    0.07855    0.08938    0.08978    0.09500
   0.09961    0.10125    0.10438    0.10479    0.11549    0.11571    0.11736    0.12026
   0.12222    0.12274    0.12361    0.12570    0.13394    0.13397    0.13631    0.13869
   0.13892    0.13923    0.13938    0.13940    0.15269    0.16091    0.16232    0.16586
   0.21505    0.21514    0.21587    0.21625    0.21633    0.21710    0.22136    0.27971
   0.29065    0.29665    0.31765    0.32880    0.33808    0.37148    0.38105    0.38241
   0.38892    0.38903    0.39256    0.39904    0.39997    0.40280    0.40944    0.41087
   0.41929    0.42162    0.42198
 Eigenvalues (hartree) for nkpt=   1  k points, SPIN DOWN:
 kpt#   1, nband=115, wtk=  1.00000, kpt=  0.0000  0.0000  0.0000 (reduced coord)
  -1.39325   -1.39277   -1.39273   -1.39262   -1.39261   -1.39258   -1.39249   -1.39238
  -1.12238   -1.05229   -1.04823   -1.04599   -0.47258   -0.47225   -0.46718   -0.46691
  -0.45936   -0.45603   -0.45257   -0.45202   -0.41255   -0.41062   -0.40845   -0.40636
  -0.39280   -0.38875   -0.38722   -0.38443   -0.37652   -0.37003   -0.36871   -0.36068
  -0.35319   -0.30966   -0.30881   -0.30840   -0.30757   -0.30684   -0.30390   -0.30334
  -0.02466   -0.01588   -0.01549   -0.01137   -0.01027    0.01886    0.01924    0.02743
   0.02775    0.02796    0.03958    0.04636    0.04762    0.05517    0.06730    0.06845
   0.06876    0.07207    0.07263    0.07832    0.07908    0.08999    0.09063    0.09557
   0.10144    0.10179    0.10454    0.10485    0.11578    0.11580    0.11736    0.12104
   0.12365    0.12405    0.12479    0.12578    0.13385    0.13454    0.13899    0.13908
   0.13913    0.13944    0.13952    0.14018    0.15375    0.16252    0.16331    0.16639
   0.28872    0.29193    0.30036    0.32300    0.33676    0.33722    0.37684    0.38579
   0.38819    0.38835    0.39212    0.39417    0.39820    0.40058    0.41055    0.41096
   0.41564    0.42139    0.42229    0.42520    0.42779    0.42939    0.43116    0.45253
   0.45351    0.46475    0.46568
