 Fermi (or HOMO) energy (hartree) =   0.22148   Average Vxc (hartree)=  -0.38907
 Eigenvalues (hartree) for nkpt=   1  k points, SPIN UP:
 kpt#   1, nband=115, wtk=  1.00000, kpt=  0.0000  0.0000  0.0000 (reduced coord)
  -1.39325   -1.39281   -1.39276   -1.39274   -1.39253   -1.39243   -1.39242   -1.39236
  -1.22945   -1.05230   -1.04841   -1.04601   -0.48977   -0.48781   -0.47383   -0.46679
  -0.46666   -0.45925   -0.45584   -0.45233   -0.45160   -0.43736   -0.43728   -0.41230
  -0.40840   -0.40152   -0.39285   -0.38875   -0.38535   -0.38128   -0.37664   -0.37004
  -0.35319   -0.31243   -0.30995   -0.30876   -0.30803   -0.30773   -0.30461   -0.30405
  -0.02498   -0.01641   -0.01582   -0.01154   -0.01147    0.01842    0.01885    0.02664
   0.02734    0.02773    0.03938    0.04583    0.04666    0.05414    0.06651    0.06829
   0.06830    0.07129    0.07168    0.07804    0.07866    0.08941    0.08991    0.09503
   0.09957    0.10141    0.10436    0.10493    0.11537    0.11583    0.11738    0.12033
   0.12229    0.12272    0.12370    0.12559    0.13381    0.13408    0.13636    0.13856
   0.13895    0.13929    0.13938    0.13944    0.15274    0.16085    0.16232    0.16587
   0.21518    0.21527    0.21599    0.21636    0.21645    0.21722    0.22148    0.27977
   0.29057    0.29667    0.31770    0.32887    0.33808    0.37151    0.38105    0.38236
   0.38893    0.38901    0.39244    0.39890    0.40009    0.40283    0.40950    0.41091
   0.41931    0.42144    0.42185
 Eigenvalues (hartree) for nkpt=   1  k points, SPIN DOWN:
 kpt#   1, nband=115, wtk=  1.00000, kpt=  0.0000  0.0000  0.0000 (reduced coord)
  -1.39325   -1.39280   -1.39276   -1.39274   -1.39255   -1.39242   -1.39241   -1.39235
  -1.12227   -1.05228   -1.04824   -1.04599   -0.47262   -0.47209   -0.46721   -0.46678
  -0.45931   -0.45593   -0.45264   -0.45181   -0.41260   -0.41052   -0.40839   -0.40635
  -0.39282   -0.38872   -0.38713   -0.38438   -0.37646   -0.37002   -0.36866   -0.36062
  -0.35324   -0.30996   -0.30880   -0.30823   -0.30775   -0.30670   -0.30409   -0.30316
  -0.02469   -0.01569   -0.01564   -0.01146   -0.01015    0.01875    0.01936    0.02734
   0.02786    0.02792    0.03959    0.04643    0.04764    0.05523    0.06733    0.06854
   0.06873    0.07210    0.07267    0.07826    0.07919    0.09002    0.09076    0.09561
   0.10160    0.10175    0.10449    0.10501    0.11566    0.11593    0.11737    0.12110
   0.12372    0.12414    0.12474    0.12569    0.13395    0.13441    0.13887    0.13895
   0.13933    0.13946    0.13956    0.14019    0.15382    0.16252    0.16327    0.16641
   0.28877    0.29185    0.30033    0.32303    0.33687    0.33722    0.37679    0.38579
   0.38825    0.38834    0.39200    0.39409    0.39811    0.40065    0.41060    0.41097
   0.41569    0.42122    0.42215    0.42515    0.42776    0.42940    0.43118    0.45252
   0.45355    0.46484    0.46817
