
 **** DERIVATIVE DATABASE ****    
+DDB, Version number  20230401

  Note : temporary (transfer) database

    usepaw         1
     natom        36
      nkpt         1
    nsppol         2
      nsym         1
    ntypat         6
    occopt         2
     nband       115
     acell  0.10000000000000D+01  0.10000000000000D+01  0.10000000000000D+01
       amu  0.15196500000000D+03  0.87620000000000D+02  0.69410000000000D+01
            0.26981539000000D+02  0.14006740000000D+02  0.15999400000000D+02
   dilatmx  0.10000000000000D+01
      ecut  0.10000000000000D+02
 pawecutdg  0.20000000000000D+02
    ecutsm  0.00000000000000D+00
     intxc         0
      iscf        17
       ixc     -1012
       kpt  0.00000000000000D+00  0.00000000000000D+00  0.00000000000000D+00
    kptnrm  0.10000000000000D+01
     ngfft        45   45   36
    nspden         2
   nspinor         1
       occ  0.10000000000000D+01  0.10000000000000D+01  0.10000000000000D+01
            0.10000000000000D+01  0.10000000000000D+01  0.10000000000000D+01
            0.10000000000000D+01  0.10000000000000D+01  0.10000000000000D+01
            0.10000000000000D+01  0.10000000000000D+01  0.10000000000000D+01
            0.10000000000000D+01  0.10000000000000D+01  0.10000000000000D+01
            0.10000000000000D+01  0.10000000000000D+01  0.10000000000000D+01
            0.10000000000000D+01  0.10000000000000D+01  0.10000000000000D+01
            0.10000000000000D+01  0.10000000000000D+01  0.10000000000000D+01
            0.10000000000000D+01  0.10000000000000D+01  0.10000000000000D+01
            0.10000000000000D+01  0.10000000000000D+01  0.10000000000000D+01
            0.10000000000000D+01  0.10000000000000D+01  0.10000000000000D+01
            0.10000000000000D+01  0.10000000000000D+01  0.10000000000000D+01
            0.10000000000000D+01  0.10000000000000D+01  0.10000000000000D+01
            0.10000000000000D+01  0.10000000000000D+01  0.10000000000000D+01
            0.10000000000000D+01  0.10000000000000D+01  0.10000000000000D+01
            0.10000000000000D+01  0.10000000000000D+01  0.10000000000000D+01
            0.10000000000000D+01  0.10000000000000D+01  0.10000000000000D+01
            0.10000000000000D+01  0.10000000000000D+01  0.10000000000000D+01
            0.10000000000000D+01  0.10000000000000D+01  0.10000000000000D+01
            0.10000000000000D+01  0.10000000000000D+01  0.10000000000000D+01
            0.10000000000000D+01  0.10000000000000D+01  0.10000000000000D+01
            0.10000000000000D+01  0.10000000000000D+01  0.10000000000000D+01
            0.10000000000000D+01  0.10000000000000D+01  0.10000000000000D+01
            0.10000000000000D+01  0.10000000000000D+01  0.10000000000000D+01
            0.10000000000000D+01  0.10000000000000D+01  0.10000000000000D+01
            0.10000000000000D+01  0.10000000000000D+01  0.10000000000000D+01
            0.10000000000000D+01  0.10000000000000D+01  0.10000000000000D+01
            0.10000000000000D+01  0.10000000000000D+01  0.10000000000000D+01
            0.10000000000000D+01  0.10000000000000D+01  0.10000000000000D+01
            0.10000000000000D+01  0.10000000000000D+01  0.10000000000000D+01
            0.10000000000000D+01  0.10000000000000D+01  0.10000000000000D+01
            0.10000000000000D+01  0.10000000000000D+01  0.00000000000000D+00
            0.00000000000000D+00  0.00000000000000D+00  0.00000000000000D+00
            0.00000000000000D+00  0.00000000000000D+00  0.00000000000000D+00
            0.00000000000000D+00  0.00000000000000D+00  0.00000000000000D+00
            0.00000000000000D+00  0.00000000000000D+00  0.00000000000000D+00
            0.00000000000000D+00  0.00000000000000D+00  0.00000000000000D+00
            0.00000000000000D+00  0.00000000000000D+00  0.00000000000000D+00
            0.00000000000000D+00
     rprim  0.15040330225900D+02  0.00000000000000D+00  0.00000000000000D+00
            0.00000000000000D+00  0.15040330225900D+02  0.00000000000000D+00
            0.00000000000000D+00  0.00000000000000D+00  0.12033775961600D+02
  dfpt_sciss  0.00000000000000D+00
    spinat  0.00000000000000D+00  0.00000000000000D+00  0.00000000000000D+00
            0.00000000000000D+00  0.00000000000000D+00  0.00000000000000D+00
            0.00000000000000D+00  0.00000000000000D+00  0.00000000000000D+00
            0.00000000000000D+00  0.00000000000000D+00  0.00000000000000D+00
            0.00000000000000D+00  0.00000000000000D+00  0.00000000000000D+00
            0.00000000000000D+00  0.00000000000000D+00  0.00000000000000D+00
            0.00000000000000D+00  0.00000000000000D+00  0.00000000000000D+00
            0.00000000000000D+00  0.00000000000000D+00  0.00000000000000D+00
            0.00000000000000D+00  0.00000000000000D+00  0.00000000000000D+00
            0.00000000000000D+00  0.00000000000000D+00  0.00000000000000D+00
            0.00000000000000D+00  0.00000000000000D+00  0.00000000000000D+00
            0.00000000000000D+00  0.00000000000000D+00  0.00000000000000D+00
            0.00000000000000D+00  0.00000000000000D+00  0.00000000000000D+00
            0.00000000000000D+00  0.00000000000000D+00  0.00000000000000D+00
            0.00000000000000D+00  0.00000000000000D+00  0.00000000000000D+00
            0.00000000000000D+00  0.00000000000000D+00  0.00000000000000D+00
            0.00000000000000D+00  0.00000000000000D+00  0.00000000000000D+00
            0.00000000000000D+00  0.00000000000000D+00  0.00000000000000D+00
            0.00000000000000D+00  0.00000000000000D+00  0.00000000000000D+00
            0.00000000000000D+00  0.00000000000000D+00  0.00000000000000D+00
            0.00000000000000D+00  0.00000000000000D+00  0.00000000000000D+00
            0.00000000000000D+00  0.00000000000000D+00  0.00000000000000D+00
            0.00000000000000D+00  0.00000000000000D+00  0.00000000000000D+00
            0.00000000000000D+00  0.00000000000000D+00  0.00000000000000D+00
            0.00000000000000D+00  0.00000000000000D+00  0.00000000000000D+00
            0.00000000000000D+00  0.00000000000000D+00  0.00000000000000D+00
            0.00000000000000D+00  0.00000000000000D+00  0.00000000000000D+00
            0.00000000000000D+00  0.00000000000000D+00  0.00000000000000D+00
            0.00000000000000D+00  0.00000000000000D+00  0.00000000000000D+00
            0.00000000000000D+00  0.00000000000000D+00  0.00000000000000D+00
            0.00000000000000D+00  0.00000000000000D+00  0.00000000000000D+00
            0.00000000000000D+00  0.00000000000000D+00  0.00000000000000D+00
            0.00000000000000D+00  0.00000000000000D+00  0.00000000000000D+00
            0.00000000000000D+00  0.00000000000000D+00  0.00000000000000D+00
            0.00000000000000D+00  0.00000000000000D+00  0.00000000000000D+00
            0.00000000000000D+00  0.00000000000000D+00  0.00000000000000D+00
    symafm         1
    symrel         1    0    0    0    1    0    0    0    1
     tnons  0.00000000000000D+00  0.00000000000000D+00  0.00000000000000D+00
    tolwfr  0.10000000000000D+01
   tphysel  0.00000000000000D+00
    tsmear  0.10000000000000D-01
     typat         1    2    2    2    3    3    3    3    3    3    3    3
                   4    4    4    4    4    4    4    4    5    5    5    5
                   5    5    5    5    6    6    6    6    6    6    6    6
       wtk  0.10000000000000D+01
      xred  0.50000000000000D+00  0.00000000000000D+00  0.25000000000000D+00
            0.50000000000000D+00  0.00000000000000D+00  0.75000000000000D+00
            0.10000000000000D+01  0.50000000000000D+00  0.11890596229000D-03
            0.10000000000000D+01  0.50000000000000D+00  0.49988109400000D+00
            0.12744374710000D+00  0.82536213210000D+00  0.25000000000000D+00
            0.12704638640000D+00  0.82502282330000D+00  0.75000000000000D+00
            0.87255625290000D+00  0.17463786790000D+00  0.25000000000000D+00
            0.87295361360000D+00  0.17497717670000D+00  0.75000000000000D+00
            0.17499169840000D+00  0.12728967160000D+00  0.28739574230000D-03
            0.17499169840000D+00  0.12728967160000D+00  0.49971260430000D+00
            0.82500830160000D+00  0.87271032840000D+00  0.28739574230000D-03
            0.82500830160000D+00  0.87271032840000D+00  0.49971260430000D+00
            0.35173806670000D+00  0.68241995630000D+00  0.21289163617000D-03
            0.35173806670000D+00  0.68241995630000D+00  0.49978710840000D+00
            0.64826193330000D+00  0.31758004370000D+00  0.21289163617000D-03
            0.64826193330000D+00  0.31758004370000D+00  0.49978710840000D+00
            0.31780576680000D+00  0.35109081090000D+00  0.25000000000000D+00
            0.31777456060000D+00  0.35154217070000D+00  0.75000000000000D+00
            0.68219423320000D+00  0.64890918910000D+00  0.25000000000000D+00
            0.68222543940000D+00  0.64845782930000D+00  0.75000000000000D+00
            0.58430476540000D+00  0.73091011390000D+00  0.99835786260000D+00
            0.58430476540000D+00  0.73091011390000D+00  0.50007178560000D+00
            0.41569523460000D+00  0.26908988610000D+00  0.99992821440000D+00
            0.41569523460000D+00  0.26908988610000D+00  0.50007178560000D+00
            0.27019712620000D+00  0.58410218790000D+00  0.25000000000000D+00
            0.27041286440000D+00  0.58437089430000D+00  0.75000000000000D+00
            0.72980287380000D+00  0.41589781210000D+00  0.25000000000000D+00
            0.72958713560000D+00  0.41562910570000D+00  0.75000000000000D+00
            0.25250920030000D+00  0.88699605780000D+00  0.99991734080000D+00
            0.25250920030000D+00  0.88699605780000D+00  0.50008265920000D+00
            0.74749079970000D+00  0.11300394220000D+00  0.99991734080000D+00
            0.74749079970000D+00  0.11300394220000D+00  0.50008265920000D+00
            0.11279815010000D+00  0.25309031310000D+00  0.25000000000000D+00
            0.11273121590000D+00  0.25349138290000D+00  0.75000000000000D+00
            0.88720184990000D+00  0.74690968690000D+00  0.25000000000000D+00
            0.88726878410000D+00  0.74650861710000D+00  0.75000000000000D+00
     znucl  0.63000000000000D+02  0.38000000000000D+02  0.30000000000000D+01
            0.13000000000000D+02  0.70000000000000D+01  0.80000000000000D+01
      zion  0.17000000000000D+02  0.10000000000000D+02  0.30000000000000D+01
            0.30000000000000D+01  0.50000000000000D+01  0.60000000000000D+01
 
 No information on the potentials yet 
 
 **** Database of total energy derivatives ****
 Number of data blocks=    2
  
 1st derivatives              - # elements :         114
     1     1  0.43153867260683D-04  0.00000000000000D+00
     2     1  0.98189569809432D-04  0.00000000000000D+00
     3     1  0.41017130852673D-03  0.00000000000000D+00
     1     2 -0.14494648998138D-03  0.00000000000000D+00
     2     2  0.34723470685368D-03  0.00000000000000D+00
     3     2  0.46795083641658D-03  0.00000000000000D+00
     1     3  0.94255565288971D-05  0.00000000000000D+00
     2     3 -0.31981526686048D-04  0.00000000000000D+00
     3     3  0.13456593544997D-02  0.00000000000000D+00
     1     4  0.98462417021029D-05  0.00000000000000D+00
     2     4 -0.30214875545963D-04  0.00000000000000D+00
     3     4 -0.15220038335081D-02  0.00000000000000D+00
     1     5  0.30284092508241D-02  0.00000000000000D+00
     2     5  0.34413641334162D-02  0.00000000000000D+00
     3     5  0.94696305479498D-05  0.00000000000000D+00
     1     6  0.24371285608439D-02  0.00000000000000D+00
     2     6  0.41269914983181D-02  0.00000000000000D+00
     3     6 -0.40235273201459D-05  0.00000000000000D+00
     1     7 -0.33393779232816D-02  0.00000000000000D+00
     2     7 -0.35589952382091D-02  0.00000000000000D+00
     3     7  0.42538788192371D-04  0.00000000000000D+00
     1     8 -0.21060619892120D-02  0.00000000000000D+00
     2     8 -0.39911347500395D-02  0.00000000000000D+00
     3     8  0.33564939163481D-04  0.00000000000000D+00
     1     9 -0.22276783139682D-02  0.00000000000000D+00
     2     9  0.36706236803155D-02  0.00000000000000D+00
     3     9  0.92096458593101D-03  0.00000000000000D+00
     1    10 -0.22148487900713D-02  0.00000000000000D+00
     2    10  0.36674131542126D-02  0.00000000000000D+00
     3    10 -0.95000894668711D-03  0.00000000000000D+00
     1    11  0.22905429099513D-02  0.00000000000000D+00
     2    11 -0.36398284013217D-02  0.00000000000000D+00
     3    11  0.22950940552774D-02  0.00000000000000D+00
     1    12  0.22546751095021D-02  0.00000000000000D+00
     2    12 -0.36407499912466D-02  0.00000000000000D+00
     3    12 -0.13829050150567D-02  0.00000000000000D+00
     1    13 -0.80043664888019D-02  0.00000000000000D+00
     2    13 -0.77482894269638D-02  0.00000000000000D+00
     3    13  0.69897782009856D-02  0.00000000000000D+00
     1    14 -0.78265787364852D-02  0.00000000000000D+00
     2    14 -0.76532787461021D-02  0.00000000000000D+00
     3    14 -0.30620606667033D-02  0.00000000000000D+00
     1    15  0.77162545437329D-02  0.00000000000000D+00
     2    15  0.76022190169025D-02  0.00000000000000D+00
     3    15  0.24502445029979D-02  0.00000000000000D+00
     1    16  0.76820766342306D-02  0.00000000000000D+00
     2    16  0.75645794304703D-02  0.00000000000000D+00
     3    16 -0.26300935759816D-02  0.00000000000000D+00
     1    17  0.53322154284210D-02  0.00000000000000D+00
     2    17 -0.10662088889351D-01  0.00000000000000D+00
     3    17  0.89333560066597D-04  0.00000000000000D+00
     1    18  0.66060011603205D-02  0.00000000000000D+00
     2    18 -0.11214292711674D-01  0.00000000000000D+00
     3    18  0.28006286013888D-04  0.00000000000000D+00
     1    19  0.54220289552237D-03  0.00000000000000D+00
     2    19  0.68176964660299D-02  0.00000000000000D+00
     3    19  0.13178376038197D-01  0.00000000000000D+00
     1    20 -0.12775550693492D-01  0.00000000000000D+00
     2    20  0.15093867571198D-01  0.00000000000000D+00
     3    20  0.13828435245008D-01  0.00000000000000D+00
     1    21  0.75653358153165D-02  0.00000000000000D+00
     2    21  0.30684242186833D-02  0.00000000000000D+00
     3    21 -0.49572576644362D-01  0.00000000000000D+00
     1    22  0.64080702534049D-02  0.00000000000000D+00
     2    22  0.39027430174310D-02  0.00000000000000D+00
     3    22  0.11117389629584D-01  0.00000000000000D+00
     1    23 -0.63797443912118D-02  0.00000000000000D+00
     2    23 -0.38658870572909D-02  0.00000000000000D+00
     3    23 -0.29005204616120D-02  0.00000000000000D+00
     1    24 -0.64427549795529D-02  0.00000000000000D+00
     2    24 -0.37234434378073D-02  0.00000000000000D+00
     3    24  0.33635271879164D-02  0.00000000000000D+00
     1    25 -0.54560649837563D-02  0.00000000000000D+00
     2    25  0.80581087973335D-02  0.00000000000000D+00
     3    25  0.94809470710960D-03  0.00000000000000D+00
     1    26 -0.25023221363488D-02  0.00000000000000D+00
     2    26  0.67136786290997D-02  0.00000000000000D+00
     3    26  0.93856334040832D-03  0.00000000000000D+00
     1    27  0.41087122641623D-02  0.00000000000000D+00
     2    27 -0.11872130913962D-01  0.00000000000000D+00
     3    27  0.96925790116964D-03  0.00000000000000D+00
     1    28  0.39003343396434D-02  0.00000000000000D+00
     2    28 -0.27448890400545D-02  0.00000000000000D+00
     3    28  0.94326189927068D-03  0.00000000000000D+00
     1    29 -0.49140097646516D-02  0.00000000000000D+00
     2    29 -0.24894879118491D-01  0.00000000000000D+00
     3    29 -0.12891325376245D-02  0.00000000000000D+00
     1    30 -0.49521428665606D-02  0.00000000000000D+00
     2    30 -0.24902247771440D-01  0.00000000000000D+00
     3    30  0.77197433715052D-03  0.00000000000000D+00
     1    31  0.49670491252190D-02  0.00000000000000D+00
     2    31  0.24832835421833D-01  0.00000000000000D+00
     3    31 -0.10752507215042D-02  0.00000000000000D+00
     1    32  0.49897742219899D-02  0.00000000000000D+00
     2    32  0.24854618593279D-01  0.00000000000000D+00
     3    32  0.10720992284255D-02  0.00000000000000D+00
     1    33  0.21995222550438D-01  0.00000000000000D+00
     2    33 -0.11133744192477D-01  0.00000000000000D+00
     3    33 -0.15459879130486D-04  0.00000000000000D+00
     1    34  0.20327355572139D-01  0.00000000000000D+00
     2    34 -0.80448344091233D-02  0.00000000000000D+00
     3    34  0.29338020868716D-05  0.00000000000000D+00
     1    35 -0.20331226667500D-01  0.00000000000000D+00
     2    35  0.10427731367504D-01  0.00000000000000D+00
     3    35  0.46116272232013D-03  0.00000000000000D+00
     1    36 -0.22189773301818D-01  0.00000000000000D+00
     2    36  0.88254890810056D-02  0.00000000000000D+00
     3    36  0.49562587090593D-03  0.00000000000000D+00
     1    39  0.26501999370917D-02  0.00000000000000D+00
     2    39  0.26526265017443D-02  0.00000000000000D+00
     3    39  0.24356056226938D-02  0.00000000000000D+00
     1    40 -0.14098010422829D-05  0.00000000000000D+00
     2    40  0.12454051098856D-05  0.00000000000000D+00
     3    40 -0.16318917022285D-05  0.00000000000000D+00
  
 Total energy                 - # elements :           1
 -0.47548222273714D+03  0.00000000000000D+00
