 Fermi (or HOMO) energy (hartree) =   0.22116   Average Vxc (hartree)=  -0.38907
 Eigenvalues (hartree) for nkpt=   1  k points, SPIN UP:
 kpt#   1, nband=115, wtk=  1.00000, kpt=  0.0000  0.0000  0.0000 (reduced coord)
  -1.39330   -1.39280   -1.39275   -1.39271   -1.39266   -1.39262   -1.39255   -1.39246
  -1.22976   -1.05224   -1.04823   -1.04595   -0.48990   -0.48792   -0.47404   -0.46696
  -0.46687   -0.45933   -0.45596   -0.45234   -0.45181   -0.43744   -0.43740   -0.41218
  -0.40841   -0.40142   -0.39276   -0.38871   -0.38525   -0.38114   -0.37664   -0.36998
  -0.35309   -0.31252   -0.30957   -0.30873   -0.30817   -0.30744   -0.30476   -0.30378
  -0.02494   -0.01658   -0.01560   -0.01158   -0.01140    0.01847    0.01882    0.02673
   0.02723    0.02779    0.03935    0.04577    0.04663    0.05409    0.06649    0.06820
   0.06828    0.07124    0.07165    0.07804    0.07855    0.08937    0.08978    0.09500
   0.09957    0.10125    0.10436    0.10479    0.11554    0.11572    0.11735    0.12022
   0.12224    0.12274    0.12363    0.12578    0.13396    0.13400    0.13628    0.13869
   0.13893    0.13930    0.13939    0.13951    0.15272    0.16093    0.16238    0.16591
   0.21487    0.21494    0.21569    0.21607    0.21614    0.21692    0.22116    0.27970
   0.29057    0.29668    0.31765    0.32871    0.33815    0.37149    0.38107    0.38244
   0.38891    0.38906    0.39262    0.39909    0.40000    0.40278    0.40944    0.41091
   0.41928    0.42128    0.42182
 Eigenvalues (hartree) for nkpt=   1  k points, SPIN DOWN:
 kpt#   1, nband=115, wtk=  1.00000, kpt=  0.0000  0.0000  0.0000 (reduced coord)
  -1.39330   -1.39280   -1.39273   -1.39269   -1.39268   -1.39263   -1.39254   -1.39248
  -1.12257   -1.05223   -1.04805   -1.04593   -0.47263   -0.47223   -0.46723   -0.46688
  -0.45939   -0.45605   -0.45264   -0.45201   -0.41248   -0.41058   -0.40841   -0.40636
  -0.39273   -0.38869   -0.38721   -0.38436   -0.37647   -0.36996   -0.36883   -0.36069
  -0.35314   -0.30959   -0.30876   -0.30838   -0.30749   -0.30684   -0.30383   -0.30331
  -0.02465   -0.01588   -0.01540   -0.01133   -0.01023    0.01888    0.01925    0.02741
   0.02775    0.02800    0.03956    0.04636    0.04761    0.05517    0.06732    0.06844
   0.06873    0.07205    0.07262    0.07827    0.07909    0.08998    0.09064    0.09559
   0.10143    0.10174    0.10452    0.10486    0.11580    0.11583    0.11734    0.12102
   0.12367    0.12406    0.12479    0.12586    0.13385    0.13457    0.13899    0.13908
   0.13910    0.13946    0.13961    0.14023    0.15379    0.16259    0.16334    0.16644
   0.28874    0.29185    0.30039    0.32299    0.33673    0.33730    0.37683    0.38581
   0.38818    0.38841    0.39217    0.39420    0.39825    0.40063    0.41057    0.41098
   0.41568    0.42119    0.42214    0.42512    0.42778    0.42940    0.43115    0.45256
   0.45349    0.46475    0.46517
