
 **** DERIVATIVE DATABASE ****    
+DDB, Version number  20230401

  Note : temporary (transfer) database

    usepaw         1
     natom        36
      nkpt         1
    nsppol         2
      nsym         1
    ntypat         6
    occopt         2
     nband       115
     acell  0.10000000000000D+01  0.10000000000000D+01  0.10000000000000D+01
       amu  0.15196500000000D+03  0.87620000000000D+02  0.69410000000000D+01
            0.26981539000000D+02  0.14006740000000D+02  0.15999400000000D+02
   dilatmx  0.10000000000000D+01
      ecut  0.10000000000000D+02
 pawecutdg  0.20000000000000D+02
    ecutsm  0.00000000000000D+00
     intxc         0
      iscf        17
       ixc     -1012
       kpt  0.00000000000000D+00  0.00000000000000D+00  0.00000000000000D+00
    kptnrm  0.10000000000000D+01
     ngfft        45   45   36
    nspden         2
   nspinor         1
       occ  0.10000000000000D+01  0.10000000000000D+01  0.10000000000000D+01
            0.10000000000000D+01  0.10000000000000D+01  0.10000000000000D+01
            0.10000000000000D+01  0.10000000000000D+01  0.10000000000000D+01
            0.10000000000000D+01  0.10000000000000D+01  0.10000000000000D+01
            0.10000000000000D+01  0.10000000000000D+01  0.10000000000000D+01
            0.10000000000000D+01  0.10000000000000D+01  0.10000000000000D+01
            0.10000000000000D+01  0.10000000000000D+01  0.10000000000000D+01
            0.10000000000000D+01  0.10000000000000D+01  0.10000000000000D+01
            0.10000000000000D+01  0.10000000000000D+01  0.10000000000000D+01
            0.10000000000000D+01  0.10000000000000D+01  0.10000000000000D+01
            0.10000000000000D+01  0.10000000000000D+01  0.10000000000000D+01
            0.10000000000000D+01  0.10000000000000D+01  0.10000000000000D+01
            0.10000000000000D+01  0.10000000000000D+01  0.10000000000000D+01
            0.10000000000000D+01  0.10000000000000D+01  0.10000000000000D+01
            0.10000000000000D+01  0.10000000000000D+01  0.10000000000000D+01
            0.10000000000000D+01  0.10000000000000D+01  0.10000000000000D+01
            0.10000000000000D+01  0.10000000000000D+01  0.10000000000000D+01
            0.10000000000000D+01  0.10000000000000D+01  0.10000000000000D+01
            0.10000000000000D+01  0.10000000000000D+01  0.10000000000000D+01
            0.10000000000000D+01  0.10000000000000D+01  0.10000000000000D+01
            0.10000000000000D+01  0.10000000000000D+01  0.10000000000000D+01
            0.10000000000000D+01  0.10000000000000D+01  0.10000000000000D+01
            0.10000000000000D+01  0.10000000000000D+01  0.10000000000000D+01
            0.10000000000000D+01  0.10000000000000D+01  0.10000000000000D+01
            0.10000000000000D+01  0.10000000000000D+01  0.10000000000000D+01
            0.10000000000000D+01  0.10000000000000D+01  0.10000000000000D+01
            0.10000000000000D+01  0.10000000000000D+01  0.10000000000000D+01
            0.10000000000000D+01  0.10000000000000D+01  0.10000000000000D+01
            0.10000000000000D+01  0.10000000000000D+01  0.10000000000000D+01
            0.10000000000000D+01  0.10000000000000D+01  0.10000000000000D+01
            0.10000000000000D+01  0.10000000000000D+01  0.10000000000000D+01
            0.10000000000000D+01  0.10000000000000D+01  0.00000000000000D+00
            0.00000000000000D+00  0.00000000000000D+00  0.00000000000000D+00
            0.00000000000000D+00  0.00000000000000D+00  0.00000000000000D+00
            0.00000000000000D+00  0.00000000000000D+00  0.00000000000000D+00
            0.00000000000000D+00  0.00000000000000D+00  0.00000000000000D+00
            0.00000000000000D+00  0.00000000000000D+00  0.00000000000000D+00
            0.00000000000000D+00  0.00000000000000D+00  0.00000000000000D+00
            0.00000000000000D+00
     rprim  0.15040330225900D+02  0.00000000000000D+00  0.00000000000000D+00
            0.00000000000000D+00  0.15040330225900D+02  0.00000000000000D+00
            0.00000000000000D+00  0.00000000000000D+00  0.12033775961600D+02
  dfpt_sciss  0.00000000000000D+00
    spinat  0.00000000000000D+00  0.00000000000000D+00  0.00000000000000D+00
            0.00000000000000D+00  0.00000000000000D+00  0.00000000000000D+00
            0.00000000000000D+00  0.00000000000000D+00  0.00000000000000D+00
            0.00000000000000D+00  0.00000000000000D+00  0.00000000000000D+00
            0.00000000000000D+00  0.00000000000000D+00  0.00000000000000D+00
            0.00000000000000D+00  0.00000000000000D+00  0.00000000000000D+00
            0.00000000000000D+00  0.00000000000000D+00  0.00000000000000D+00
            0.00000000000000D+00  0.00000000000000D+00  0.00000000000000D+00
            0.00000000000000D+00  0.00000000000000D+00  0.00000000000000D+00
            0.00000000000000D+00  0.00000000000000D+00  0.00000000000000D+00
            0.00000000000000D+00  0.00000000000000D+00  0.00000000000000D+00
            0.00000000000000D+00  0.00000000000000D+00  0.00000000000000D+00
            0.00000000000000D+00  0.00000000000000D+00  0.00000000000000D+00
            0.00000000000000D+00  0.00000000000000D+00  0.00000000000000D+00
            0.00000000000000D+00  0.00000000000000D+00  0.00000000000000D+00
            0.00000000000000D+00  0.00000000000000D+00  0.00000000000000D+00
            0.00000000000000D+00  0.00000000000000D+00  0.00000000000000D+00
            0.00000000000000D+00  0.00000000000000D+00  0.00000000000000D+00
            0.00000000000000D+00  0.00000000000000D+00  0.00000000000000D+00
            0.00000000000000D+00  0.00000000000000D+00  0.00000000000000D+00
            0.00000000000000D+00  0.00000000000000D+00  0.00000000000000D+00
            0.00000000000000D+00  0.00000000000000D+00  0.00000000000000D+00
            0.00000000000000D+00  0.00000000000000D+00  0.00000000000000D+00
            0.00000000000000D+00  0.00000000000000D+00  0.00000000000000D+00
            0.00000000000000D+00  0.00000000000000D+00  0.00000000000000D+00
            0.00000000000000D+00  0.00000000000000D+00  0.00000000000000D+00
            0.00000000000000D+00  0.00000000000000D+00  0.00000000000000D+00
            0.00000000000000D+00  0.00000000000000D+00  0.00000000000000D+00
            0.00000000000000D+00  0.00000000000000D+00  0.00000000000000D+00
            0.00000000000000D+00  0.00000000000000D+00  0.00000000000000D+00
            0.00000000000000D+00  0.00000000000000D+00  0.00000000000000D+00
            0.00000000000000D+00  0.00000000000000D+00  0.00000000000000D+00
            0.00000000000000D+00  0.00000000000000D+00  0.00000000000000D+00
            0.00000000000000D+00  0.00000000000000D+00  0.00000000000000D+00
            0.00000000000000D+00  0.00000000000000D+00  0.00000000000000D+00
            0.00000000000000D+00  0.00000000000000D+00  0.00000000000000D+00
    symafm         1
    symrel         1    0    0    0    1    0    0    0    1
     tnons  0.00000000000000D+00  0.00000000000000D+00  0.00000000000000D+00
    tolwfr  0.10000000000000D+01
   tphysel  0.00000000000000D+00
    tsmear  0.10000000000000D-01
     typat         1    2    2    2    3    3    3    3    3    3    3    3
                   4    4    4    4    4    4    4    4    5    5    5    5
                   5    5    5    5    6    6    6    6    6    6    6    6
       wtk  0.10000000000000D+01
      xred  0.50000000000000D+00  0.00000000000000D+00  0.25000000000000D+00
            0.50000000000000D+00  0.00000000000000D+00  0.75000000000000D+00
            0.10000000000000D+01  0.50000000000000D+00  0.11890596229000D-03
            0.10000000000000D+01  0.50000000000000D+00  0.49988109400000D+00
            0.12744374710000D+00  0.82536213210000D+00  0.25000000000000D+00
            0.12704638640000D+00  0.82502282330000D+00  0.75000000000000D+00
            0.87255625290000D+00  0.17463786790000D+00  0.25000000000000D+00
            0.87295361360000D+00  0.17497717670000D+00  0.75000000000000D+00
            0.17499169840000D+00  0.12728967160000D+00  0.28739574230000D-03
            0.17499169840000D+00  0.12728967160000D+00  0.49971260430000D+00
            0.82500830160000D+00  0.87271032840000D+00  0.28739574230000D-03
            0.82500830160000D+00  0.87271032840000D+00  0.49971260430000D+00
            0.35299450600000D+00  0.68241995630000D+00  0.21289163617000D-03
            0.35173806670000D+00  0.68241995630000D+00  0.49978710840000D+00
            0.64826193330000D+00  0.31758004370000D+00  0.21289163617000D-03
            0.64826193330000D+00  0.31758004370000D+00  0.49978710840000D+00
            0.31780576680000D+00  0.35109081090000D+00  0.25000000000000D+00
            0.31777456060000D+00  0.35154217070000D+00  0.75000000000000D+00
            0.68219423320000D+00  0.64890918910000D+00  0.25000000000000D+00
            0.68222543940000D+00  0.64845782930000D+00  0.75000000000000D+00
            0.58430476540000D+00  0.73091011390000D+00  0.99992821440000D+00
            0.58430476540000D+00  0.73091011390000D+00  0.50007178560000D+00
            0.41569523460000D+00  0.26908988610000D+00  0.99992821440000D+00
            0.41569523460000D+00  0.26908988610000D+00  0.50007178560000D+00
            0.27019712620000D+00  0.58410218790000D+00  0.25000000000000D+00
            0.27041286440000D+00  0.58437089430000D+00  0.75000000000000D+00
            0.72980287380000D+00  0.41589781210000D+00  0.25000000000000D+00
            0.72958713560000D+00  0.41562910570000D+00  0.75000000000000D+00
            0.25250920030000D+00  0.88699605780000D+00  0.99991734080000D+00
            0.25250920030000D+00  0.88699605780000D+00  0.50008265920000D+00
            0.74749079970000D+00  0.11300394220000D+00  0.99991734080000D+00
            0.74749079970000D+00  0.11300394220000D+00  0.50008265920000D+00
            0.11279815010000D+00  0.25309031310000D+00  0.25000000000000D+00
            0.11273121590000D+00  0.25349138290000D+00  0.75000000000000D+00
            0.88720184990000D+00  0.74690968690000D+00  0.25000000000000D+00
            0.88726878410000D+00  0.74650861710000D+00  0.75000000000000D+00
     znucl  0.63000000000000D+02  0.38000000000000D+02  0.30000000000000D+01
            0.13000000000000D+02  0.70000000000000D+01  0.80000000000000D+01
      zion  0.17000000000000D+02  0.10000000000000D+02  0.30000000000000D+01
            0.30000000000000D+01  0.50000000000000D+01  0.60000000000000D+01
 
 No information on the potentials yet 
 
 **** Database of total energy derivatives ****
 Number of data blocks=    2
  
 1st derivatives              - # elements :         114
     1     1  0.22364998306064D-02  0.00000000000000D+00
     2     1 -0.27754470314065D-02  0.00000000000000D+00
     3     1 -0.12919421435455D-02  0.00000000000000D+00
     1     2  0.18974271225430D-02  0.00000000000000D+00
     2     2 -0.26658761655065D-02  0.00000000000000D+00
     3     2  0.11840199142429D-02  0.00000000000000D+00
     1     3 -0.69273356816818D-02  0.00000000000000D+00
     2     3 -0.31761709893751D-02  0.00000000000000D+00
     3     3  0.41082029396266D-03  0.00000000000000D+00
     1     4 -0.21122309003650D-02  0.00000000000000D+00
     2     4 -0.16637510237074D-03  0.00000000000000D+00
     3     4 -0.41181598469240D-03  0.00000000000000D+00
     1     5  0.66931840455659D-03  0.00000000000000D+00
     2     5  0.53929606255210D-02  0.00000000000000D+00
     3     5  0.22649665313225D-02  0.00000000000000D+00
     1     6 -0.38780296710256D-03  0.00000000000000D+00
     2     6  0.54415211059002D-02  0.00000000000000D+00
     3     6 -0.22552496135431D-02  0.00000000000000D+00
     1     7 -0.36764498081586D-02  0.00000000000000D+00
     2     7 -0.36349870733923D-02  0.00000000000000D+00
     3     7 -0.40536854223264D-04  0.00000000000000D+00
     1     8 -0.26196680546931D-02  0.00000000000000D+00
     2     8 -0.37256267676675D-02  0.00000000000000D+00
     3     8  0.40751942843661D-04  0.00000000000000D+00
     1     9 -0.24943328629865D-02  0.00000000000000D+00
     2     9  0.44414183871352D-02  0.00000000000000D+00
     3     9  0.83079121890542D-03  0.00000000000000D+00
     1    10 -0.23316868176861D-02  0.00000000000000D+00
     2    10  0.38400473146545D-02  0.00000000000000D+00
     3    10 -0.83211139461869D-03  0.00000000000000D+00
     1    11  0.78101757503616D-03  0.00000000000000D+00
     2    11 -0.40787371441028D-02  0.00000000000000D+00
     3    11  0.80647256826784D-03  0.00000000000000D+00
     1    12  0.20779160586470D-02  0.00000000000000D+00
     2    12 -0.37472013207827D-02  0.00000000000000D+00
     3    12 -0.81021486072500D-03  0.00000000000000D+00
     1    13  0.56049385105297D-01  0.00000000000000D+00
     2    13 -0.39509436412758D-02  0.00000000000000D+00
     3    13  0.11547620738296D-02  0.00000000000000D+00
     1    14 -0.54832972881893D-02  0.00000000000000D+00
     2    14 -0.60342380101481D-02  0.00000000000000D+00
     3    14 -0.12544554521864D-02  0.00000000000000D+00
     1    15  0.79643760271898D-02  0.00000000000000D+00
     2    15  0.92463256376042D-02  0.00000000000000D+00
     3    15  0.12806726246098D-02  0.00000000000000D+00
     1    16  0.90610008576222D-02  0.00000000000000D+00
     2    16  0.81296098150206D-02  0.00000000000000D+00
     3    16 -0.12866134542361D-02  0.00000000000000D+00
     1    17  0.64463981541629D-02  0.00000000000000D+00
     2    17 -0.13097897744790D-01  0.00000000000000D+00
     3    17 -0.45699875936086D-03  0.00000000000000D+00
     1    18  0.70735867242812D-02  0.00000000000000D+00
     2    18 -0.11603040401572D-01  0.00000000000000D+00
     3    18  0.46168893231542D-03  0.00000000000000D+00
     1    19 -0.97324629581879D-02  0.00000000000000D+00
     2    19  0.12877235253885D-01  0.00000000000000D+00
     3    19 -0.41558672563202D-02  0.00000000000000D+00
     1    20 -0.10393699443134D-01  0.00000000000000D+00
     2    20  0.11570266960031D-01  0.00000000000000D+00
     3    20  0.41561324037154D-02  0.00000000000000D+00
     1    21 -0.16257190096147D-01  0.00000000000000D+00
     2    21  0.91756535002950D-03  0.00000000000000D+00
     3    21 -0.21262805243958D-02  0.00000000000000D+00
     1    22  0.50656963225946D-02  0.00000000000000D+00
     2    22  0.31511534545635D-02  0.00000000000000D+00
     3    22  0.22342982692781D-02  0.00000000000000D+00
     1    23 -0.78377348055635D-02  0.00000000000000D+00
     2    23 -0.45229271522049D-02  0.00000000000000D+00
     3    23 -0.23101400187018D-02  0.00000000000000D+00
     1    24 -0.78763135344321D-02  0.00000000000000D+00
     2    24 -0.18375074392399D-02  0.00000000000000D+00
     3    24  0.23422254218346D-02  0.00000000000000D+00
     1    25 -0.10728051212297D-01  0.00000000000000D+00
     2    25  0.75538487591591D-02  0.00000000000000D+00
     3    25  0.37730068939539D-02  0.00000000000000D+00
     1    26 -0.12858662492547D-01  0.00000000000000D+00
     2    26  0.25870290887155D-02  0.00000000000000D+00
     3    26 -0.37123397984845D-02  0.00000000000000D+00
     1    27  0.33814564553154D-02  0.00000000000000D+00
     2    27 -0.10844761054152D-01  0.00000000000000D+00
     3    27  0.79824317140998D-03  0.00000000000000D+00
     1    28  0.55366092261170D-02  0.00000000000000D+00
     2    28 -0.58559110628268D-02  0.00000000000000D+00
     3    28 -0.78398642105407D-03  0.00000000000000D+00
     1    29 -0.16672901712300D-01  0.00000000000000D+00
     2    29 -0.17946032799892D-01  0.00000000000000D+00
     3    29 -0.29802734045145D-03  0.00000000000000D+00
     1    30 -0.56146660305136D-02  0.00000000000000D+00
     2    30 -0.25633192707090D-01  0.00000000000000D+00
     3    30  0.28467123228836D-03  0.00000000000000D+00
     1    31  0.52313659004930D-02  0.00000000000000D+00
     2    31  0.25706218424709D-01  0.00000000000000D+00
     3    31 -0.22877371877907D-03  0.00000000000000D+00
     1    32  0.46452347161123D-02  0.00000000000000D+00
     2    32  0.24334548628007D-01  0.00000000000000D+00
     3    32  0.23282477951317D-03  0.00000000000000D+00
     1    33  0.22440659311581D-01  0.00000000000000D+00
     2    33 -0.10735008119902D-01  0.00000000000000D+00
     3    33 -0.84295588644647D-04  0.00000000000000D+00
     1    34  0.20886609943708D-01  0.00000000000000D+00
     2    34 -0.84080352018504D-02  0.00000000000000D+00
     3    34  0.82689654343693D-04  0.00000000000000D+00
     1    35 -0.19497163290937D-01  0.00000000000000D+00
     2    35  0.10817875718695D-01  0.00000000000000D+00
     3    35  0.58441030841703D-03  0.00000000000000D+00
     1    36 -0.17939621049304D-01  0.00000000000000D+00
     2    36  0.84499370449934D-02  0.00000000000000D+00
     3    36 -0.58385138308569D-03  0.00000000000000D+00
     1    39  0.26493226961943D-02  0.00000000000000D+00
     2    39  0.26533503534452D-02  0.00000000000000D+00
     3    39  0.24361052700062D-02  0.00000000000000D+00
     1    40 -0.37404487737229D-08  0.00000000000000D+00
     2    40  0.55134376157112D-08  0.00000000000000D+00
     3    40 -0.18871694722231D-05  0.00000000000000D+00
  
 Total energy                 - # elements :           1
 -0.47548223354752D+03  0.00000000000000D+00
