 Fermi (or HOMO) energy (hartree) =   0.22127   Average Vxc (hartree)=  -0.38907
 Eigenvalues (hartree) for nkpt=   1  k points, SPIN UP:
 kpt#   1, nband=115, wtk=  1.00000, kpt=  0.0000  0.0000  0.0000 (reduced coord)
  -1.39328   -1.39286   -1.39276   -1.39267   -1.39261   -1.39251   -1.39235   -1.39228
  -1.22966   -1.05218   -1.04847   -1.04588   -0.48985   -0.48781   -0.47402   -0.46691
  -0.46686   -0.45923   -0.45587   -0.45214   -0.45180   -0.43737   -0.43719   -0.41206
  -0.40837   -0.40164   -0.39267   -0.38865   -0.38542   -0.38128   -0.37660   -0.36992
  -0.35319   -0.31288   -0.30946   -0.30885   -0.30840   -0.30730   -0.30503   -0.30362
  -0.02498   -0.01678   -0.01545   -0.01170   -0.01131    0.01842    0.01886    0.02684
   0.02714    0.02773    0.03938    0.04581    0.04670    0.05415    0.06651    0.06820
   0.06837    0.07126    0.07170    0.07815    0.07854    0.08949    0.08983    0.09503
   0.09972    0.10125    0.10439    0.10488    0.11554    0.11567    0.11736    0.12031
   0.12201    0.12281    0.12362    0.12584    0.13381    0.13407    0.13623    0.13873
   0.13877    0.13914    0.13942    0.13970    0.15277    0.16089    0.16231    0.16587
   0.21497    0.21504    0.21578    0.21617    0.21624    0.21701    0.22127    0.27968
   0.29059    0.29661    0.31773    0.32869    0.33830    0.37136    0.38114    0.38251
   0.38883    0.38892    0.39251    0.39916    0.39984    0.40278    0.40946    0.41091
   0.41929    0.42160    0.42281
 Eigenvalues (hartree) for nkpt=   1  k points, SPIN DOWN:
 kpt#   1, nband=115, wtk=  1.00000, kpt=  0.0000  0.0000  0.0000 (reduced coord)
  -1.39327   -1.39285   -1.39276   -1.39268   -1.39260   -1.39250   -1.39237   -1.39228
  -1.12247   -1.05216   -1.04829   -1.04587   -0.47250   -0.47221   -0.46713   -0.46686
  -0.45929   -0.45596   -0.45244   -0.45201   -0.41236   -0.41075   -0.40836   -0.40638
  -0.39264   -0.38862   -0.38732   -0.38448   -0.37643   -0.36991   -0.36874   -0.36075
  -0.35325   -0.30949   -0.30902   -0.30855   -0.30741   -0.30696   -0.30366   -0.30358
  -0.02469   -0.01606   -0.01527   -0.01123   -0.01037    0.01899    0.01912    0.02752
   0.02767    0.02795    0.03959    0.04640    0.04768    0.05523    0.06734    0.06845
   0.06882    0.07208    0.07268    0.07838    0.07906    0.09010    0.09068    0.09561
   0.10143    0.10191    0.10455    0.10494    0.11563    0.11596    0.11736    0.12110
   0.12343    0.12407    0.12487    0.12592    0.13369    0.13467    0.13883    0.13909
   0.13913    0.13951    0.13976    0.14007    0.15382    0.16251    0.16327    0.16641
   0.28874    0.29187    0.30033    0.32304    0.33665    0.33744    0.37679    0.38580
   0.38813    0.38847    0.39207    0.39403    0.39828    0.40049    0.41060    0.41097
   0.41570    0.42120    0.42216    0.42514    0.42781    0.42940    0.43113    0.45262
   0.45344    0.46477    0.46522
