 Fermi (or HOMO) energy (hartree) =   0.22133   Average Vxc (hartree)=  -0.38907
 Eigenvalues (hartree) for nkpt=   1  k points, SPIN UP:
 kpt#   1, nband=115, wtk=  1.00000, kpt=  0.0000  0.0000  0.0000 (reduced coord)
  -1.39357   -1.39324   -1.39309   -1.39282   -1.39271   -1.39269   -1.39266   -1.39252
  -1.22960   -1.05200   -1.04845   -1.04570   -0.48987   -0.48790   -0.47409   -0.46706
  -0.46683   -0.45941   -0.45605   -0.45241   -0.45189   -0.43745   -0.43737   -0.41198
  -0.40815   -0.40156   -0.39253   -0.38850   -0.38539   -0.38132   -0.37637   -0.36973
  -0.35302   -0.31252   -0.30943   -0.30866   -0.30814   -0.30733   -0.30473   -0.30367
  -0.02492   -0.01654   -0.01554   -0.01153   -0.01136    0.01847    0.01884    0.02671
   0.02717    0.02785    0.03931    0.04575    0.04657    0.05408    0.06642    0.06814
   0.06823    0.07115    0.07167    0.07799    0.07847    0.08933    0.08968    0.09502
   0.09949    0.10126    0.10434    0.10477    0.11560    0.11572    0.11732    0.12021
   0.12224    0.12271    0.12362    0.12595    0.13400    0.13405    0.13637    0.13878
   0.13892    0.13925    0.13945    0.13955    0.15276    0.16096    0.16245    0.16596
   0.21502    0.21511    0.21584    0.21621    0.21630    0.21707    0.22133    0.27974
   0.29048    0.29678    0.31773    0.32869    0.33822    0.37137    0.38109    0.38256
   0.38907    0.38912    0.39275    0.39916    0.40001    0.40285    0.40947    0.41109
   0.41901    0.42127    0.42168
 Eigenvalues (hartree) for nkpt=   1  k points, SPIN DOWN:
 kpt#   1, nband=115, wtk=  1.00000, kpt=  0.0000  0.0000  0.0000 (reduced coord)
  -1.39356   -1.39322   -1.39311   -1.39282   -1.39270   -1.39269   -1.39265   -1.39252
  -1.12241   -1.05198   -1.04827   -1.04568   -0.47270   -0.47237   -0.46729   -0.46698
  -0.45947   -0.45614   -0.45271   -0.45211   -0.41227   -0.41063   -0.40815   -0.40642
  -0.39250   -0.38847   -0.38724   -0.38448   -0.37620   -0.36971   -0.36877   -0.36071
  -0.35307   -0.30946   -0.30868   -0.30835   -0.30739   -0.30677   -0.30371   -0.30328
  -0.02462   -0.01582   -0.01536   -0.01128   -0.01020    0.01889    0.01926    0.02740
   0.02769    0.02804    0.03952    0.04634    0.04755    0.05516    0.06724    0.06838
   0.06867    0.07196    0.07265    0.07822    0.07900    0.08994    0.09054    0.09560
   0.10144    0.10168    0.10450    0.10482    0.11582    0.11589    0.11731    0.12099
   0.12368    0.12407    0.12476    0.12602    0.13388    0.13465    0.13899    0.13916
   0.13919    0.13952    0.13965    0.14022    0.15383    0.16266    0.16337    0.16649
   0.28882    0.29175    0.30046    0.32304    0.33661    0.33736    0.37686    0.38583
   0.38836    0.38842    0.39230    0.39423    0.39832    0.40063    0.41077    0.41101
   0.41575    0.42087    0.42199    0.42512    0.42780    0.42950    0.43105    0.45276
   0.45340    0.46479    0.46515
