
 **** DERIVATIVE DATABASE ****    
+DDB, Version number  20230401

  Note : temporary (transfer) database

    usepaw         1
     natom        36
      nkpt         1
    nsppol         2
      nsym         1
    ntypat         6
    occopt         2
     nband       115
     acell  0.10000000000000D+01  0.10000000000000D+01  0.10000000000000D+01
       amu  0.15196500000000D+03  0.87620000000000D+02  0.69410000000000D+01
            0.26981539000000D+02  0.14006740000000D+02  0.15999400000000D+02
   dilatmx  0.10000000000000D+01
      ecut  0.10000000000000D+02
 pawecutdg  0.20000000000000D+02
    ecutsm  0.00000000000000D+00
     intxc         0
      iscf        17
       ixc     -1012
       kpt  0.00000000000000D+00  0.00000000000000D+00  0.00000000000000D+00
    kptnrm  0.10000000000000D+01
     ngfft        45   45   36
    nspden         2
   nspinor         1
       occ  0.10000000000000D+01  0.10000000000000D+01  0.10000000000000D+01
            0.10000000000000D+01  0.10000000000000D+01  0.10000000000000D+01
            0.10000000000000D+01  0.10000000000000D+01  0.10000000000000D+01
            0.10000000000000D+01  0.10000000000000D+01  0.10000000000000D+01
            0.10000000000000D+01  0.10000000000000D+01  0.10000000000000D+01
            0.10000000000000D+01  0.10000000000000D+01  0.10000000000000D+01
            0.10000000000000D+01  0.10000000000000D+01  0.10000000000000D+01
            0.10000000000000D+01  0.10000000000000D+01  0.10000000000000D+01
            0.10000000000000D+01  0.10000000000000D+01  0.10000000000000D+01
            0.10000000000000D+01  0.10000000000000D+01  0.10000000000000D+01
            0.10000000000000D+01  0.10000000000000D+01  0.10000000000000D+01
            0.10000000000000D+01  0.10000000000000D+01  0.10000000000000D+01
            0.10000000000000D+01  0.10000000000000D+01  0.10000000000000D+01
            0.10000000000000D+01  0.10000000000000D+01  0.10000000000000D+01
            0.10000000000000D+01  0.10000000000000D+01  0.10000000000000D+01
            0.10000000000000D+01  0.10000000000000D+01  0.10000000000000D+01
            0.10000000000000D+01  0.10000000000000D+01  0.10000000000000D+01
            0.10000000000000D+01  0.10000000000000D+01  0.10000000000000D+01
            0.10000000000000D+01  0.10000000000000D+01  0.10000000000000D+01
            0.10000000000000D+01  0.10000000000000D+01  0.10000000000000D+01
            0.10000000000000D+01  0.10000000000000D+01  0.10000000000000D+01
            0.10000000000000D+01  0.10000000000000D+01  0.10000000000000D+01
            0.10000000000000D+01  0.10000000000000D+01  0.10000000000000D+01
            0.10000000000000D+01  0.10000000000000D+01  0.10000000000000D+01
            0.10000000000000D+01  0.10000000000000D+01  0.10000000000000D+01
            0.10000000000000D+01  0.10000000000000D+01  0.10000000000000D+01
            0.10000000000000D+01  0.10000000000000D+01  0.10000000000000D+01
            0.10000000000000D+01  0.10000000000000D+01  0.10000000000000D+01
            0.10000000000000D+01  0.10000000000000D+01  0.10000000000000D+01
            0.10000000000000D+01  0.10000000000000D+01  0.10000000000000D+01
            0.10000000000000D+01  0.10000000000000D+01  0.10000000000000D+01
            0.10000000000000D+01  0.10000000000000D+01  0.00000000000000D+00
            0.00000000000000D+00  0.00000000000000D+00  0.00000000000000D+00
            0.00000000000000D+00  0.00000000000000D+00  0.00000000000000D+00
            0.00000000000000D+00  0.00000000000000D+00  0.00000000000000D+00
            0.00000000000000D+00  0.00000000000000D+00  0.00000000000000D+00
            0.00000000000000D+00  0.00000000000000D+00  0.00000000000000D+00
            0.00000000000000D+00  0.00000000000000D+00  0.00000000000000D+00
            0.00000000000000D+00
     rprim  0.15040330225900D+02  0.00000000000000D+00  0.00000000000000D+00
            0.00000000000000D+00  0.15040330225900D+02  0.00000000000000D+00
            0.00000000000000D+00  0.00000000000000D+00  0.12033775961600D+02
  dfpt_sciss  0.00000000000000D+00
    spinat  0.00000000000000D+00  0.00000000000000D+00  0.00000000000000D+00
            0.00000000000000D+00  0.00000000000000D+00  0.00000000000000D+00
            0.00000000000000D+00  0.00000000000000D+00  0.00000000000000D+00
            0.00000000000000D+00  0.00000000000000D+00  0.00000000000000D+00
            0.00000000000000D+00  0.00000000000000D+00  0.00000000000000D+00
            0.00000000000000D+00  0.00000000000000D+00  0.00000000000000D+00
            0.00000000000000D+00  0.00000000000000D+00  0.00000000000000D+00
            0.00000000000000D+00  0.00000000000000D+00  0.00000000000000D+00
            0.00000000000000D+00  0.00000000000000D+00  0.00000000000000D+00
            0.00000000000000D+00  0.00000000000000D+00  0.00000000000000D+00
            0.00000000000000D+00  0.00000000000000D+00  0.00000000000000D+00
            0.00000000000000D+00  0.00000000000000D+00  0.00000000000000D+00
            0.00000000000000D+00  0.00000000000000D+00  0.00000000000000D+00
            0.00000000000000D+00  0.00000000000000D+00  0.00000000000000D+00
            0.00000000000000D+00  0.00000000000000D+00  0.00000000000000D+00
            0.00000000000000D+00  0.00000000000000D+00  0.00000000000000D+00
            0.00000000000000D+00  0.00000000000000D+00  0.00000000000000D+00
            0.00000000000000D+00  0.00000000000000D+00  0.00000000000000D+00
            0.00000000000000D+00  0.00000000000000D+00  0.00000000000000D+00
            0.00000000000000D+00  0.00000000000000D+00  0.00000000000000D+00
            0.00000000000000D+00  0.00000000000000D+00  0.00000000000000D+00
            0.00000000000000D+00  0.00000000000000D+00  0.00000000000000D+00
            0.00000000000000D+00  0.00000000000000D+00  0.00000000000000D+00
            0.00000000000000D+00  0.00000000000000D+00  0.00000000000000D+00
            0.00000000000000D+00  0.00000000000000D+00  0.00000000000000D+00
            0.00000000000000D+00  0.00000000000000D+00  0.00000000000000D+00
            0.00000000000000D+00  0.00000000000000D+00  0.00000000000000D+00
            0.00000000000000D+00  0.00000000000000D+00  0.00000000000000D+00
            0.00000000000000D+00  0.00000000000000D+00  0.00000000000000D+00
            0.00000000000000D+00  0.00000000000000D+00  0.00000000000000D+00
            0.00000000000000D+00  0.00000000000000D+00  0.00000000000000D+00
            0.00000000000000D+00  0.00000000000000D+00  0.00000000000000D+00
            0.00000000000000D+00  0.00000000000000D+00  0.00000000000000D+00
            0.00000000000000D+00  0.00000000000000D+00  0.00000000000000D+00
            0.00000000000000D+00  0.00000000000000D+00  0.00000000000000D+00
            0.00000000000000D+00  0.00000000000000D+00  0.00000000000000D+00
    symafm         1
    symrel         1    0    0    0    1    0    0    0    1
     tnons  0.00000000000000D+00  0.00000000000000D+00  0.00000000000000D+00
    tolwfr  0.10000000000000D+01
   tphysel  0.00000000000000D+00
    tsmear  0.10000000000000D-01
     typat         1    2    2    2    3    3    3    3    3    3    3    3
                   4    4    4    4    4    4    4    4    5    5    5    5
                   5    5    5    5    6    6    6    6    6    6    6    6
       wtk  0.10000000000000D+01
      xred  0.50000000000000D+00  0.00000000000000D+00  0.25000000000000D+00
            0.50000000000000D+00  0.00000000000000D+00  0.75000000000000D+00
            0.10000000000000D+01  0.50000000000000D+00  0.11890596229000D-03
            0.10000000000000D+01  0.50000000000000D+00  0.49988109400000D+00
            0.12744374710000D+00  0.82536213210000D+00  0.25000000000000D+00
            0.12704638640000D+00  0.82502282330000D+00  0.75000000000000D+00
            0.87255625290000D+00  0.17463786790000D+00  0.25000000000000D+00
            0.87295361360000D+00  0.17497717670000D+00  0.75000000000000D+00
            0.17499169840000D+00  0.12728967160000D+00  0.28739574230000D-03
            0.17499169840000D+00  0.12728967160000D+00  0.49971260430000D+00
            0.82500830160000D+00  0.87271032840000D+00  0.28739574230000D-03
            0.82500830160000D+00  0.87271032840000D+00  0.49971260430000D+00
            0.35173806670000D+00  0.68241995630000D+00  0.21289163617000D-03
            0.35173806670000D+00  0.68241995630000D+00  0.49978710840000D+00
            0.64826193330000D+00  0.31758004370000D+00  0.21289163617000D-03
            0.64826193330000D+00  0.31758004370000D+00  0.49978710840000D+00
            0.31780576680000D+00  0.35109081090000D+00  0.25000000000000D+00
            0.31679349450000D+00  0.35154217070000D+00  0.74901893390000D+00
            0.68219423320000D+00  0.64890918910000D+00  0.25000000000000D+00
            0.68222543940000D+00  0.64845782930000D+00  0.75000000000000D+00
            0.58430476540000D+00  0.73091011390000D+00  0.99992821440000D+00
            0.58430476540000D+00  0.73091011390000D+00  0.50007178560000D+00
            0.41569523460000D+00  0.26908988610000D+00  0.99992821440000D+00
            0.41569523460000D+00  0.26908988610000D+00  0.50007178560000D+00
            0.27019712620000D+00  0.58410218790000D+00  0.25000000000000D+00
            0.27041286440000D+00  0.58437089430000D+00  0.75000000000000D+00
            0.72980287380000D+00  0.41589781210000D+00  0.25000000000000D+00
            0.72958713560000D+00  0.41562910570000D+00  0.75000000000000D+00
            0.25250920030000D+00  0.88699605780000D+00  0.99991734080000D+00
            0.25250920030000D+00  0.88699605780000D+00  0.50008265920000D+00
            0.74749079970000D+00  0.11300394220000D+00  0.99991734080000D+00
            0.74749079970000D+00  0.11300394220000D+00  0.50008265920000D+00
            0.11279815010000D+00  0.25309031310000D+00  0.25000000000000D+00
            0.11273121590000D+00  0.25349138290000D+00  0.75000000000000D+00
            0.88720184990000D+00  0.74690968690000D+00  0.25000000000000D+00
            0.88726878410000D+00  0.74650861710000D+00  0.75000000000000D+00
     znucl  0.63000000000000D+02  0.38000000000000D+02  0.30000000000000D+01
            0.13000000000000D+02  0.70000000000000D+01  0.80000000000000D+01
      zion  0.17000000000000D+02  0.10000000000000D+02  0.30000000000000D+01
            0.30000000000000D+01  0.50000000000000D+01  0.60000000000000D+01
 
 No information on the potentials yet 
 
 **** Database of total energy derivatives ****
 Number of data blocks=    2
  
 1st derivatives              - # elements :         114
     1     1  0.21750279370826D-03  0.00000000000000D+00
     2     1 -0.11241801217958D-02  0.00000000000000D+00
     3     1  0.93600253174820D-03  0.00000000000000D+00
     1     2  0.16310193481552D-03  0.00000000000000D+00
     2     2 -0.31770953220445D-02  0.00000000000000D+00
     3     2 -0.11284414318424D-02  0.00000000000000D+00
     1     3  0.15623434175126D-02  0.00000000000000D+00
     2     3 -0.16256600473463D-02  0.00000000000000D+00
     3     3 -0.10325285818336D-02  0.00000000000000D+00
     1     4  0.49927852276099D-02  0.00000000000000D+00
     2     4 -0.33418299062895D-02  0.00000000000000D+00
     3     4  0.19538912955747D-02  0.00000000000000D+00
     1     5  0.32180374590470D-02  0.00000000000000D+00
     2     5  0.38864028185431D-02  0.00000000000000D+00
     3     5 -0.14441869444776D-04  0.00000000000000D+00
     1     6  0.23307941442500D-02  0.00000000000000D+00
     2     6  0.43685649992246D-02  0.00000000000000D+00
     3     6  0.10371783168536D-03  0.00000000000000D+00
     1     7 -0.29365335517255D-02  0.00000000000000D+00
     2     7 -0.37929116577902D-02  0.00000000000000D+00
     3     7  0.82923618604780D-04  0.00000000000000D+00
     1     8 -0.45922256216318D-03  0.00000000000000D+00
     2     8 -0.38815047199110D-02  0.00000000000000D+00
     3     8 -0.20931297169566D-04  0.00000000000000D+00
     1     9 -0.44350223670620D-02  0.00000000000000D+00
     2     9  0.35027430144715D-02  0.00000000000000D+00
     3     9 -0.19621650227536D-03  0.00000000000000D+00
     1    10 -0.16182735891352D-02  0.00000000000000D+00
     2    10  0.69041475876783D-02  0.00000000000000D+00
     3    10  0.15524330680197D-02  0.00000000000000D+00
     1    11  0.24744003898976D-02  0.00000000000000D+00
     2    11 -0.37180549463093D-02  0.00000000000000D+00
     3    11  0.80742249588460D-03  0.00000000000000D+00
     1    12  0.24369817590084D-02  0.00000000000000D+00
     2    12 -0.35140297119335D-02  0.00000000000000D+00
     3    12 -0.80097703617089D-03  0.00000000000000D+00
     1    13 -0.87595739917452D-02  0.00000000000000D+00
     2    13 -0.48611998627801D-02  0.00000000000000D+00
     3    13  0.92447310993283D-03  0.00000000000000D+00
     1    14 -0.80439505027741D-02  0.00000000000000D+00
     2    14 -0.87814473741071D-02  0.00000000000000D+00
     3    14 -0.40030813512424D-03  0.00000000000000D+00
     1    15  0.14199845154728D-01  0.00000000000000D+00
     2    15  0.73842837317829D-02  0.00000000000000D+00
     3    15  0.34969026438055D-02  0.00000000000000D+00
     1    16  0.77525996277520D-02  0.00000000000000D+00
     2    16  0.61693607064089D-02  0.00000000000000D+00
     3    16 -0.29731531314259D-02  0.00000000000000D+00
     1    17  0.29487940167694D-02  0.00000000000000D+00
     2    17 -0.10409034028723D-01  0.00000000000000D+00
     3    17  0.57667858471818D-02  0.00000000000000D+00
     1    18 -0.39338595159899D-01  0.00000000000000D+00
     2    18 -0.82402110779457D-02  0.00000000000000D+00
     3    18 -0.30550319338807D-01  0.00000000000000D+00
     1    19 -0.50884102489431D-02  0.00000000000000D+00
     2    19  0.11962159260992D-01  0.00000000000000D+00
     3    19  0.24297245946213D-04  0.00000000000000D+00
     1    20 -0.59490040870935D-02  0.00000000000000D+00
     2    20  0.11475076974288D-01  0.00000000000000D+00
     3    20 -0.68344541315224D-04  0.00000000000000D+00
     1    21  0.66329681225825D-02  0.00000000000000D+00
     2    21  0.34149252949921D-02  0.00000000000000D+00
     3    21 -0.20357511549658D-02  0.00000000000000D+00
     1    22  0.65806804582689D-02  0.00000000000000D+00
     2    22  0.41928925500995D-02  0.00000000000000D+00
     3    22  0.20706572937968D-02  0.00000000000000D+00
     1    23  0.28252133683781D-02  0.00000000000000D+00
     2    23 -0.77932265206512D-02  0.00000000000000D+00
     3    23  0.94937650992369D-02  0.00000000000000D+00
     1    24 -0.21452000057174D-02  0.00000000000000D+00
     2    24 -0.32174995848757D-02  0.00000000000000D+00
     3    24  0.67383715719062D-02  0.00000000000000D+00
     1    25 -0.20927668370409D-02  0.00000000000000D+00
     2    25  0.90322113763433D-02  0.00000000000000D+00
     3    25 -0.11185742867490D-02  0.00000000000000D+00
     1    26  0.29670110080143D-03  0.00000000000000D+00
     2    26  0.29377706571773D-02  0.00000000000000D+00
     3    26  0.35742081357158D-02  0.00000000000000D+00
     1    27  0.21906819587831D-02  0.00000000000000D+00
     2    27 -0.98686954963318D-02  0.00000000000000D+00
     3    27 -0.81793446192941D-03  0.00000000000000D+00
     1    28  0.18439608438620D-02  0.00000000000000D+00
     2    28 -0.50145090893581D-02  0.00000000000000D+00
     3    28  0.69400282223718D-03  0.00000000000000D+00
     1    29 -0.42798122235488D-02  0.00000000000000D+00
     2    29 -0.23959711065693D-01  0.00000000000000D+00
     3    29  0.35971722186099D-03  0.00000000000000D+00
     1    30 -0.44862901900768D-02  0.00000000000000D+00
     2    30 -0.25895360218357D-01  0.00000000000000D+00
     3    30 -0.16042301527929D-03  0.00000000000000D+00
     1    31  0.28228835821014D-02  0.00000000000000D+00
     2    31  0.25524129790594D-01  0.00000000000000D+00
     3    31 -0.24920810918336D-03  0.00000000000000D+00
     1    32  0.50353858450973D-02  0.00000000000000D+00
     2    32  0.24721702542388D-01  0.00000000000000D+00
     3    32  0.30776610210092D-03  0.00000000000000D+00
     1    33  0.23652326140857D-01  0.00000000000000D+00
     2    33 -0.10799678067530D-01  0.00000000000000D+00
     3    33 -0.11775149946000D-02  0.00000000000000D+00
     1    34  0.38668847816524D-01  0.00000000000000D+00
     2    34 -0.14325940232133D-02  0.00000000000000D+00
     3    34  0.38719855489753D-02  0.00000000000000D+00
     1    35 -0.22310658573072D-01  0.00000000000000D+00
     2    35  0.10974787589877D-01  0.00000000000000D+00
     3    35 -0.54304155558574D-05  0.00000000000000D+00
     1    36 -0.20874380388085D-01  0.00000000000000D+00
     2    36  0.79913680187237D-02  0.00000000000000D+00
     3    36  0.15135748616932D-04  0.00000000000000D+00
     1    39  0.26489749497338D-02  0.00000000000000D+00
     2    39  0.26523027777428D-02  0.00000000000000D+00
     3    39  0.24361373405578D-02  0.00000000000000D+00
     1    40 -0.40875026828624D-06  0.00000000000000D+00
     2    40  0.38714357469146D-06  0.00000000000000D+00
     3    40 -0.23527343306662D-05  0.00000000000000D+00
  
 Total energy                 - # elements :           1
 -0.47548223246009D+03  0.00000000000000D+00
