 Fermi (or HOMO) energy (hartree) =   0.22142   Average Vxc (hartree)=  -0.38907
 Eigenvalues (hartree) for nkpt=   1  k points, SPIN UP:
 kpt#   1, nband=115, wtk=  1.00000, kpt=  0.0000  0.0000  0.0000 (reduced coord)
  -1.39342   -1.39301   -1.39287   -1.39273   -1.39272   -1.39266   -1.39262   -1.39249
  -1.22951   -1.05235   -1.04831   -1.04606   -0.48978   -0.48783   -0.47418   -0.46723
  -0.46682   -0.45947   -0.45613   -0.45234   -0.45209   -0.43738   -0.43729   -0.41226
  -0.40858   -0.40139   -0.39287   -0.38884   -0.38526   -0.38121   -0.37681   -0.37009
  -0.35295   -0.31237   -0.30955   -0.30868   -0.30786   -0.30742   -0.30449   -0.30375
  -0.02496   -0.01636   -0.01557   -0.01144   -0.01137    0.01847    0.01875    0.02668
   0.02710    0.02790    0.03931    0.04571    0.04654    0.05404    0.06639    0.06805
   0.06824    0.07119    0.07160    0.07802    0.07837    0.08926    0.08968    0.09505
   0.09954    0.10104    0.10439    0.10472    0.11554    0.11572    0.11721    0.12016
   0.12237    0.12276    0.12351    0.12580    0.13394    0.13402    0.13647    0.13878
   0.13907    0.13924    0.13941    0.13948    0.15286    0.16105    0.16237    0.16600
   0.21512    0.21520    0.21593    0.21630    0.21638    0.21716    0.22142    0.27977
   0.29052    0.29676    0.31763    0.32880    0.33806    0.37150    0.38110    0.38236
   0.38886    0.38929    0.39263    0.39913    0.40015    0.40283    0.40950    0.41090
   0.41923    0.42134    0.42181
 Eigenvalues (hartree) for nkpt=   1  k points, SPIN DOWN:
 kpt#   1, nband=115, wtk=  1.00000, kpt=  0.0000  0.0000  0.0000 (reduced coord)
  -1.39341   -1.39300   -1.39287   -1.39272   -1.39271   -1.39268   -1.39261   -1.39249
  -1.12232   -1.05234   -1.04813   -1.04604   -0.47262   -0.47253   -0.46721   -0.46715
  -0.45952   -0.45623   -0.45264   -0.45231   -0.41257   -0.41048   -0.40858   -0.40632
  -0.39285   -0.38881   -0.38712   -0.38436   -0.37663   -0.37008   -0.36869   -0.36060
  -0.35301   -0.30958   -0.30871   -0.30813   -0.30745   -0.30658   -0.30379   -0.30304
  -0.02467   -0.01564   -0.01539   -0.01130   -0.01011    0.01885    0.01921    0.02738
   0.02762    0.02808    0.03952    0.04630    0.04752    0.05511    0.06723    0.06830
   0.06869    0.07201    0.07259    0.07825    0.07889    0.08987    0.09054    0.09561
   0.10122    0.10174    0.10455    0.10477    0.11581    0.11582    0.11722    0.12092
   0.12380    0.12396    0.12480    0.12588    0.13388    0.13456    0.13905    0.13911
   0.13931    0.13946    0.13955    0.14037    0.15392    0.16258    0.16347    0.16653
   0.28876    0.29180    0.30048    0.32299    0.33678    0.33720    0.37678    0.38579
   0.38813    0.38841    0.39219    0.39445    0.39830    0.40077    0.41057    0.41096
   0.41571    0.42116    0.42205    0.42505    0.42766    0.42934    0.43113    0.45252
   0.45359    0.46477    0.46512
