
 **** DERIVATIVE DATABASE ****    
+DDB, Version number  20230401

  Note : temporary (transfer) database

    usepaw         1
     natom        36
      nkpt         1
    nsppol         2
      nsym         1
    ntypat         6
    occopt         2
     nband       115
     acell  0.10000000000000D+01  0.10000000000000D+01  0.10000000000000D+01
       amu  0.15196500000000D+03  0.87620000000000D+02  0.69410000000000D+01
            0.26981539000000D+02  0.14006740000000D+02  0.15999400000000D+02
   dilatmx  0.10000000000000D+01
      ecut  0.10000000000000D+02
 pawecutdg  0.20000000000000D+02
    ecutsm  0.00000000000000D+00
     intxc         0
      iscf        17
       ixc     -1012
       kpt  0.00000000000000D+00  0.00000000000000D+00  0.00000000000000D+00
    kptnrm  0.10000000000000D+01
     ngfft        45   45   36
    nspden         2
   nspinor         1
       occ  0.10000000000000D+01  0.10000000000000D+01  0.10000000000000D+01
            0.10000000000000D+01  0.10000000000000D+01  0.10000000000000D+01
            0.10000000000000D+01  0.10000000000000D+01  0.10000000000000D+01
            0.10000000000000D+01  0.10000000000000D+01  0.10000000000000D+01
            0.10000000000000D+01  0.10000000000000D+01  0.10000000000000D+01
            0.10000000000000D+01  0.10000000000000D+01  0.10000000000000D+01
            0.10000000000000D+01  0.10000000000000D+01  0.10000000000000D+01
            0.10000000000000D+01  0.10000000000000D+01  0.10000000000000D+01
            0.10000000000000D+01  0.10000000000000D+01  0.10000000000000D+01
            0.10000000000000D+01  0.10000000000000D+01  0.10000000000000D+01
            0.10000000000000D+01  0.10000000000000D+01  0.10000000000000D+01
            0.10000000000000D+01  0.10000000000000D+01  0.10000000000000D+01
            0.10000000000000D+01  0.10000000000000D+01  0.10000000000000D+01
            0.10000000000000D+01  0.10000000000000D+01  0.10000000000000D+01
            0.10000000000000D+01  0.10000000000000D+01  0.10000000000000D+01
            0.10000000000000D+01  0.10000000000000D+01  0.10000000000000D+01
            0.10000000000000D+01  0.10000000000000D+01  0.10000000000000D+01
            0.10000000000000D+01  0.10000000000000D+01  0.10000000000000D+01
            0.10000000000000D+01  0.10000000000000D+01  0.10000000000000D+01
            0.10000000000000D+01  0.10000000000000D+01  0.10000000000000D+01
            0.10000000000000D+01  0.10000000000000D+01  0.10000000000000D+01
            0.10000000000000D+01  0.10000000000000D+01  0.10000000000000D+01
            0.10000000000000D+01  0.10000000000000D+01  0.10000000000000D+01
            0.10000000000000D+01  0.10000000000000D+01  0.10000000000000D+01
            0.10000000000000D+01  0.10000000000000D+01  0.10000000000000D+01
            0.10000000000000D+01  0.10000000000000D+01  0.10000000000000D+01
            0.10000000000000D+01  0.10000000000000D+01  0.10000000000000D+01
            0.10000000000000D+01  0.10000000000000D+01  0.10000000000000D+01
            0.10000000000000D+01  0.10000000000000D+01  0.10000000000000D+01
            0.10000000000000D+01  0.10000000000000D+01  0.10000000000000D+01
            0.10000000000000D+01  0.10000000000000D+01  0.10000000000000D+01
            0.10000000000000D+01  0.10000000000000D+01  0.00000000000000D+00
            0.00000000000000D+00  0.00000000000000D+00  0.00000000000000D+00
            0.00000000000000D+00  0.00000000000000D+00  0.00000000000000D+00
            0.00000000000000D+00  0.00000000000000D+00  0.00000000000000D+00
            0.00000000000000D+00  0.00000000000000D+00  0.00000000000000D+00
            0.00000000000000D+00  0.00000000000000D+00  0.00000000000000D+00
            0.00000000000000D+00  0.00000000000000D+00  0.00000000000000D+00
            0.00000000000000D+00
     rprim  0.15040330225900D+02  0.00000000000000D+00  0.00000000000000D+00
            0.00000000000000D+00  0.15040330225900D+02  0.00000000000000D+00
            0.00000000000000D+00  0.00000000000000D+00  0.12033775961600D+02
  dfpt_sciss  0.00000000000000D+00
    spinat  0.00000000000000D+00  0.00000000000000D+00  0.00000000000000D+00
            0.00000000000000D+00  0.00000000000000D+00  0.00000000000000D+00
            0.00000000000000D+00  0.00000000000000D+00  0.00000000000000D+00
            0.00000000000000D+00  0.00000000000000D+00  0.00000000000000D+00
            0.00000000000000D+00  0.00000000000000D+00  0.00000000000000D+00
            0.00000000000000D+00  0.00000000000000D+00  0.00000000000000D+00
            0.00000000000000D+00  0.00000000000000D+00  0.00000000000000D+00
            0.00000000000000D+00  0.00000000000000D+00  0.00000000000000D+00
            0.00000000000000D+00  0.00000000000000D+00  0.00000000000000D+00
            0.00000000000000D+00  0.00000000000000D+00  0.00000000000000D+00
            0.00000000000000D+00  0.00000000000000D+00  0.00000000000000D+00
            0.00000000000000D+00  0.00000000000000D+00  0.00000000000000D+00
            0.00000000000000D+00  0.00000000000000D+00  0.00000000000000D+00
            0.00000000000000D+00  0.00000000000000D+00  0.00000000000000D+00
            0.00000000000000D+00  0.00000000000000D+00  0.00000000000000D+00
            0.00000000000000D+00  0.00000000000000D+00  0.00000000000000D+00
            0.00000000000000D+00  0.00000000000000D+00  0.00000000000000D+00
            0.00000000000000D+00  0.00000000000000D+00  0.00000000000000D+00
            0.00000000000000D+00  0.00000000000000D+00  0.00000000000000D+00
            0.00000000000000D+00  0.00000000000000D+00  0.00000000000000D+00
            0.00000000000000D+00  0.00000000000000D+00  0.00000000000000D+00
            0.00000000000000D+00  0.00000000000000D+00  0.00000000000000D+00
            0.00000000000000D+00  0.00000000000000D+00  0.00000000000000D+00
            0.00000000000000D+00  0.00000000000000D+00  0.00000000000000D+00
            0.00000000000000D+00  0.00000000000000D+00  0.00000000000000D+00
            0.00000000000000D+00  0.00000000000000D+00  0.00000000000000D+00
            0.00000000000000D+00  0.00000000000000D+00  0.00000000000000D+00
            0.00000000000000D+00  0.00000000000000D+00  0.00000000000000D+00
            0.00000000000000D+00  0.00000000000000D+00  0.00000000000000D+00
            0.00000000000000D+00  0.00000000000000D+00  0.00000000000000D+00
            0.00000000000000D+00  0.00000000000000D+00  0.00000000000000D+00
            0.00000000000000D+00  0.00000000000000D+00  0.00000000000000D+00
            0.00000000000000D+00  0.00000000000000D+00  0.00000000000000D+00
            0.00000000000000D+00  0.00000000000000D+00  0.00000000000000D+00
            0.00000000000000D+00  0.00000000000000D+00  0.00000000000000D+00
            0.00000000000000D+00  0.00000000000000D+00  0.00000000000000D+00
    symafm         1
    symrel         1    0    0    0    1    0    0    0    1
     tnons  0.00000000000000D+00  0.00000000000000D+00  0.00000000000000D+00
    tolwfr  0.10000000000000D+01
   tphysel  0.00000000000000D+00
    tsmear  0.10000000000000D-01
     typat         1    2    2    2    3    3    3    3    3    3    3    3
                   4    4    4    4    4    4    4    4    5    5    5    5
                   5    5    5    5    6    6    6    6    6    6    6    6
       wtk  0.10000000000000D+01
      xred  0.50000000000000D+00  0.00000000000000D+00  0.25000000000000D+00
            0.50000000000000D+00  0.00000000000000D+00  0.75000000000000D+00
            0.10000000000000D+01  0.50000000000000D+00  0.11890596229000D-03
            0.10000000000000D+01  0.50000000000000D+00  0.49988109400000D+00
            0.12744374710000D+00  0.82536213210000D+00  0.25000000000000D+00
            0.12704638640000D+00  0.82502282330000D+00  0.75000000000000D+00
            0.87255625290000D+00  0.17463786790000D+00  0.25000000000000D+00
            0.87295361360000D+00  0.17497717670000D+00  0.75000000000000D+00
            0.17499169840000D+00  0.12728967160000D+00  0.28739574230000D-03
            0.17499169840000D+00  0.12728967160000D+00  0.49971260430000D+00
            0.82500830160000D+00  0.87271032840000D+00  0.28739574230000D-03
            0.82500830160000D+00  0.87271032840000D+00  0.49971260430000D+00
            0.35173806670000D+00  0.68241995630000D+00  0.21289163617000D-03
            0.35173806670000D+00  0.68241995630000D+00  0.49978710840000D+00
            0.64826193330000D+00  0.31758004370000D+00  0.21289163617000D-03
            0.64826193330000D+00  0.31758004370000D+00  0.49978710840000D+00
            0.31780576680000D+00  0.35109081090000D+00  0.25000000000000D+00
            0.31777456060000D+00  0.35154217070000D+00  0.75000000000000D+00
            0.68219423320000D+00  0.64890918910000D+00  0.25000000000000D+00
            0.68222543940000D+00  0.64845782930000D+00  0.75000000000000D+00
            0.58430476540000D+00  0.73091011390000D+00  0.99992821440000D+00
            0.58430476540000D+00  0.73091011390000D+00  0.50007178560000D+00
            0.41569523460000D+00  0.26908988610000D+00  0.99992821440000D+00
            0.41569523460000D+00  0.26908988610000D+00  0.50007178560000D+00
            0.27019712620000D+00  0.58410218790000D+00  0.25000000000000D+00
            0.27041286440000D+00  0.58437089430000D+00  0.75000000000000D+00
            0.72980287380000D+00  0.41589781210000D+00  0.25000000000000D+00
            0.72958713560000D+00  0.41562910570000D+00  0.75000000000000D+00
            0.25250920030000D+00  0.88825249710000D+00  0.99991734080000D+00
            0.25250920030000D+00  0.88699605780000D+00  0.50008265920000D+00
            0.74749079970000D+00  0.11300394220000D+00  0.99991734080000D+00
            0.74749079970000D+00  0.11300394220000D+00  0.50008265920000D+00
            0.11279815010000D+00  0.25309031310000D+00  0.25000000000000D+00
            0.11273121590000D+00  0.25349138290000D+00  0.75000000000000D+00
            0.88720184990000D+00  0.74690968690000D+00  0.25000000000000D+00
            0.88726878410000D+00  0.74650861710000D+00  0.75000000000000D+00
     znucl  0.63000000000000D+02  0.38000000000000D+02  0.30000000000000D+01
            0.13000000000000D+02  0.70000000000000D+01  0.80000000000000D+01
      zion  0.17000000000000D+02  0.10000000000000D+02  0.30000000000000D+01
            0.30000000000000D+01  0.50000000000000D+01  0.60000000000000D+01
 
 No information on the potentials yet 
 
 **** Database of total energy derivatives ****
 Number of data blocks=    2
  
 1st derivatives              - # elements :         114
     1     1  0.15803247596436D-02  0.00000000000000D+00
     2     1 -0.11301979378592D-02  0.00000000000000D+00
     3     1  0.31673860954773D-03  0.00000000000000D+00
     1     2  0.13737432227316D-02  0.00000000000000D+00
     2     2 -0.12824159156181D-02  0.00000000000000D+00
     3     2 -0.29212816544236D-03  0.00000000000000D+00
     1     3  0.10807102414426D-02  0.00000000000000D+00
     2     3  0.20026538421264D-02  0.00000000000000D+00
     3     3  0.41350474112162D-03  0.00000000000000D+00
     1     4  0.88768997915424D-03  0.00000000000000D+00
     2     4  0.83562290129092D-03  0.00000000000000D+00
     3     4 -0.41522556751478D-03  0.00000000000000D+00
     1     5  0.33026125218531D-02  0.00000000000000D+00
     2     5  0.10748867561022D-02  0.00000000000000D+00
     3     5  0.13532319430629D-03  0.00000000000000D+00
     1     6  0.22449841795060D-02  0.00000000000000D+00
     2     6  0.11582919479809D-02  0.00000000000000D+00
     3     6 -0.12109043713610D-03  0.00000000000000D+00
     1     7 -0.35237895832281D-02  0.00000000000000D+00
     2     7 -0.35733331928066D-02  0.00000000000000D+00
     3     7  0.63540860240692D-04  0.00000000000000D+00
     1     8 -0.24733072713336D-02  0.00000000000000D+00
     2     8 -0.36619088368277D-02  0.00000000000000D+00
     3     8 -0.60996135187317D-04  0.00000000000000D+00
     1     9 -0.26767474511103D-02  0.00000000000000D+00
     2     9  0.38011365516732D-02  0.00000000000000D+00
     3     9  0.84474511023180D-03  0.00000000000000D+00
     1    10 -0.21051316355280D-02  0.00000000000000D+00
     2    10  0.37128505304794D-02  0.00000000000000D+00
     3    10 -0.83295857362269D-03  0.00000000000000D+00
     1    11  0.18517822457250D-02  0.00000000000000D+00
     2    11 -0.43824990892302D-02  0.00000000000000D+00
     3    11  0.81340381856065D-03  0.00000000000000D+00
     1    12  0.22308732122614D-02  0.00000000000000D+00
     2    12 -0.40072483361090D-02  0.00000000000000D+00
     3    12 -0.80719198799991D-03  0.00000000000000D+00
     1    13 -0.11395786337835D-02  0.00000000000000D+00
     2    13 -0.29085419920635D-01  0.00000000000000D+00
     3    13  0.12527417609524D-02  0.00000000000000D+00
     1    14 -0.85132865343202D-02  0.00000000000000D+00
     2    14 -0.97872957776950D-02  0.00000000000000D+00
     3    14 -0.12547631838846D-02  0.00000000000000D+00
     1    15  0.85896601996394D-02  0.00000000000000D+00
     2    15  0.81715352271717D-02  0.00000000000000D+00
     3    15  0.12662166249541D-02  0.00000000000000D+00
     1    16  0.72138698312528D-02  0.00000000000000D+00
     2    16  0.80845884503694D-02  0.00000000000000D+00
     3    16 -0.12639953339232D-02  0.00000000000000D+00
     1    17  0.56524668071191D-02  0.00000000000000D+00
     2    17 -0.90982586916617D-02  0.00000000000000D+00
     3    17  0.12401595725982D-02  0.00000000000000D+00
     1    18  0.63089598643735D-02  0.00000000000000D+00
     2    18 -0.76370747470963D-02  0.00000000000000D+00
     3    18 -0.12453976505707D-02  0.00000000000000D+00
     1    19 -0.59006639724001D-02  0.00000000000000D+00
     2    19  0.12057312299784D-01  0.00000000000000D+00
     3    19 -0.52149488048402D-03  0.00000000000000D+00
     1    20 -0.65583746316545D-02  0.00000000000000D+00
     2    20  0.10686394834565D-01  0.00000000000000D+00
     3    20  0.51482903337078D-03  0.00000000000000D+00
     1    21  0.76949945665970D-02  0.00000000000000D+00
     2    21  0.36930206193383D-02  0.00000000000000D+00
     3    21 -0.22599704326812D-02  0.00000000000000D+00
     1    22  0.67063613393597D-02  0.00000000000000D+00
     2    22  0.47784379129375D-02  0.00000000000000D+00
     3    22  0.22603162311264D-02  0.00000000000000D+00
     1    23 -0.82951161871478D-02  0.00000000000000D+00
     2    23 -0.82493789109649D-02  0.00000000000000D+00
     3    23 -0.23172335502077D-02  0.00000000000000D+00
     1    24 -0.62014680841922D-02  0.00000000000000D+00
     2    24 -0.53707990448080D-02  0.00000000000000D+00
     3    24  0.22994834508559D-02  0.00000000000000D+00
     1    25 -0.21646226246187D-02  0.00000000000000D+00
     2    25  0.70754329435736D-02  0.00000000000000D+00
     3    25  0.13434093078902D-02  0.00000000000000D+00
     1    26 -0.43341009827341D-02  0.00000000000000D+00
     2    26  0.20523687052821D-02  0.00000000000000D+00
     3    26 -0.13650612888183D-02  0.00000000000000D+00
     1    27  0.28360079085933D-02  0.00000000000000D+00
     2    27 -0.10423233778420D-01  0.00000000000000D+00
     3    27 -0.39748215182791D-04  0.00000000000000D+00
     1    28  0.50123563201460D-02  0.00000000000000D+00
     2    28 -0.54410440758564D-02  0.00000000000000D+00
     3    28  0.39321871539679D-04  0.00000000000000D+00
     1    29 -0.15495301749231D-01  0.00000000000000D+00
     2    29  0.11746660596565D-01  0.00000000000000D+00
     3    29 -0.21532920024296D-03  0.00000000000000D+00
     1    30 -0.53003214559959D-02  0.00000000000000D+00
     2    30 -0.22204247446610D-01  0.00000000000000D+00
     3    30  0.27282249484276D-03  0.00000000000000D+00
     1    31  0.49501092951931D-02  0.00000000000000D+00
     2    31  0.24990176469148D-01  0.00000000000000D+00
     3    31 -0.25817853831289D-03  0.00000000000000D+00
     1    32  0.45872761079097D-02  0.00000000000000D+00
     2    32  0.24179037650635D-01  0.00000000000000D+00
     3    32  0.20249187107686D-03  0.00000000000000D+00
     1    33  0.21907603233254D-01  0.00000000000000D+00
     2    33 -0.13164712049927D-01  0.00000000000000D+00
     3    33 -0.76719694469265D-03  0.00000000000000D+00
     1    34  0.20359773545270D-01  0.00000000000000D+00
     2    34 -0.10822609774143D-01  0.00000000000000D+00
     3    34  0.76060807024395D-03  0.00000000000000D+00
     1    35 -0.21984981128743D-01  0.00000000000000D+00
     2    35  0.11082429671576D-01  0.00000000000000D+00
     3    35  0.32580189379138D-03  0.00000000000000D+00
     1    36 -0.20418713131898D-01  0.00000000000000D+00
     2    36  0.87083154044470D-02  0.00000000000000D+00
     3    36 -0.32454892177916D-03  0.00000000000000D+00
     1    39  0.26508632357194D-02  0.00000000000000D+00
     2    39  0.26545719300862D-02  0.00000000000000D+00
     3    39  0.24359927883157D-02  0.00000000000000D+00
     1    40  0.18015952680969D-08  0.00000000000000D+00
     2    40 -0.17634929605166D-08  0.00000000000000D+00
     3    40 -0.27797139667099D-05  0.00000000000000D+00
  
 Total energy                 - # elements :           1
 -0.47548227185455D+03  0.00000000000000D+00
