 Fermi (or HOMO) energy (hartree) =   0.22146   Average Vxc (hartree)=  -0.38908
 Eigenvalues (hartree) for nkpt=   1  k points, SPIN UP:
 kpt#   1, nband=115, wtk=  1.00000, kpt=  0.0000  0.0000  0.0000 (reduced coord)
  -1.39326   -1.39281   -1.39277   -1.39275   -1.39258   -1.39257   -1.39247   -1.39196
  -1.22947   -1.05229   -1.04827   -1.04600   -0.48975   -0.48776   -0.47396   -0.46688
  -0.46677   -0.45922   -0.45586   -0.45214   -0.45178   -0.43729   -0.43705   -0.41225
  -0.40844   -0.40144   -0.39282   -0.38876   -0.38522   -0.38110   -0.37667   -0.37002
  -0.35318   -0.31257   -0.30970   -0.30881   -0.30820   -0.30758   -0.30479   -0.30391
  -0.02501   -0.01659   -0.01571   -0.01159   -0.01150    0.01844    0.01879    0.02678
   0.02727    0.02779    0.03939    0.04582    0.04668    0.05416    0.06652    0.06823
   0.06833    0.07127    0.07171    0.07809    0.07858    0.08939    0.08985    0.09504
   0.09968    0.10130    0.10447    0.10482    0.11541    0.11575    0.11733    0.12033
   0.12226    0.12273    0.12364    0.12568    0.13385    0.13395    0.13630    0.13866
   0.13888    0.13921    0.13931    0.13936    0.15266    0.16094    0.16232    0.16589
   0.21515    0.21523    0.21596    0.21635    0.21642    0.21719    0.22146    0.27980
   0.29061    0.29671    0.31763    0.32880    0.33801    0.37157    0.38114    0.38246
   0.38895    0.38904    0.39256    0.39888    0.39999    0.40286    0.40946    0.41083
   0.41942    0.42148    0.42195
 Eigenvalues (hartree) for nkpt=   1  k points, SPIN DOWN:
 kpt#   1, nband=115, wtk=  1.00000, kpt=  0.0000  0.0000  0.0000 (reduced coord)
  -1.39326   -1.39282   -1.39277   -1.39273   -1.39259   -1.39256   -1.39248   -1.39195
  -1.12229   -1.05227   -1.04810   -1.04598   -0.47250   -0.47221   -0.46711   -0.46688
  -0.45927   -0.45595   -0.45244   -0.45199   -0.41255   -0.41054   -0.40843   -0.40619
  -0.39279   -0.38873   -0.38713   -0.38430   -0.37650   -0.37001   -0.36856   -0.36056
  -0.35323   -0.30973   -0.30883   -0.30840   -0.30762   -0.30682   -0.30395   -0.30333
  -0.02471   -0.01587   -0.01553   -0.01141   -0.01026    0.01882    0.01925    0.02746
   0.02780    0.02799    0.03960    0.04642    0.04766    0.05524    0.06735    0.06847
   0.06878    0.07209    0.07269    0.07832    0.07911    0.09001    0.09071    0.09561
   0.10148    0.10187    0.10463    0.10488    0.11569    0.11584    0.11734    0.12111
   0.12369    0.12407    0.12479    0.12576    0.13382    0.13445    0.13893    0.13905
   0.13914    0.13937    0.13947    0.14016    0.15372    0.16252    0.16335    0.16642
   0.28878    0.29189    0.30042    0.32299    0.33677    0.33715    0.37686    0.38591
   0.38821    0.38840    0.39211    0.39416    0.39809    0.40055    0.41051    0.41101
   0.41564    0.42137    0.42227    0.42523    0.42776    0.42946    0.43118    0.45255
   0.45355    0.46472    0.46523
