
 **** DERIVATIVE DATABASE ****    
+DDB, Version number  20230401

  Note : temporary (transfer) database

    usepaw         1
     natom        36
      nkpt         1
    nsppol         2
      nsym         4
    ntypat         6
    occopt         2
     nband       115
     acell  0.10000000000000D+01  0.10000000000000D+01  0.10000000000000D+01
       amu  0.15196500000000D+03  0.87620000000000D+02  0.69410000000000D+01
            0.26981539000000D+02  0.14006740000000D+02  0.15999400000000D+02
   dilatmx  0.10500000000000D+01
      ecut  0.10000000000000D+02
 pawecutdg  0.20000000000000D+02
    ecutsm  0.50000000000000D+00
     intxc         0
      iscf        17
       ixc     -1012
       kpt  0.00000000000000D+00  0.00000000000000D+00  0.00000000000000D+00
    kptnrm  0.10000000000000D+01
     ngfft        48   48   36
    nspden         2
   nspinor         1
       occ  0.10000000000000D+01  0.10000000000000D+01  0.10000000000000D+01
            0.10000000000000D+01  0.10000000000000D+01  0.10000000000000D+01
            0.10000000000000D+01  0.10000000000000D+01  0.10000000000000D+01
            0.10000000000000D+01  0.10000000000000D+01  0.10000000000000D+01
            0.10000000000000D+01  0.10000000000000D+01  0.10000000000000D+01
            0.10000000000000D+01  0.10000000000000D+01  0.10000000000000D+01
            0.10000000000000D+01  0.10000000000000D+01  0.10000000000000D+01
            0.10000000000000D+01  0.10000000000000D+01  0.10000000000000D+01
            0.10000000000000D+01  0.10000000000000D+01  0.10000000000000D+01
            0.10000000000000D+01  0.10000000000000D+01  0.10000000000000D+01
            0.10000000000000D+01  0.10000000000000D+01  0.10000000000000D+01
            0.10000000000000D+01  0.10000000000000D+01  0.10000000000000D+01
            0.10000000000000D+01  0.10000000000000D+01  0.10000000000000D+01
            0.10000000000000D+01  0.10000000000000D+01  0.10000000000000D+01
            0.10000000000000D+01  0.10000000000000D+01  0.10000000000000D+01
            0.10000000000000D+01  0.10000000000000D+01  0.10000000000000D+01
            0.10000000000000D+01  0.10000000000000D+01  0.10000000000000D+01
            0.10000000000000D+01  0.10000000000000D+01  0.10000000000000D+01
            0.10000000000000D+01  0.10000000000000D+01  0.10000000000000D+01
            0.10000000000000D+01  0.10000000000000D+01  0.10000000000000D+01
            0.10000000000000D+01  0.10000000000000D+01  0.10000000000000D+01
            0.10000000000000D+01  0.10000000000000D+01  0.10000000000000D+01
            0.10000000000000D+01  0.10000000000000D+01  0.10000000000000D+01
            0.10000000000000D+01  0.10000000000000D+01  0.10000000000000D+01
            0.10000000000000D+01  0.10000000000000D+01  0.10000000000000D+01
            0.10000000000000D+01  0.10000000000000D+01  0.10000000000000D+01
            0.10000000000000D+01  0.10000000000000D+01  0.10000000000000D+01
            0.10000000000000D+01  0.10000000000000D+01  0.10000000000000D+01
            0.10000000000000D+01  0.10000000000000D+01  0.10000000000000D+01
            0.10000000000000D+01  0.10000000000000D+01  0.10000000000000D+01
            0.10000000000000D+01  0.10000000000000D+01  0.10000000000000D+01
            0.10000000000000D+01  0.00000000000000D+00  0.10000000000000D+01
            0.00000000000000D+00  0.00000000000000D+00  0.00000000000000D+00
            0.00000000000000D+00  0.00000000000000D+00  0.00000000000000D+00
            0.00000000000000D+00  0.00000000000000D+00  0.00000000000000D+00
            0.00000000000000D+00  0.00000000000000D+00  0.00000000000000D+00
            0.00000000000000D+00  0.00000000000000D+00  0.00000000000000D+00
            0.00000000000000D+00  0.00000000000000D+00  0.00000000000000D+00
            0.00000000000000D+00
     rprim  0.15040330226000D+02  0.00000000000000D+00  0.00000000000000D+00
            0.00000000000000D+00  0.15040330226000D+02  0.00000000000000D+00
            0.00000000000000D+00  0.00000000000000D+00  0.12033775962000D+02
  dfpt_sciss  0.00000000000000D+00
    spinat  0.00000000000000D+00  0.00000000000000D+00  0.70000000000000D+01
            0.00000000000000D+00  0.00000000000000D+00  0.00000000000000D+00
            0.00000000000000D+00  0.00000000000000D+00  0.00000000000000D+00
            0.00000000000000D+00  0.00000000000000D+00  0.00000000000000D+00
            0.00000000000000D+00  0.00000000000000D+00  0.00000000000000D+00
            0.00000000000000D+00  0.00000000000000D+00  0.00000000000000D+00
            0.00000000000000D+00  0.00000000000000D+00  0.00000000000000D+00
            0.00000000000000D+00  0.00000000000000D+00  0.00000000000000D+00
            0.00000000000000D+00  0.00000000000000D+00  0.00000000000000D+00
            0.00000000000000D+00  0.00000000000000D+00  0.00000000000000D+00
            0.00000000000000D+00  0.00000000000000D+00  0.00000000000000D+00
            0.00000000000000D+00  0.00000000000000D+00  0.00000000000000D+00
            0.00000000000000D+00  0.00000000000000D+00  0.00000000000000D+00
            0.00000000000000D+00  0.00000000000000D+00  0.00000000000000D+00
            0.00000000000000D+00  0.00000000000000D+00  0.00000000000000D+00
            0.00000000000000D+00  0.00000000000000D+00  0.00000000000000D+00
            0.00000000000000D+00  0.00000000000000D+00  0.00000000000000D+00
            0.00000000000000D+00  0.00000000000000D+00  0.00000000000000D+00
            0.00000000000000D+00  0.00000000000000D+00  0.00000000000000D+00
            0.00000000000000D+00  0.00000000000000D+00  0.00000000000000D+00
            0.00000000000000D+00  0.00000000000000D+00  0.00000000000000D+00
            0.00000000000000D+00  0.00000000000000D+00  0.00000000000000D+00
            0.00000000000000D+00  0.00000000000000D+00  0.00000000000000D+00
            0.00000000000000D+00  0.00000000000000D+00  0.00000000000000D+00
            0.00000000000000D+00  0.00000000000000D+00  0.00000000000000D+00
            0.00000000000000D+00  0.00000000000000D+00  0.00000000000000D+00
            0.00000000000000D+00  0.00000000000000D+00  0.00000000000000D+00
            0.00000000000000D+00  0.00000000000000D+00  0.00000000000000D+00
            0.00000000000000D+00  0.00000000000000D+00  0.00000000000000D+00
            0.00000000000000D+00  0.00000000000000D+00  0.00000000000000D+00
            0.00000000000000D+00  0.00000000000000D+00  0.00000000000000D+00
            0.00000000000000D+00  0.00000000000000D+00  0.00000000000000D+00
            0.00000000000000D+00  0.00000000000000D+00  0.00000000000000D+00
            0.00000000000000D+00  0.00000000000000D+00  0.00000000000000D+00
            0.00000000000000D+00  0.00000000000000D+00  0.00000000000000D+00
            0.00000000000000D+00  0.00000000000000D+00  0.00000000000000D+00
    symafm         1    1    1    1
    symrel         1    0    0    0    1    0    0    0    1
                  -1    0    0    0   -1    0    0    0   -1
                  -1    0    0    0   -1    0    0    0    1
                   1    0    0    0    1    0    0    0   -1
     tnons  0.00000000000000D+00  0.00000000000000D+00  0.00000000000000D+00
           -0.22204460492503D-15  0.00000000000000D+00  0.50000000000000D+00
           -0.22204460492503D-15  0.00000000000000D+00  0.00000000000000D+00
            0.00000000000000D+00  0.00000000000000D+00  0.50000000000000D+00
    tolwfr  0.10000000000000D+01
   tphysel  0.00000000000000D+00
    tsmear  0.10000000000000D-01
     typat         1    2    2    2    3    3    3    3    3    3    3    3
                   4    4    4    4    4    4    4    4    5    5    5    5
                   5    5    5    5    6    6    6    6    6    6    6    6
       wtk  0.10000000000000D+01
      xred  0.50000000000000D+00  0.00000000000000D+00  0.25000000000000D+00
            0.50000000000000D+00  0.00000000000000D+00  0.75000000000000D+00
           -0.11102230246252D-15  0.50000000000000D+00  0.61311897832474D-03
           -0.11102230246252D-15  0.50000000000000D+00  0.49938688102168D+00
            0.12605242039545D+00  0.82430014211813D+00  0.25000000000000D+00
            0.12777627949876D+00  0.82537934935938D+00  0.75000000000000D+00
            0.87394757960455D+00  0.17569985788187D+00  0.25000000000000D+00
            0.87222372050124D+00  0.17462065064062D+00  0.75000000000000D+00
            0.17539738148562D+00  0.12686404183597D+00  0.85087708571757D-03
            0.17539738148562D+00  0.12686404183597D+00  0.49914912291428D+00
            0.82460261851437D+00  0.87313595816403D+00  0.85087708571757D-03
            0.82460261851437D+00  0.87313595816403D+00  0.49914912291428D+00
            0.35203996208933D+00  0.68291239217037D+00  0.18886827773955D-02
            0.35203996208933D+00  0.68291239217037D+00  0.49811131722260D+00
            0.64796003791067D+00  0.31708760782963D+00  0.18886827773955D-02
            0.64796003791067D+00  0.31708760782963D+00  0.49811131722260D+00
            0.31701361744785D+00  0.35010556388464D+00  0.25000000000000D+00
            0.31900718644896D+00  0.34816669412356D+00  0.75000000000000D+00
            0.68298638255215D+00  0.64989443611536D+00  0.25000000000000D+00
            0.68099281355104D+00  0.65183330587644D+00  0.75000000000000D+00
            0.58358556235576D+00  0.73623256921856D+00  0.26480001006065D-02
            0.58358556235576D+00  0.73623256921856D+00  0.49735199989939D+00
            0.41641443764424D+00  0.26376743078144D+00  0.26480001006065D-02
            0.41641443764424D+00  0.26376743078144D+00  0.49735199989939D+00
            0.26789216918992D+00  0.58226869810579D+00  0.25000000000000D+00
            0.27253330697370D+00  0.58279996400018D+00  0.75000000000000D+00
            0.73210783081008D+00  0.41773130189421D+00  0.25000000000000D+00
            0.72746669302630D+00  0.41720003599982D+00  0.75000000000000D+00
            0.25466758676547D+00  0.88774945865662D+00  0.67231790718465D-02
            0.25466758676547D+00  0.88774945865662D+00  0.49327682092815D+00
            0.74533241323453D+00  0.11225054134338D+00  0.67231790718465D-02
            0.74533241323453D+00  0.11225054134338D+00  0.49327682092815D+00
            0.11254617833993D+00  0.25249398396002D+00  0.25000000000000D+00
            0.11265353959205D+00  0.25200324804576D+00  0.75000000000000D+00
            0.88745382166007D+00  0.74750601603998D+00  0.25000000000000D+00
            0.88734646040795D+00  0.74799675195424D+00  0.75000000000000D+00
     znucl  0.63000000000000D+02  0.38000000000000D+02  0.30000000000000D+01
            0.13000000000000D+02  0.70000000000000D+01  0.80000000000000D+01
      zion  0.17000000000000D+02  0.10000000000000D+02  0.30000000000000D+01
            0.30000000000000D+01  0.50000000000000D+01  0.60000000000000D+01
 
 No information on the potentials yet 
 
 **** Database of total energy derivatives ****
 Number of data blocks=    2
  
 1st derivatives              - # elements :         114
     1     1  0.00000000000000D+00  0.00000000000000D+00
     2     1  0.00000000000000D+00  0.00000000000000D+00
     3     1  0.00000000000000D+00  0.00000000000000D+00
     1     2  0.00000000000000D+00  0.00000000000000D+00
     2     2  0.00000000000000D+00  0.00000000000000D+00
     3     2  0.00000000000000D+00  0.00000000000000D+00
     1     3  0.20194839173658D-27  0.00000000000000D+00
     2     3  0.00000000000000D+00  0.00000000000000D+00
     3     3  0.41915969114861D-02  0.00000000000000D+00
     1     4  0.00000000000000D+00  0.00000000000000D+00
     2     4  0.00000000000000D+00  0.00000000000000D+00
     3     4 -0.41915969114861D-02  0.00000000000000D+00
     1     5  0.68167851496998D-02  0.00000000000000D+00
     2     5  0.12273511831591D-02  0.00000000000000D+00
     3     5  0.00000000000000D+00  0.00000000000000D+00
     1     6 -0.38071699079327D-02  0.00000000000000D+00
     2     6 -0.72875430083026D-02  0.00000000000000D+00
     3     6  0.00000000000000D+00  0.00000000000000D+00
     1     7 -0.68167851496998D-02  0.00000000000000D+00
     2     7 -0.12273511831591D-02  0.00000000000000D+00
     3     7  0.00000000000000D+00  0.00000000000000D+00
     1     8  0.38071699079327D-02  0.00000000000000D+00
     2     8  0.72875430083026D-02  0.00000000000000D+00
     3     8  0.00000000000000D+00  0.00000000000000D+00
     1     9  0.13835068210173D-03  0.00000000000000D+00
     2     9  0.81520803938834D-02  0.00000000000000D+00
     3     9 -0.19662576143159D-02  0.00000000000000D+00
     1    10  0.13835068210173D-03  0.00000000000000D+00
     2    10  0.81520803938834D-02  0.00000000000000D+00
     3    10  0.19662576143159D-02  0.00000000000000D+00
     1    11 -0.13835068210173D-03  0.00000000000000D+00
     2    11 -0.81520803938834D-02  0.00000000000000D+00
     3    11 -0.19662576143159D-02  0.00000000000000D+00
     1    12 -0.13835068210173D-03  0.00000000000000D+00
     2    12 -0.81520803938834D-02  0.00000000000000D+00
     3    12  0.19662576143159D-02  0.00000000000000D+00
     1    13 -0.49420168100358D-02  0.00000000000000D+00
     2    13  0.42022760931973D-02  0.00000000000000D+00
     3    13 -0.90564129642691D-03  0.00000000000000D+00
     1    14 -0.49420168100358D-02  0.00000000000000D+00
     2    14  0.42022760931973D-02  0.00000000000000D+00
     3    14  0.90564129642691D-03  0.00000000000000D+00
     1    15  0.49420168100358D-02  0.00000000000000D+00
     2    15 -0.42022760931973D-02  0.00000000000000D+00
     3    15 -0.90564129642691D-03  0.00000000000000D+00
     1    16  0.49420168100358D-02  0.00000000000000D+00
     2    16 -0.42022760931973D-02  0.00000000000000D+00
     3    16  0.90564129642691D-03  0.00000000000000D+00
     1    17  0.11176156718632D-02  0.00000000000000D+00
     2    17 -0.44811190199221D-02  0.00000000000000D+00
     3    17  0.00000000000000D+00  0.00000000000000D+00
     1    18  0.12433267305925D-01  0.00000000000000D+00
     2    18 -0.66441080185458D-02  0.00000000000000D+00
     3    18  0.16155871338926D-26  0.00000000000000D+00
     1    19 -0.11176156718632D-02  0.00000000000000D+00
     2    19  0.44811190199221D-02  0.00000000000000D+00
     3    19  0.00000000000000D+00  0.00000000000000D+00
     1    20 -0.12433267305925D-01  0.00000000000000D+00
     2    20  0.66441080185458D-02  0.00000000000000D+00
     3    20 -0.16155871338926D-26  0.00000000000000D+00
     1    21  0.59628873915366D-02  0.00000000000000D+00
     2    21  0.57344872123108D-03  0.00000000000000D+00
     3    21 -0.10749739155342D-01  0.00000000000000D+00
     1    22  0.59628873915366D-02  0.00000000000000D+00
     2    22  0.57344872123108D-03  0.00000000000000D+00
     3    22  0.10749739155342D-01  0.00000000000000D+00
     1    23 -0.59628873915366D-02  0.00000000000000D+00
     2    23 -0.57344872123108D-03  0.00000000000000D+00
     3    23 -0.10749739155342D-01  0.00000000000000D+00
     1    24 -0.59628873915366D-02  0.00000000000000D+00
     2    24 -0.57344872123108D-03  0.00000000000000D+00
     3    24  0.10749739155342D-01  0.00000000000000D+00
     1    25 -0.63813802272260D-02  0.00000000000000D+00
     2    25  0.14545825486929D-01  0.00000000000000D+00
     3    25  0.00000000000000D+00  0.00000000000000D+00
     1    26 -0.11325585161199D-01  0.00000000000000D+00
     2    26 -0.29115757161614D-02  0.00000000000000D+00
     3    26  0.00000000000000D+00  0.00000000000000D+00
     1    27  0.63813802272260D-02  0.00000000000000D+00
     2    27 -0.14545825486929D-01  0.00000000000000D+00
     3    27  0.00000000000000D+00  0.00000000000000D+00
     1    28  0.11325585161199D-01  0.00000000000000D+00
     2    28  0.29115757161614D-02  0.00000000000000D+00
     3    28  0.00000000000000D+00  0.00000000000000D+00
     1    29  0.54506165828302D-02  0.00000000000000D+00
     2    29  0.47977270794037D-02  0.00000000000000D+00
     3    29  0.82651513819578D-02  0.00000000000000D+00
     1    30  0.54506165828302D-02  0.00000000000000D+00
     2    30  0.47977270794037D-02  0.00000000000000D+00
     3    30 -0.82651513819578D-02  0.00000000000000D+00
     1    31 -0.54506165828302D-02  0.00000000000000D+00
     2    31 -0.47977270794037D-02  0.00000000000000D+00
     3    31  0.82651513819578D-02  0.00000000000000D+00
     1    32 -0.54506165828302D-02  0.00000000000000D+00
     2    32 -0.47977270794037D-02  0.00000000000000D+00
     3    32 -0.82651513819578D-02  0.00000000000000D+00
     1    33  0.96676367180451D-02  0.00000000000000D+00
     2    33  0.82730521382946D-02  0.00000000000000D+00
     3    33  0.00000000000000D+00  0.00000000000000D+00
     1    34 -0.71508939107597D-02  0.00000000000000D+00
     2    34  0.23679383586086D-02  0.00000000000000D+00
     3    34  0.00000000000000D+00  0.00000000000000D+00
     1    35 -0.96676367180451D-02  0.00000000000000D+00
     2    35 -0.82730521382946D-02  0.00000000000000D+00
     3    35  0.00000000000000D+00  0.00000000000000D+00
     1    36  0.71508939107597D-02  0.00000000000000D+00
     2    36 -0.23679383586086D-02  0.00000000000000D+00
     3    36  0.00000000000000D+00  0.00000000000000D+00
     1    39  0.41278721904832D-03  0.00000000000000D+00
     2    39  0.44072439937207D-03  0.00000000000000D+00
     3    39  0.57557373063046D-04  0.00000000000000D+00
     1    40  0.00000000000000D+00  0.00000000000000D+00
     2    40  0.00000000000000D+00  0.00000000000000D+00
     3    40 -0.31994914847554D-05  0.00000000000000D+00
  
 Total energy                 - # elements :           1
 -0.47516375616197D+03  0.00000000000000D+00
