 Fermi (or HOMO) energy (hartree) =   0.26640   Average Vxc (hartree)=  -0.38986
 Eigenvalues (hartree) for nkpt=   1  k points, SPIN UP:
 kpt#   1, nband=115, wtk=  1.00000, kpt=  0.0000  0.0000  0.0000 (reduced coord)
  -1.40177   -1.40127   -1.39322   -1.39243   -1.39238   -1.39223   -1.38969   -1.38925
  -1.34948   -1.04814   -1.04182   -1.02223   -0.56422   -0.56264   -0.56049   -0.47352
  -0.46777   -0.46414   -0.46027   -0.45971   -0.45766   -0.45491   -0.45408   -0.40940
  -0.40684   -0.38899   -0.38528   -0.38518   -0.37438   -0.36626   -0.36556   -0.36241
  -0.35455   -0.31331   -0.31202   -0.31192   -0.30983   -0.30815   -0.30594   -0.30448
  -0.02605   -0.02572   -0.02502   -0.02215   -0.01768   -0.01377   -0.00991   -0.00937
   0.00484    0.00523    0.00961    0.01963    0.02074    0.02550    0.02867    0.02955
   0.03655    0.04406    0.04641    0.05341    0.06366    0.06899    0.06915    0.07028
   0.07162    0.07737    0.07953    0.08796    0.09065    0.09988    0.10060    0.10234
   0.10258    0.10451    0.11443    0.11610    0.11684    0.11823    0.12114    0.12294
   0.12436    0.12779    0.13361    0.13427    0.13625    0.13819    0.13889    0.13974
   0.13988    0.14065    0.15247    0.16033    0.16140    0.16378    0.21047    0.26640
   0.28737    0.28812    0.31083    0.32108    0.33783    0.36204    0.36956    0.38150
   0.38648    0.38828    0.38964    0.38990    0.39426    0.39623    0.39631    0.41097
   0.41748    0.42042    0.42043
 Eigenvalues (hartree) for nkpt=   1  k points, SPIN DOWN:
 kpt#   1, nband=115, wtk=  1.00000, kpt=  0.0000  0.0000  0.0000 (reduced coord)
  -1.40178   -1.40129   -1.39319   -1.39241   -1.39235   -1.39220   -1.38967   -1.38924
  -1.24936   -1.04770   -1.04143   -1.01948   -0.50356   -0.49408   -0.49125   -0.47290
  -0.46743   -0.46427   -0.45967   -0.45805   -0.45479   -0.44603   -0.44220   -0.40886
  -0.40603   -0.38859   -0.38493   -0.38217   -0.37398   -0.36480   -0.36021   -0.35772
  -0.35456   -0.31242   -0.31194   -0.31149   -0.30985   -0.30803   -0.30550   -0.30442
  -0.02497   -0.01604   -0.01441   -0.00969   -0.00903    0.01785    0.01881    0.02689
   0.02857    0.02925    0.03701    0.04529    0.04709    0.05588    0.06508    0.06959
   0.06963    0.06980    0.07196    0.07786    0.07990    0.08918    0.09043    0.09996
   0.10118    0.10283    0.10287    0.10461    0.11478    0.11650    0.11650    0.12046
   0.12132    0.12266    0.12395    0.12798    0.13346    0.13440    0.13768    0.13892
   0.13892    0.14022    0.14023    0.14073    0.15215    0.16028    0.16130    0.16472
   0.28890    0.29267    0.29773    0.32344    0.32422    0.33037    0.34365    0.36978
   0.37293    0.37446    0.37485    0.38027    0.38219    0.38379    0.38386    0.39228
   0.39359    0.39500    0.39547    0.40012    0.40615    0.40649    0.40934    0.41704
   0.42161    0.42179    0.42351
