 Fermi (or HOMO) energy (hartree) =   0.23060   Average Vxc (hartree)=  -0.38912
 Eigenvalues (hartree) for nkpt=   1  k points, SPIN UP:
 kpt#   1, nband=115, wtk=  1.00000, kpt=  0.0000  0.0000  0.0000 (reduced coord)
  -1.39917   -1.39886   -1.39242   -1.39205   -1.39203   -1.39188   -1.38950   -1.38926
  -1.22063   -1.05298   -1.04767   -1.04668   -0.48642   -0.48604   -0.47346   -0.46736
  -0.46139   -0.45951   -0.45614   -0.45236   -0.45173   -0.43272   -0.42994   -0.41263
  -0.40957   -0.40159   -0.39329   -0.38951   -0.38362   -0.38139   -0.37777   -0.37071
  -0.35218   -0.31066   -0.30933   -0.30920   -0.30838   -0.30705   -0.30344   -0.30337
  -0.02519   -0.01663   -0.01543   -0.01076   -0.01016    0.01808    0.01831    0.02652
   0.02712    0.02859    0.03818    0.04504    0.04651    0.05485    0.06495    0.06783
   0.06875    0.07060    0.07229    0.07812    0.07828    0.08896    0.08977    0.09611
   0.10043    0.10076    0.10448    0.10580    0.11463    0.11646    0.11820    0.12026
   0.12097    0.12186    0.12355    0.12622    0.13362    0.13415    0.13700    0.13762
   0.13881    0.13915    0.14020    0.14044    0.15284    0.16070    0.16163    0.16507
   0.22354    0.22362    0.22439    0.22486    0.22500    0.22575    0.23060    0.28178
   0.29043    0.29697    0.31854    0.32954    0.33632    0.37364    0.38226    0.38449
   0.38689    0.38860    0.39149    0.39680    0.39831    0.40802    0.41103    0.41140
   0.41956    0.42051    0.42721
 Eigenvalues (hartree) for nkpt=   1  k points, SPIN DOWN:
 kpt#   1, nband=115, wtk=  1.00000, kpt=  0.0000  0.0000  0.0000 (reduced coord)
  -1.39919   -1.39888   -1.39240   -1.39204   -1.39202   -1.39186   -1.38950   -1.38925
  -1.11369   -1.05295   -1.04749   -1.04666   -0.47267   -0.47242   -0.46735   -0.46667
  -0.45952   -0.45622   -0.45277   -0.45201   -0.41306   -0.41024   -0.40955   -0.40346
  -0.39325   -0.38946   -0.38515   -0.38192   -0.37738   -0.37068   -0.36047   -0.35526
  -0.35219   -0.30929   -0.30921   -0.30855   -0.30704   -0.30338   -0.30338   -0.30135
  -0.02488   -0.01589   -0.01519   -0.01005   -0.00936    0.01850    0.01880    0.02716
   0.02770    0.02886    0.03842    0.04566    0.04750    0.05595    0.06589    0.06810
   0.06923    0.07164    0.07331    0.07838    0.07885    0.08960    0.09072    0.09657
   0.10062    0.10329    0.10462    0.10594    0.11483    0.11659    0.11833    0.12158
   0.12176    0.12257    0.12478    0.12705    0.13408    0.13433    0.13799    0.13897
   0.13930    0.14016    0.14027    0.14110    0.15421    0.16183    0.16327    0.16565
   0.28915    0.29164    0.30024    0.32421    0.33525    0.33632    0.37746    0.38605
   0.38748    0.38816    0.39035    0.39554    0.39650    0.39918    0.41064    0.41424
   0.41615    0.42075    0.42092    0.42442    0.42640    0.43108    0.43163    0.45042
   0.45741    0.46374    0.47144
