 Fermi (or HOMO) energy (hartree) =   0.22128   Average Vxc (hartree)=  -0.38907
 Eigenvalues (hartree) for nkpt=   1  k points, SPIN UP:
 kpt#   1, nband=115, wtk=  1.00000, kpt=  0.0000  0.0000  0.0000 (reduced coord)
  -1.39328   -1.39283   -1.39276   -1.39263   -1.39262   -1.39261   -1.39249   -1.39238
  -1.22965   -1.05221   -1.04844   -1.04592   -0.48991   -0.48794   -0.47395   -0.46687
  -0.46681   -0.45934   -0.45594   -0.45244   -0.45172   -0.43751   -0.43737   -0.41217
  -0.40837   -0.40156   -0.39274   -0.38868   -0.38540   -0.38132   -0.37660   -0.36995
  -0.35311   -0.31257   -0.30959   -0.30876   -0.30818   -0.30748   -0.30478   -0.30382
  -0.02496   -0.01657   -0.01565   -0.01157   -0.01145    0.01842    0.01885    0.02668
   0.02725    0.02779    0.03935    0.04576    0.04663    0.05407    0.06650    0.06825
   0.06826    0.07122    0.07165    0.07800    0.07860    0.08936    0.08979    0.09497
   0.09950    0.10132    0.10427    0.10482    0.11550    0.11573    0.11735    0.12018
   0.12220    0.12271    0.12368    0.12578    0.13392    0.13398    0.13632    0.13873
   0.13891    0.13918    0.13938    0.13944    0.15270    0.16090    0.16239    0.16589
   0.21498    0.21506    0.21580    0.21617    0.21625    0.21703    0.22128    0.27968
   0.29061    0.29669    0.31769    0.32873    0.33820    0.37144    0.38106    0.38246
   0.38893    0.38903    0.39261    0.39907    0.39998    0.40280    0.40941    0.41091
   0.41925    0.42141    0.42207
 Eigenvalues (hartree) for nkpt=   1  k points, SPIN DOWN:
 kpt#   1, nband=115, wtk=  1.00000, kpt=  0.0000  0.0000  0.0000 (reduced coord)
  -1.39328   -1.39283   -1.39275   -1.39264   -1.39262   -1.39259   -1.39248   -1.39237
  -1.12246   -1.05220   -1.04827   -1.04590   -0.47271   -0.47215   -0.46732   -0.46682
  -0.45941   -0.45603   -0.45274   -0.45193   -0.41247   -0.41065   -0.40836   -0.40644
  -0.39271   -0.38865   -0.38727   -0.38448   -0.37643   -0.36993   -0.36881   -0.36073
  -0.35317   -0.30962   -0.30878   -0.30839   -0.30753   -0.30683   -0.30386   -0.30333
  -0.02467   -0.01585   -0.01547   -0.01136   -0.01024    0.01883    0.01929    0.02737
   0.02778    0.02798    0.03956    0.04635    0.04761    0.05516    0.06732    0.06850
   0.06870    0.07204    0.07263    0.07823    0.07913    0.08997    0.09064    0.09555
   0.10150    0.10169    0.10442    0.10489    0.11578    0.11582    0.11735    0.12097
   0.12364    0.12411    0.12476    0.12586    0.13386    0.13452    0.13898    0.13908
   0.13912    0.13944    0.13955    0.14018    0.15376    0.16259    0.16331    0.16642
   0.28873    0.29189    0.30039    0.32301    0.33670    0.33734    0.37683    0.38580
   0.38820    0.38838    0.39216    0.39417    0.39823    0.40060    0.41059    0.41098
   0.41566    0.42125    0.42226    0.42516    0.42777    0.42939    0.43114    0.45261
   0.45347    0.46471    0.46522
