
 **** DERIVATIVE DATABASE ****    
+DDB, Version number  20230401

  Note : temporary (transfer) database

    usepaw         1
     natom        36
      nkpt         1
    nsppol         2
      nsym         1
    ntypat         6
    occopt         2
     nband       115
     acell  0.10000000000000D+01  0.10000000000000D+01  0.10000000000000D+01
       amu  0.15196500000000D+03  0.87620000000000D+02  0.69410000000000D+01
            0.26981539000000D+02  0.14006740000000D+02  0.15999400000000D+02
   dilatmx  0.10000000000000D+01
      ecut  0.10000000000000D+02
 pawecutdg  0.20000000000000D+02
    ecutsm  0.00000000000000D+00
     intxc         0
      iscf        17
       ixc     -1012
       kpt  0.00000000000000D+00  0.00000000000000D+00  0.00000000000000D+00
    kptnrm  0.10000000000000D+01
     ngfft        45   45   36
    nspden         2
   nspinor         1
       occ  0.10000000000000D+01  0.10000000000000D+01  0.10000000000000D+01
            0.10000000000000D+01  0.10000000000000D+01  0.10000000000000D+01
            0.10000000000000D+01  0.10000000000000D+01  0.10000000000000D+01
            0.10000000000000D+01  0.10000000000000D+01  0.10000000000000D+01
            0.10000000000000D+01  0.10000000000000D+01  0.10000000000000D+01
            0.10000000000000D+01  0.10000000000000D+01  0.10000000000000D+01
            0.10000000000000D+01  0.10000000000000D+01  0.10000000000000D+01
            0.10000000000000D+01  0.10000000000000D+01  0.10000000000000D+01
            0.10000000000000D+01  0.10000000000000D+01  0.10000000000000D+01
            0.10000000000000D+01  0.10000000000000D+01  0.10000000000000D+01
            0.10000000000000D+01  0.10000000000000D+01  0.10000000000000D+01
            0.10000000000000D+01  0.10000000000000D+01  0.10000000000000D+01
            0.10000000000000D+01  0.10000000000000D+01  0.10000000000000D+01
            0.10000000000000D+01  0.10000000000000D+01  0.10000000000000D+01
            0.10000000000000D+01  0.10000000000000D+01  0.10000000000000D+01
            0.10000000000000D+01  0.10000000000000D+01  0.10000000000000D+01
            0.10000000000000D+01  0.10000000000000D+01  0.10000000000000D+01
            0.10000000000000D+01  0.10000000000000D+01  0.10000000000000D+01
            0.10000000000000D+01  0.10000000000000D+01  0.10000000000000D+01
            0.10000000000000D+01  0.10000000000000D+01  0.10000000000000D+01
            0.10000000000000D+01  0.10000000000000D+01  0.10000000000000D+01
            0.10000000000000D+01  0.10000000000000D+01  0.10000000000000D+01
            0.10000000000000D+01  0.10000000000000D+01  0.10000000000000D+01
            0.10000000000000D+01  0.10000000000000D+01  0.10000000000000D+01
            0.10000000000000D+01  0.10000000000000D+01  0.10000000000000D+01
            0.10000000000000D+01  0.10000000000000D+01  0.10000000000000D+01
            0.10000000000000D+01  0.10000000000000D+01  0.10000000000000D+01
            0.10000000000000D+01  0.10000000000000D+01  0.10000000000000D+01
            0.10000000000000D+01  0.10000000000000D+01  0.10000000000000D+01
            0.10000000000000D+01  0.10000000000000D+01  0.10000000000000D+01
            0.10000000000000D+01  0.10000000000000D+01  0.10000000000000D+01
            0.10000000000000D+01  0.10000000000000D+01  0.00000000000000D+00
            0.00000000000000D+00  0.00000000000000D+00  0.00000000000000D+00
            0.00000000000000D+00  0.00000000000000D+00  0.00000000000000D+00
            0.00000000000000D+00  0.00000000000000D+00  0.00000000000000D+00
            0.00000000000000D+00  0.00000000000000D+00  0.00000000000000D+00
            0.00000000000000D+00  0.00000000000000D+00  0.00000000000000D+00
            0.00000000000000D+00  0.00000000000000D+00  0.00000000000000D+00
            0.00000000000000D+00
     rprim  0.15040330225900D+02  0.00000000000000D+00  0.00000000000000D+00
            0.00000000000000D+00  0.15040330225900D+02  0.00000000000000D+00
            0.00000000000000D+00  0.00000000000000D+00  0.12033775961600D+02
  dfpt_sciss  0.00000000000000D+00
    spinat  0.00000000000000D+00  0.00000000000000D+00  0.00000000000000D+00
            0.00000000000000D+00  0.00000000000000D+00  0.00000000000000D+00
            0.00000000000000D+00  0.00000000000000D+00  0.00000000000000D+00
            0.00000000000000D+00  0.00000000000000D+00  0.00000000000000D+00
            0.00000000000000D+00  0.00000000000000D+00  0.00000000000000D+00
            0.00000000000000D+00  0.00000000000000D+00  0.00000000000000D+00
            0.00000000000000D+00  0.00000000000000D+00  0.00000000000000D+00
            0.00000000000000D+00  0.00000000000000D+00  0.00000000000000D+00
            0.00000000000000D+00  0.00000000000000D+00  0.00000000000000D+00
            0.00000000000000D+00  0.00000000000000D+00  0.00000000000000D+00
            0.00000000000000D+00  0.00000000000000D+00  0.00000000000000D+00
            0.00000000000000D+00  0.00000000000000D+00  0.00000000000000D+00
            0.00000000000000D+00  0.00000000000000D+00  0.00000000000000D+00
            0.00000000000000D+00  0.00000000000000D+00  0.00000000000000D+00
            0.00000000000000D+00  0.00000000000000D+00  0.00000000000000D+00
            0.00000000000000D+00  0.00000000000000D+00  0.00000000000000D+00
            0.00000000000000D+00  0.00000000000000D+00  0.00000000000000D+00
            0.00000000000000D+00  0.00000000000000D+00  0.00000000000000D+00
            0.00000000000000D+00  0.00000000000000D+00  0.00000000000000D+00
            0.00000000000000D+00  0.00000000000000D+00  0.00000000000000D+00
            0.00000000000000D+00  0.00000000000000D+00  0.00000000000000D+00
            0.00000000000000D+00  0.00000000000000D+00  0.00000000000000D+00
            0.00000000000000D+00  0.00000000000000D+00  0.00000000000000D+00
            0.00000000000000D+00  0.00000000000000D+00  0.00000000000000D+00
            0.00000000000000D+00  0.00000000000000D+00  0.00000000000000D+00
            0.00000000000000D+00  0.00000000000000D+00  0.00000000000000D+00
            0.00000000000000D+00  0.00000000000000D+00  0.00000000000000D+00
            0.00000000000000D+00  0.00000000000000D+00  0.00000000000000D+00
            0.00000000000000D+00  0.00000000000000D+00  0.00000000000000D+00
            0.00000000000000D+00  0.00000000000000D+00  0.00000000000000D+00
            0.00000000000000D+00  0.00000000000000D+00  0.00000000000000D+00
            0.00000000000000D+00  0.00000000000000D+00  0.00000000000000D+00
            0.00000000000000D+00  0.00000000000000D+00  0.00000000000000D+00
            0.00000000000000D+00  0.00000000000000D+00  0.00000000000000D+00
            0.00000000000000D+00  0.00000000000000D+00  0.00000000000000D+00
            0.00000000000000D+00  0.00000000000000D+00  0.00000000000000D+00
    symafm         1
    symrel         1    0    0    0    1    0    0    0    1
     tnons  0.00000000000000D+00  0.00000000000000D+00  0.00000000000000D+00
    tolwfr  0.10000000000000D+01
   tphysel  0.00000000000000D+00
    tsmear  0.10000000000000D-01
     typat         1    2    2    2    3    3    3    3    3    3    3    3
                   4    4    4    4    4    4    4    4    5    5    5    5
                   5    5    5    5    6    6    6    6    6    6    6    6
       wtk  0.10000000000000D+01
      xred  0.50000000000000D+00  0.00000000000000D+00  0.25000000000000D+00
            0.50000000000000D+00  0.00000000000000D+00  0.75000000000000D+00
            0.10000000000000D+01  0.50000000000000D+00  0.11890596229000D-03
            0.10000000000000D+01  0.50000000000000D+00  0.49988109400000D+00
            0.12842481330000D+00  0.82536213210000D+00  0.25098106610000D+00
            0.12704638640000D+00  0.82502282330000D+00  0.75000000000000D+00
            0.87255625290000D+00  0.17463786790000D+00  0.25000000000000D+00
            0.87295361360000D+00  0.17497717670000D+00  0.75000000000000D+00
            0.17499169840000D+00  0.12728967160000D+00  0.28739574230000D-03
            0.17499169840000D+00  0.12728967160000D+00  0.49971260430000D+00
            0.82500830160000D+00  0.87271032840000D+00  0.28739574230000D-03
            0.82500830160000D+00  0.87271032840000D+00  0.49971260430000D+00
            0.35173806670000D+00  0.68241995630000D+00  0.21289163617000D-03
            0.35173806670000D+00  0.68241995630000D+00  0.49978710840000D+00
            0.64826193330000D+00  0.31758004370000D+00  0.21289163617000D-03
            0.64826193330000D+00  0.31758004370000D+00  0.49978710840000D+00
            0.31780576680000D+00  0.35109081090000D+00  0.25000000000000D+00
            0.31777456060000D+00  0.35154217070000D+00  0.75000000000000D+00
            0.68219423320000D+00  0.64890918910000D+00  0.25000000000000D+00
            0.68222543940000D+00  0.64845782930000D+00  0.75000000000000D+00
            0.58430476540000D+00  0.73091011390000D+00  0.99992821440000D+00
            0.58430476540000D+00  0.73091011390000D+00  0.50007178560000D+00
            0.41569523460000D+00  0.26908988610000D+00  0.99992821440000D+00
            0.41569523460000D+00  0.26908988610000D+00  0.50007178560000D+00
            0.27019712620000D+00  0.58410218790000D+00  0.25000000000000D+00
            0.27041286440000D+00  0.58437089430000D+00  0.75000000000000D+00
            0.72980287380000D+00  0.41589781210000D+00  0.25000000000000D+00
            0.72958713560000D+00  0.41562910570000D+00  0.75000000000000D+00
            0.25250920030000D+00  0.88699605780000D+00  0.99991734080000D+00
            0.25250920030000D+00  0.88699605780000D+00  0.50008265920000D+00
            0.74749079970000D+00  0.11300394220000D+00  0.99991734080000D+00
            0.74749079970000D+00  0.11300394220000D+00  0.50008265920000D+00
            0.11279815010000D+00  0.25309031310000D+00  0.25000000000000D+00
            0.11273121590000D+00  0.25349138290000D+00  0.75000000000000D+00
            0.88720184990000D+00  0.74690968690000D+00  0.25000000000000D+00
            0.88726878410000D+00  0.74650861710000D+00  0.75000000000000D+00
     znucl  0.63000000000000D+02  0.38000000000000D+02  0.30000000000000D+01
            0.13000000000000D+02  0.70000000000000D+01  0.80000000000000D+01
      zion  0.17000000000000D+02  0.10000000000000D+02  0.30000000000000D+01
            0.30000000000000D+01  0.50000000000000D+01  0.60000000000000D+01
 
 No information on the potentials yet 
 
 **** Database of total energy derivatives ****
 Number of data blocks=    2
  
 1st derivatives              - # elements :         114
     1     1 -0.20567224878240D-02  0.00000000000000D+00
     2     1 -0.70300406443108D-03  0.00000000000000D+00
     3     1  0.47750148082364D-03  0.00000000000000D+00
     1     2 -0.81341094000316D-03  0.00000000000000D+00
     2     2 -0.14787881478537D-03  0.00000000000000D+00
     3     2 -0.31389177894173D-03  0.00000000000000D+00
     1     3  0.30999697592449D-03  0.00000000000000D+00
     2     3 -0.18274270503561D-02  0.00000000000000D+00
     3     3 -0.19250544978529D-03  0.00000000000000D+00
     1     4  0.92126102175947D-03  0.00000000000000D+00
     2     4 -0.11320509017454D-03  0.00000000000000D+00
     3     4 -0.19248480025950D-03  0.00000000000000D+00
     1     5  0.12270078969804D-01  0.00000000000000D+00
     2     5  0.32649460269848D-02  0.00000000000000D+00
     3     5  0.78247604531512D-02  0.00000000000000D+00
     1     6  0.26973560432644D-02  0.00000000000000D+00
     2     6  0.39305778412897D-02  0.00000000000000D+00
     3     6 -0.10104842641350D-02  0.00000000000000D+00
     1     7 -0.33223143089962D-02  0.00000000000000D+00
     2     7 -0.33077688889053D-02  0.00000000000000D+00
     3     7  0.83054002438292D-04  0.00000000000000D+00
     1     8 -0.20907319210851D-02  0.00000000000000D+00
     2     8 -0.37788177348434D-02  0.00000000000000D+00
     3     8 -0.45176038331529D-04  0.00000000000000D+00
     1     9 -0.18357751022087D-02  0.00000000000000D+00
     2     9  0.41206192862615D-02  0.00000000000000D+00
     3     9  0.66530582954927D-03  0.00000000000000D+00
     1    10 -0.20069502963124D-02  0.00000000000000D+00
     2    10  0.27359439971375D-02  0.00000000000000D+00
     3    10 -0.95321977711034D-03  0.00000000000000D+00
     1    11  0.72327788758151D-03  0.00000000000000D+00
     2    11 -0.34047352079328D-02  0.00000000000000D+00
     3    11 -0.33420824394507D-05  0.00000000000000D+00
     1    12  0.20510818050473D-02  0.00000000000000D+00
     2    12 -0.34050473375807D-02  0.00000000000000D+00
     3    12 -0.27691386848562D-03  0.00000000000000D+00
     1    13 -0.79913096820631D-02  0.00000000000000D+00
     2    13 -0.78068377578771D-02  0.00000000000000D+00
     3    13  0.22735399798232D-02  0.00000000000000D+00
     1    14 -0.11595282190283D-01  0.00000000000000D+00
     2    14 -0.44185315801293D-02  0.00000000000000D+00
     3    14 -0.36273550892610D-02  0.00000000000000D+00
     1    15  0.74635344903280D-02  0.00000000000000D+00
     2    15  0.76222580742483D-02  0.00000000000000D+00
     3    15  0.11732763356848D-02  0.00000000000000D+00
     1    16  0.74000944933044D-02  0.00000000000000D+00
     2    16  0.76209321673561D-02  0.00000000000000D+00
     3    16 -0.11744284620950D-02  0.00000000000000D+00
     1    17  0.54739062373902D-02  0.00000000000000D+00
     2    17 -0.11248816741303D-01  0.00000000000000D+00
     3    17 -0.10660112638100D-03  0.00000000000000D+00
     1    18  0.62858497705125D-02  0.00000000000000D+00
     2    18 -0.10106880141515D-01  0.00000000000000D+00
     3    18  0.16145545558522D-04  0.00000000000000D+00
     1    19 -0.73193838623604D-02  0.00000000000000D+00
     2    19  0.10986615236820D-01  0.00000000000000D+00
     3    19  0.20332828584879D-04  0.00000000000000D+00
     1    20 -0.65674543761295D-02  0.00000000000000D+00
     2    20  0.10021935844532D-01  0.00000000000000D+00
     3    20 -0.82865416745818D-04  0.00000000000000D+00
     1    21  0.69793558476224D-02  0.00000000000000D+00
     2    21  0.40607238600474D-02  0.00000000000000D+00
     3    21 -0.21396478758401D-02  0.00000000000000D+00
     1    22  0.76924112837179D-02  0.00000000000000D+00
     2    22  0.36667438676597D-02  0.00000000000000D+00
     3    22  0.21279950113429D-02  0.00000000000000D+00
     1    23 -0.61278070324842D-02  0.00000000000000D+00
     2    23 -0.41297061424438D-02  0.00000000000000D+00
     3    23 -0.23548040011437D-02  0.00000000000000D+00
     1    24 -0.60621930934265D-02  0.00000000000000D+00
     2    24 -0.36080290947286D-02  0.00000000000000D+00
     3    24  0.22997534756404D-02  0.00000000000000D+00
     1    25 -0.36001410093520D-02  0.00000000000000D+00
     2    25  0.87795419488912D-02  0.00000000000000D+00
     3    25 -0.92790596016560D-03  0.00000000000000D+00
     1    26 -0.50290677017424D-02  0.00000000000000D+00
     2    26  0.45318565164578D-02  0.00000000000000D+00
     3    26  0.35165992766226D-03  0.00000000000000D+00
     1    27  0.33313990079662D-02  0.00000000000000D+00
     2    27 -0.93213163909186D-02  0.00000000000000D+00
     3    27 -0.57101776337943D-04  0.00000000000000D+00
     1    28  0.52025154478946D-02  0.00000000000000D+00
     2    28 -0.48022850553575D-02  0.00000000000000D+00
     3    28  0.72484155668018D-04  0.00000000000000D+00
     1    29 -0.64900284304579D-02  0.00000000000000D+00
     2    29 -0.24739004617047D-01  0.00000000000000D+00
     3    29 -0.15135560464052D-02  0.00000000000000D+00
     1    30 -0.62509557856276D-02  0.00000000000000D+00
     2    30 -0.25020545720487D-01  0.00000000000000D+00
     3    30 -0.16372941136156D-02  0.00000000000000D+00
     1    31  0.55338931941312D-02  0.00000000000000D+00
     2    31  0.24623074420300D-01  0.00000000000000D+00
     3    31 -0.14555000717915D-03  0.00000000000000D+00
     1    32  0.51726408607576D-02  0.00000000000000D+00
     2    32  0.24719791317120D-01  0.00000000000000D+00
     3    32  0.15224005461091D-03  0.00000000000000D+00
     1    33  0.21416620357239D-01  0.00000000000000D+00
     2    33 -0.11041440249833D-01  0.00000000000000D+00
     3    33 -0.16042585582386D-03  0.00000000000000D+00
     1    34  0.20155070432764D-01  0.00000000000000D+00
     2    34 -0.82048837592199D-02  0.00000000000000D+00
     3    34  0.99543553099448D-04  0.00000000000000D+00
     1    35 -0.21545315400634D-01  0.00000000000000D+00
     2    35  0.11859717118343D-01  0.00000000000000D+00
     3    35 -0.11659356926423D-02  0.00000000000000D+00
     1    36 -0.20346095666529D-01  0.00000000000000D+00
     2    36  0.85680826960247D-02  0.00000000000000D+00
     3    36  0.40024876195611D-03  0.00000000000000D+00
     1    39  0.26498500992214D-02  0.00000000000000D+00
     2    39  0.26527537172495D-02  0.00000000000000D+00
     3    39  0.24354511670074D-02  0.00000000000000D+00
     1    40  0.11081321435482D-06  0.00000000000000D+00
     2    40 -0.22921353150289D-06  0.00000000000000D+00
     3    40 -0.16303981371940D-05  0.00000000000000D+00
  
 Total energy                 - # elements :           1
 -0.47548225229765D+03  0.00000000000000D+00
