 Fermi (or HOMO) energy (hartree) =   0.22133   Average Vxc (hartree)=  -0.38907
 Eigenvalues (hartree) for nkpt=   1  k points, SPIN UP:
 kpt#   1, nband=115, wtk=  1.00000, kpt=  0.0000  0.0000  0.0000 (reduced coord)
  -1.39334   -1.39293   -1.39284   -1.39279   -1.39260   -1.39248   -1.39246   -1.39241
  -1.22959   -1.05224   -1.04841   -1.04595   -0.48985   -0.48787   -0.47400   -0.46689
  -0.46684   -0.45933   -0.45596   -0.45234   -0.45181   -0.43740   -0.43733   -0.41218
  -0.40841   -0.40153   -0.39276   -0.38871   -0.38536   -0.38127   -0.37664   -0.36997
  -0.35309   -0.31256   -0.30956   -0.30873   -0.30817   -0.30745   -0.30476   -0.30378
  -0.02495   -0.01657   -0.01561   -0.01157   -0.01141    0.01846    0.01882    0.02673
   0.02722    0.02780    0.03935    0.04577    0.04663    0.05408    0.06649    0.06820
   0.06828    0.07124    0.07165    0.07805    0.07855    0.08936    0.08978    0.09500
   0.09956    0.10125    0.10436    0.10480    0.11555    0.11571    0.11733    0.12023
   0.12222    0.12274    0.12363    0.12578    0.13397    0.13398    0.13633    0.13875
   0.13892    0.13914    0.13943    0.13950    0.15273    0.16093    0.16238    0.16591
   0.21503    0.21511    0.21585    0.21622    0.21630    0.21708    0.22133    0.27972
   0.29058    0.29669    0.31766    0.32876    0.33816    0.37146    0.38108    0.38246
   0.38886    0.38911    0.39261    0.39909    0.39998    0.40282    0.40945    0.41092
   0.41927    0.42133    0.42409
 Eigenvalues (hartree) for nkpt=   1  k points, SPIN DOWN:
 kpt#   1, nband=115, wtk=  1.00000, kpt=  0.0000  0.0000  0.0000 (reduced coord)
  -1.39334   -1.39293   -1.39285   -1.39279   -1.39259   -1.39250   -1.39245   -1.39241
  -1.12241   -1.05222   -1.04823   -1.04593   -0.47265   -0.47223   -0.46725   -0.46688
  -0.45939   -0.45604   -0.45263   -0.45202   -0.41248   -0.41062   -0.40841   -0.40639
  -0.39273   -0.38868   -0.38723   -0.38444   -0.37647   -0.36996   -0.36875   -0.36069
  -0.35314   -0.30959   -0.30875   -0.30838   -0.30749   -0.30681   -0.30382   -0.30331
  -0.02465   -0.01585   -0.01543   -0.01133   -0.01024    0.01888    0.01925    0.02741
   0.02775    0.02800    0.03956    0.04636    0.04761    0.05517    0.06732    0.06844
   0.06872    0.07205    0.07263    0.07827    0.07908    0.08998    0.09064    0.09558
   0.10143    0.10175    0.10452    0.10486    0.11581    0.11584    0.11733    0.12101
   0.12365    0.12407    0.12480    0.12586    0.13385    0.13458    0.13898    0.13908
   0.13914    0.13950    0.13955    0.14021    0.15379    0.16259    0.16334    0.16644
   0.28875    0.29185    0.30039    0.32299    0.33673    0.33730    0.37683    0.38581
   0.38817    0.38842    0.39217    0.39420    0.39825    0.40061    0.41059    0.41098
   0.41568    0.42119    0.42214    0.42511    0.42778    0.42940    0.43115    0.45256
   0.45348    0.46473    0.46516
