
 **** DERIVATIVE DATABASE ****    
+DDB, Version number  20230401

  Note : temporary (transfer) database

    usepaw         1
     natom        36
      nkpt         1
    nsppol         2
      nsym         1
    ntypat         6
    occopt         2
     nband       115
     acell  0.10000000000000D+01  0.10000000000000D+01  0.10000000000000D+01
       amu  0.15196500000000D+03  0.87620000000000D+02  0.69410000000000D+01
            0.26981539000000D+02  0.14006740000000D+02  0.15999400000000D+02
   dilatmx  0.10000000000000D+01
      ecut  0.10000000000000D+02
 pawecutdg  0.20000000000000D+02
    ecutsm  0.00000000000000D+00
     intxc         0
      iscf        17
       ixc     -1012
       kpt  0.00000000000000D+00  0.00000000000000D+00  0.00000000000000D+00
    kptnrm  0.10000000000000D+01
     ngfft        45   45   36
    nspden         2
   nspinor         1
       occ  0.10000000000000D+01  0.10000000000000D+01  0.10000000000000D+01
            0.10000000000000D+01  0.10000000000000D+01  0.10000000000000D+01
            0.10000000000000D+01  0.10000000000000D+01  0.10000000000000D+01
            0.10000000000000D+01  0.10000000000000D+01  0.10000000000000D+01
            0.10000000000000D+01  0.10000000000000D+01  0.10000000000000D+01
            0.10000000000000D+01  0.10000000000000D+01  0.10000000000000D+01
            0.10000000000000D+01  0.10000000000000D+01  0.10000000000000D+01
            0.10000000000000D+01  0.10000000000000D+01  0.10000000000000D+01
            0.10000000000000D+01  0.10000000000000D+01  0.10000000000000D+01
            0.10000000000000D+01  0.10000000000000D+01  0.10000000000000D+01
            0.10000000000000D+01  0.10000000000000D+01  0.10000000000000D+01
            0.10000000000000D+01  0.10000000000000D+01  0.10000000000000D+01
            0.10000000000000D+01  0.10000000000000D+01  0.10000000000000D+01
            0.10000000000000D+01  0.10000000000000D+01  0.10000000000000D+01
            0.10000000000000D+01  0.10000000000000D+01  0.10000000000000D+01
            0.10000000000000D+01  0.10000000000000D+01  0.10000000000000D+01
            0.10000000000000D+01  0.10000000000000D+01  0.10000000000000D+01
            0.10000000000000D+01  0.10000000000000D+01  0.10000000000000D+01
            0.10000000000000D+01  0.10000000000000D+01  0.10000000000000D+01
            0.10000000000000D+01  0.10000000000000D+01  0.10000000000000D+01
            0.10000000000000D+01  0.10000000000000D+01  0.10000000000000D+01
            0.10000000000000D+01  0.10000000000000D+01  0.10000000000000D+01
            0.10000000000000D+01  0.10000000000000D+01  0.10000000000000D+01
            0.10000000000000D+01  0.10000000000000D+01  0.10000000000000D+01
            0.10000000000000D+01  0.10000000000000D+01  0.10000000000000D+01
            0.10000000000000D+01  0.10000000000000D+01  0.10000000000000D+01
            0.10000000000000D+01  0.10000000000000D+01  0.10000000000000D+01
            0.10000000000000D+01  0.10000000000000D+01  0.10000000000000D+01
            0.10000000000000D+01  0.10000000000000D+01  0.10000000000000D+01
            0.10000000000000D+01  0.10000000000000D+01  0.10000000000000D+01
            0.10000000000000D+01  0.10000000000000D+01  0.10000000000000D+01
            0.10000000000000D+01  0.10000000000000D+01  0.00000000000000D+00
            0.00000000000000D+00  0.00000000000000D+00  0.00000000000000D+00
            0.00000000000000D+00  0.00000000000000D+00  0.00000000000000D+00
            0.00000000000000D+00  0.00000000000000D+00  0.00000000000000D+00
            0.00000000000000D+00  0.00000000000000D+00  0.00000000000000D+00
            0.00000000000000D+00  0.00000000000000D+00  0.00000000000000D+00
            0.00000000000000D+00  0.00000000000000D+00  0.00000000000000D+00
            0.00000000000000D+00
     rprim  0.15040330225900D+02  0.00000000000000D+00  0.00000000000000D+00
            0.00000000000000D+00  0.15040330225900D+02  0.00000000000000D+00
            0.00000000000000D+00  0.00000000000000D+00  0.12033775961600D+02
  dfpt_sciss  0.00000000000000D+00
    spinat  0.00000000000000D+00  0.00000000000000D+00  0.00000000000000D+00
            0.00000000000000D+00  0.00000000000000D+00  0.00000000000000D+00
            0.00000000000000D+00  0.00000000000000D+00  0.00000000000000D+00
            0.00000000000000D+00  0.00000000000000D+00  0.00000000000000D+00
            0.00000000000000D+00  0.00000000000000D+00  0.00000000000000D+00
            0.00000000000000D+00  0.00000000000000D+00  0.00000000000000D+00
            0.00000000000000D+00  0.00000000000000D+00  0.00000000000000D+00
            0.00000000000000D+00  0.00000000000000D+00  0.00000000000000D+00
            0.00000000000000D+00  0.00000000000000D+00  0.00000000000000D+00
            0.00000000000000D+00  0.00000000000000D+00  0.00000000000000D+00
            0.00000000000000D+00  0.00000000000000D+00  0.00000000000000D+00
            0.00000000000000D+00  0.00000000000000D+00  0.00000000000000D+00
            0.00000000000000D+00  0.00000000000000D+00  0.00000000000000D+00
            0.00000000000000D+00  0.00000000000000D+00  0.00000000000000D+00
            0.00000000000000D+00  0.00000000000000D+00  0.00000000000000D+00
            0.00000000000000D+00  0.00000000000000D+00  0.00000000000000D+00
            0.00000000000000D+00  0.00000000000000D+00  0.00000000000000D+00
            0.00000000000000D+00  0.00000000000000D+00  0.00000000000000D+00
            0.00000000000000D+00  0.00000000000000D+00  0.00000000000000D+00
            0.00000000000000D+00  0.00000000000000D+00  0.00000000000000D+00
            0.00000000000000D+00  0.00000000000000D+00  0.00000000000000D+00
            0.00000000000000D+00  0.00000000000000D+00  0.00000000000000D+00
            0.00000000000000D+00  0.00000000000000D+00  0.00000000000000D+00
            0.00000000000000D+00  0.00000000000000D+00  0.00000000000000D+00
            0.00000000000000D+00  0.00000000000000D+00  0.00000000000000D+00
            0.00000000000000D+00  0.00000000000000D+00  0.00000000000000D+00
            0.00000000000000D+00  0.00000000000000D+00  0.00000000000000D+00
            0.00000000000000D+00  0.00000000000000D+00  0.00000000000000D+00
            0.00000000000000D+00  0.00000000000000D+00  0.00000000000000D+00
            0.00000000000000D+00  0.00000000000000D+00  0.00000000000000D+00
            0.00000000000000D+00  0.00000000000000D+00  0.00000000000000D+00
            0.00000000000000D+00  0.00000000000000D+00  0.00000000000000D+00
            0.00000000000000D+00  0.00000000000000D+00  0.00000000000000D+00
            0.00000000000000D+00  0.00000000000000D+00  0.00000000000000D+00
            0.00000000000000D+00  0.00000000000000D+00  0.00000000000000D+00
            0.00000000000000D+00  0.00000000000000D+00  0.00000000000000D+00
    symafm         1
    symrel         1    0    0    0    1    0    0    0    1
     tnons  0.00000000000000D+00  0.00000000000000D+00  0.00000000000000D+00
    tolwfr  0.10000000000000D+01
   tphysel  0.00000000000000D+00
    tsmear  0.10000000000000D-01
     typat         1    2    2    2    3    3    3    3    3    3    3    3
                   4    4    4    4    4    4    4    4    5    5    5    5
                   5    5    5    5    6    6    6    6    6    6    6    6
       wtk  0.10000000000000D+01
      xred  0.50000000000000D+00  0.00000000000000D+00  0.25000000000000D+00
            0.50098106610000D+00  0.00000000000000D+00  0.75098106610000D+00
            0.10000000000000D+01  0.50000000000000D+00  0.11890596229000D-03
            0.10000000000000D+01  0.50000000000000D+00  0.49988109400000D+00
            0.12744374710000D+00  0.82536213210000D+00  0.25000000000000D+00
            0.12704638640000D+00  0.82502282330000D+00  0.75000000000000D+00
            0.87255625290000D+00  0.17463786790000D+00  0.25000000000000D+00
            0.87295361360000D+00  0.17497717670000D+00  0.75000000000000D+00
            0.17499169840000D+00  0.12728967160000D+00  0.28739574230000D-03
            0.17499169840000D+00  0.12728967160000D+00  0.49971260430000D+00
            0.82500830160000D+00  0.87271032840000D+00  0.28739574230000D-03
            0.82500830160000D+00  0.87271032840000D+00  0.49971260430000D+00
            0.35173806670000D+00  0.68241995630000D+00  0.21289163617000D-03
            0.35173806670000D+00  0.68241995630000D+00  0.49978710840000D+00
            0.64826193330000D+00  0.31758004370000D+00  0.21289163617000D-03
            0.64826193330000D+00  0.31758004370000D+00  0.49978710840000D+00
            0.31780576680000D+00  0.35109081090000D+00  0.25000000000000D+00
            0.31777456060000D+00  0.35154217070000D+00  0.75000000000000D+00
            0.68219423320000D+00  0.64890918910000D+00  0.25000000000000D+00
            0.68222543940000D+00  0.64845782930000D+00  0.75000000000000D+00
            0.58430476540000D+00  0.73091011390000D+00  0.99992821440000D+00
            0.58430476540000D+00  0.73091011390000D+00  0.50007178560000D+00
            0.41569523460000D+00  0.26908988610000D+00  0.99992821440000D+00
            0.41569523460000D+00  0.26908988610000D+00  0.50007178560000D+00
            0.27019712620000D+00  0.58410218790000D+00  0.25000000000000D+00
            0.27041286440000D+00  0.58437089430000D+00  0.75000000000000D+00
            0.72980287380000D+00  0.41589781210000D+00  0.25000000000000D+00
            0.72958713560000D+00  0.41562910570000D+00  0.75000000000000D+00
            0.25250920030000D+00  0.88699605780000D+00  0.99991734080000D+00
            0.25250920030000D+00  0.88699605780000D+00  0.50008265920000D+00
            0.74749079970000D+00  0.11300394220000D+00  0.99991734080000D+00
            0.74749079970000D+00  0.11300394220000D+00  0.50008265920000D+00
            0.11279815010000D+00  0.25309031310000D+00  0.25000000000000D+00
            0.11273121590000D+00  0.25349138290000D+00  0.75000000000000D+00
            0.88720184990000D+00  0.74690968690000D+00  0.25000000000000D+00
            0.88726878410000D+00  0.74650861710000D+00  0.75000000000000D+00
     znucl  0.63000000000000D+02  0.38000000000000D+02  0.30000000000000D+01
            0.13000000000000D+02  0.70000000000000D+01  0.80000000000000D+01
      zion  0.17000000000000D+02  0.10000000000000D+02  0.30000000000000D+01
            0.30000000000000D+01  0.50000000000000D+01  0.60000000000000D+01
 
 No information on the potentials yet 
 
 **** Database of total energy derivatives ****
 Number of data blocks=    2
  
 1st derivatives              - # elements :         114
     1     1  0.34382262767687D-02  0.00000000000000D+00
     2     1  0.48288579414908D-03  0.00000000000000D+00
     3     1 -0.67282298667712D-02  0.00000000000000D+00
     1     2  0.10703599307682D-01  0.00000000000000D+00
     2     2 -0.10869100099569D-02  0.00000000000000D+00
     3     2  0.90399046141166D-02  0.00000000000000D+00
     1     3 -0.10115615958053D-02  0.00000000000000D+00
     2     3  0.12179301911512D-04  0.00000000000000D+00
     3     3  0.39866075572598D-03  0.00000000000000D+00
     1     4 -0.10110643808715D-02  0.00000000000000D+00
     2     4  0.13832359732931D-04  0.00000000000000D+00
     3     4 -0.42668914792018D-03  0.00000000000000D+00
     1     5  0.24457439768647D-02  0.00000000000000D+00
     2     5  0.34377382240155D-02  0.00000000000000D+00
     3     5 -0.31447872096106D-03  0.00000000000000D+00
     1     6  0.21820592614666D-03  0.00000000000000D+00
     2     6  0.27912847025382D-02  0.00000000000000D+00
     3     6  0.40982305875395D-03  0.00000000000000D+00
     1     7 -0.40757913986890D-02  0.00000000000000D+00
     2     7 -0.40518789947246D-02  0.00000000000000D+00
     3     7 -0.31579190017044D-03  0.00000000000000D+00
     1     8 -0.41897960393089D-02  0.00000000000000D+00
     2     8 -0.48658725627158D-02  0.00000000000000D+00
     3     8  0.41350977617157D-03  0.00000000000000D+00
     1     9 -0.29105738372383D-02  0.00000000000000D+00
     2     9  0.42053119453938D-02  0.00000000000000D+00
     3     9  0.14971436245005D-02  0.00000000000000D+00
     1    10 -0.42875191692423D-02  0.00000000000000D+00
     2    10  0.49776961943394D-02  0.00000000000000D+00
     3    10 -0.18922925911386D-02  0.00000000000000D+00
     1    11  0.15578779829734D-03  0.00000000000000D+00
     2    11 -0.23181565395744D-02  0.00000000000000D+00
     3    11 -0.26948345885723D-03  0.00000000000000D+00
     1    12  0.15749767854324D-02  0.00000000000000D+00
     2    12 -0.31126841035661D-02  0.00000000000000D+00
     3    12 -0.14127031892046D-03  0.00000000000000D+00
     1    13 -0.53613661482038D-02  0.00000000000000D+00
     2    13 -0.81730217625977D-02  0.00000000000000D+00
     3    13  0.16770046375987D-02  0.00000000000000D+00
     1    14 -0.72151923096624D-02  0.00000000000000D+00
     2    14 -0.11798690909517D-01  0.00000000000000D+00
     3    14 -0.25877702155887D-02  0.00000000000000D+00
     1    15  0.83092954321103D-02  0.00000000000000D+00
     2    15  0.33780551580259D-02  0.00000000000000D+00
     3    15 -0.57013686539279D-04  0.00000000000000D+00
     1    16  0.10162249597804D-01  0.00000000000000D+00
     2    16  0.70684388257113D-02  0.00000000000000D+00
     3    16 -0.87175399431161D-03  0.00000000000000D+00
     1    17  0.53671032235688D-02  0.00000000000000D+00
     2    17 -0.11503145223018D-01  0.00000000000000D+00
     3    17 -0.79027385204675D-03  0.00000000000000D+00
     1    18  0.60802046175226D-02  0.00000000000000D+00
     2    18 -0.76674089915622D-02  0.00000000000000D+00
     3    18  0.11279884725738D-02  0.00000000000000D+00
     1    19 -0.58231658512692D-02  0.00000000000000D+00
     2    19  0.11673057479995D-01  0.00000000000000D+00
     3    19 -0.79173680664341D-03  0.00000000000000D+00
     1    20 -0.63893075693041D-02  0.00000000000000D+00
     2    20  0.12671693045446D-01  0.00000000000000D+00
     3    20  0.11357859693252D-02  0.00000000000000D+00
     1    21  0.47802969757603D-02  0.00000000000000D+00
     2    21  0.36524887121957D-02  0.00000000000000D+00
     3    21 -0.24858244748491D-02  0.00000000000000D+00
     1    22  0.45814644634760D-02  0.00000000000000D+00
     2    22  0.36857424711114D-02  0.00000000000000D+00
     3    22  0.19060096369625D-02  0.00000000000000D+00
     1    23 -0.82193666265769D-02  0.00000000000000D+00
     2    23 -0.40141334956558D-02  0.00000000000000D+00
     3    23 -0.26587549678297D-02  0.00000000000000D+00
     1    24 -0.79949004453051D-02  0.00000000000000D+00
     2    24 -0.40832558803000D-02  0.00000000000000D+00
     3    24  0.21048092356471D-02  0.00000000000000D+00
     1    25 -0.30658556861699D-02  0.00000000000000D+00
     2    25  0.10404536030413D-01  0.00000000000000D+00
     3    25  0.61588655203081D-03  0.00000000000000D+00
     1    26 -0.51743010845607D-02  0.00000000000000D+00
     2    26  0.56603990671001D-02  0.00000000000000D+00
     3    26 -0.51467707564856D-03  0.00000000000000D+00
     1    27  0.27310737106331D-02  0.00000000000000D+00
     2    27 -0.92355223770973D-02  0.00000000000000D+00
     3    27  0.61611957194870D-03  0.00000000000000D+00
     1    28  0.49434317834271D-02  0.00000000000000D+00
     2    28 -0.40203325712218D-02  0.00000000000000D+00
     3    28 -0.51604649968245D-03  0.00000000000000D+00
     1    29 -0.56362259689592D-02  0.00000000000000D+00
     2    29 -0.24029229395909D-01  0.00000000000000D+00
     3    29 -0.90500347373468D-03  0.00000000000000D+00
     1    30 -0.55108922540498D-02  0.00000000000000D+00
     2    30 -0.23551208607538D-01  0.00000000000000D+00
     3    30  0.72665105299295D-03  0.00000000000000D+00
     1    31  0.43165487608478D-02  0.00000000000000D+00
     2    31  0.26170572390353D-01  0.00000000000000D+00
     3    31  0.14977936813445D-03  0.00000000000000D+00
     1    32  0.42884554395822D-02  0.00000000000000D+00
     2    32  0.25728995136556D-01  0.00000000000000D+00
     3    32 -0.38673365220137D-03  0.00000000000000D+00
     1    33  0.22573528789705D-01  0.00000000000000D+00
     2    33 -0.10988570736272D-01  0.00000000000000D+00
     3    33  0.35932367749002D-03  0.00000000000000D+00
     1    34  0.21932626083415D-01  0.00000000000000D+00
     2    34 -0.94487004883940D-02  0.00000000000000D+00
     3    34 -0.36509629517878D-03  0.00000000000000D+00
     1    35 -0.21365630092249D-01  0.00000000000000D+00
     2    35  0.10557455671343D-01  0.00000000000000D+00
     3    35  0.35925694162132D-03  0.00000000000000D+00
     1    36 -0.18885370236169D-01  0.00000000000000D+00
     2    36  0.73940061532314D-02  0.00000000000000D+00
     3    36 -0.36879320391504D-03  0.00000000000000D+00
     1    39  0.26502340541751D-02  0.00000000000000D+00
     2    39  0.26526273671559D-02  0.00000000000000D+00
     3    39  0.24356728045026D-02  0.00000000000000D+00
     1    40 -0.14081533831644D-08  0.00000000000000D+00
     2    40  0.42963033440192D-08  0.00000000000000D+00
     3    40 -0.16522389961651D-05  0.00000000000000D+00
  
 Total energy                 - # elements :           1
 -0.47548225409456D+03  0.00000000000000D+00
