
 **** DERIVATIVE DATABASE ****    
+DDB, Version number  20230401

  Note : temporary (transfer) database

    usepaw         1
     natom        36
      nkpt         1
    nsppol         2
      nsym         1
    ntypat         6
    occopt         2
     nband       115
     acell  0.10000000000000D+01  0.10000000000000D+01  0.10000000000000D+01
       amu  0.15196500000000D+03  0.87620000000000D+02  0.69410000000000D+01
            0.26981539000000D+02  0.14006740000000D+02  0.15999400000000D+02
   dilatmx  0.10000000000000D+01
      ecut  0.10000000000000D+02
 pawecutdg  0.20000000000000D+02
    ecutsm  0.00000000000000D+00
     intxc         0
      iscf        17
       ixc     -1012
       kpt  0.00000000000000D+00  0.00000000000000D+00  0.00000000000000D+00
    kptnrm  0.10000000000000D+01
     ngfft        45   45   36
    nspden         2
   nspinor         1
       occ  0.10000000000000D+01  0.10000000000000D+01  0.10000000000000D+01
            0.10000000000000D+01  0.10000000000000D+01  0.10000000000000D+01
            0.10000000000000D+01  0.10000000000000D+01  0.10000000000000D+01
            0.10000000000000D+01  0.10000000000000D+01  0.10000000000000D+01
            0.10000000000000D+01  0.10000000000000D+01  0.10000000000000D+01
            0.10000000000000D+01  0.10000000000000D+01  0.10000000000000D+01
            0.10000000000000D+01  0.10000000000000D+01  0.10000000000000D+01
            0.10000000000000D+01  0.10000000000000D+01  0.10000000000000D+01
            0.10000000000000D+01  0.10000000000000D+01  0.10000000000000D+01
            0.10000000000000D+01  0.10000000000000D+01  0.10000000000000D+01
            0.10000000000000D+01  0.10000000000000D+01  0.10000000000000D+01
            0.10000000000000D+01  0.10000000000000D+01  0.10000000000000D+01
            0.10000000000000D+01  0.10000000000000D+01  0.10000000000000D+01
            0.10000000000000D+01  0.10000000000000D+01  0.10000000000000D+01
            0.10000000000000D+01  0.10000000000000D+01  0.10000000000000D+01
            0.10000000000000D+01  0.10000000000000D+01  0.10000000000000D+01
            0.10000000000000D+01  0.10000000000000D+01  0.10000000000000D+01
            0.10000000000000D+01  0.10000000000000D+01  0.10000000000000D+01
            0.10000000000000D+01  0.10000000000000D+01  0.10000000000000D+01
            0.10000000000000D+01  0.10000000000000D+01  0.10000000000000D+01
            0.10000000000000D+01  0.10000000000000D+01  0.10000000000000D+01
            0.10000000000000D+01  0.10000000000000D+01  0.10000000000000D+01
            0.10000000000000D+01  0.10000000000000D+01  0.10000000000000D+01
            0.10000000000000D+01  0.10000000000000D+01  0.10000000000000D+01
            0.10000000000000D+01  0.10000000000000D+01  0.10000000000000D+01
            0.10000000000000D+01  0.10000000000000D+01  0.10000000000000D+01
            0.10000000000000D+01  0.10000000000000D+01  0.10000000000000D+01
            0.10000000000000D+01  0.10000000000000D+01  0.10000000000000D+01
            0.10000000000000D+01  0.10000000000000D+01  0.10000000000000D+01
            0.10000000000000D+01  0.10000000000000D+01  0.10000000000000D+01
            0.10000000000000D+01  0.10000000000000D+01  0.10000000000000D+01
            0.10000000000000D+01  0.10000000000000D+01  0.00000000000000D+00
            0.00000000000000D+00  0.00000000000000D+00  0.00000000000000D+00
            0.00000000000000D+00  0.00000000000000D+00  0.00000000000000D+00
            0.00000000000000D+00  0.00000000000000D+00  0.00000000000000D+00
            0.00000000000000D+00  0.00000000000000D+00  0.00000000000000D+00
            0.00000000000000D+00  0.00000000000000D+00  0.00000000000000D+00
            0.00000000000000D+00  0.00000000000000D+00  0.00000000000000D+00
            0.00000000000000D+00
     rprim  0.15040330225900D+02  0.00000000000000D+00  0.00000000000000D+00
            0.00000000000000D+00  0.15040330225900D+02  0.00000000000000D+00
            0.00000000000000D+00  0.00000000000000D+00  0.12033775961600D+02
  dfpt_sciss  0.00000000000000D+00
    spinat  0.00000000000000D+00  0.00000000000000D+00  0.00000000000000D+00
            0.00000000000000D+00  0.00000000000000D+00  0.00000000000000D+00
            0.00000000000000D+00  0.00000000000000D+00  0.00000000000000D+00
            0.00000000000000D+00  0.00000000000000D+00  0.00000000000000D+00
            0.00000000000000D+00  0.00000000000000D+00  0.00000000000000D+00
            0.00000000000000D+00  0.00000000000000D+00  0.00000000000000D+00
            0.00000000000000D+00  0.00000000000000D+00  0.00000000000000D+00
            0.00000000000000D+00  0.00000000000000D+00  0.00000000000000D+00
            0.00000000000000D+00  0.00000000000000D+00  0.00000000000000D+00
            0.00000000000000D+00  0.00000000000000D+00  0.00000000000000D+00
            0.00000000000000D+00  0.00000000000000D+00  0.00000000000000D+00
            0.00000000000000D+00  0.00000000000000D+00  0.00000000000000D+00
            0.00000000000000D+00  0.00000000000000D+00  0.00000000000000D+00
            0.00000000000000D+00  0.00000000000000D+00  0.00000000000000D+00
            0.00000000000000D+00  0.00000000000000D+00  0.00000000000000D+00
            0.00000000000000D+00  0.00000000000000D+00  0.00000000000000D+00
            0.00000000000000D+00  0.00000000000000D+00  0.00000000000000D+00
            0.00000000000000D+00  0.00000000000000D+00  0.00000000000000D+00
            0.00000000000000D+00  0.00000000000000D+00  0.00000000000000D+00
            0.00000000000000D+00  0.00000000000000D+00  0.00000000000000D+00
            0.00000000000000D+00  0.00000000000000D+00  0.00000000000000D+00
            0.00000000000000D+00  0.00000000000000D+00  0.00000000000000D+00
            0.00000000000000D+00  0.00000000000000D+00  0.00000000000000D+00
            0.00000000000000D+00  0.00000000000000D+00  0.00000000000000D+00
            0.00000000000000D+00  0.00000000000000D+00  0.00000000000000D+00
            0.00000000000000D+00  0.00000000000000D+00  0.00000000000000D+00
            0.00000000000000D+00  0.00000000000000D+00  0.00000000000000D+00
            0.00000000000000D+00  0.00000000000000D+00  0.00000000000000D+00
            0.00000000000000D+00  0.00000000000000D+00  0.00000000000000D+00
            0.00000000000000D+00  0.00000000000000D+00  0.00000000000000D+00
            0.00000000000000D+00  0.00000000000000D+00  0.00000000000000D+00
            0.00000000000000D+00  0.00000000000000D+00  0.00000000000000D+00
            0.00000000000000D+00  0.00000000000000D+00  0.00000000000000D+00
            0.00000000000000D+00  0.00000000000000D+00  0.00000000000000D+00
            0.00000000000000D+00  0.00000000000000D+00  0.00000000000000D+00
            0.00000000000000D+00  0.00000000000000D+00  0.00000000000000D+00
    symafm         1
    symrel         1    0    0    0    1    0    0    0    1
     tnons  0.00000000000000D+00  0.00000000000000D+00  0.00000000000000D+00
    tolwfr  0.10000000000000D+01
   tphysel  0.00000000000000D+00
    tsmear  0.10000000000000D-01
     typat         1    2    2    2    3    3    3    3    3    3    3    3
                   4    4    4    4    4    4    4    4    5    5    5    5
                   5    5    5    5    6    6    6    6    6    6    6    6
       wtk  0.10000000000000D+01
      xred  0.50000000000000D+00  0.00000000000000D+00  0.25000000000000D+00
            0.50000000000000D+00  0.00000000000000D+00  0.75000000000000D+00
            0.10000000000000D+01  0.50000000000000D+00  0.11890596229000D-03
            0.10000000000000D+01  0.50000000000000D+00  0.49988109400000D+00
            0.12744374710000D+00  0.82536213210000D+00  0.25000000000000D+00
            0.12704638640000D+00  0.82502282330000D+00  0.75000000000000D+00
            0.87255625290000D+00  0.17463786790000D+00  0.25000000000000D+00
            0.87295361360000D+00  0.17497717670000D+00  0.75000000000000D+00
            0.17499169840000D+00  0.12728967160000D+00  0.28739574230000D-03
            0.17499169840000D+00  0.12728967160000D+00  0.49971260430000D+00
            0.82500830160000D+00  0.87271032840000D+00  0.28739574230000D-03
            0.82500830160000D+00  0.87271032840000D+00  0.49971260430000D+00
            0.35173806670000D+00  0.68241995630000D+00  0.21289163617000D-03
            0.35173806670000D+00  0.68241995630000D+00  0.49978710840000D+00
            0.64826193330000D+00  0.31758004370000D+00  0.21289163617000D-03
            0.64826193330000D+00  0.31758004370000D+00  0.49978710840000D+00
            0.31682470070000D+00  0.35109081090000D+00  0.24901893390000D+00
            0.31777456060000D+00  0.35154217070000D+00  0.75000000000000D+00
            0.68219423320000D+00  0.64890918910000D+00  0.25000000000000D+00
            0.68222543940000D+00  0.64845782930000D+00  0.75000000000000D+00
            0.58430476540000D+00  0.73091011390000D+00  0.99992821440000D+00
            0.58430476540000D+00  0.73091011390000D+00  0.50007178560000D+00
            0.41569523460000D+00  0.26908988610000D+00  0.99992821440000D+00
            0.41569523460000D+00  0.26908988610000D+00  0.50007178560000D+00
            0.27019712620000D+00  0.58410218790000D+00  0.25000000000000D+00
            0.27041286440000D+00  0.58437089430000D+00  0.75000000000000D+00
            0.72980287380000D+00  0.41589781210000D+00  0.25000000000000D+00
            0.72958713560000D+00  0.41562910570000D+00  0.75000000000000D+00
            0.25250920030000D+00  0.88699605780000D+00  0.99991734080000D+00
            0.25250920030000D+00  0.88699605780000D+00  0.50008265920000D+00
            0.74749079970000D+00  0.11300394220000D+00  0.99991734080000D+00
            0.74749079970000D+00  0.11300394220000D+00  0.50008265920000D+00
            0.11279815010000D+00  0.25309031310000D+00  0.25000000000000D+00
            0.11273121590000D+00  0.25349138290000D+00  0.75000000000000D+00
            0.88720184990000D+00  0.74690968690000D+00  0.25000000000000D+00
            0.88726878410000D+00  0.74650861710000D+00  0.75000000000000D+00
     znucl  0.63000000000000D+02  0.38000000000000D+02  0.30000000000000D+01
            0.13000000000000D+02  0.70000000000000D+01  0.80000000000000D+01
      zion  0.17000000000000D+02  0.10000000000000D+02  0.30000000000000D+01
            0.30000000000000D+01  0.50000000000000D+01  0.60000000000000D+01
 
 No information on the potentials yet 
 
 **** Database of total energy derivatives ****
 Number of data blocks=    2
  
 1st derivatives              - # elements :         114
     1     1  0.19240651910965D-03  0.00000000000000D+00
     2     1 -0.32657211767356D-02  0.00000000000000D+00
     3     1 -0.12809758656783D-02  0.00000000000000D+00
     1     2  0.22827032623976D-03  0.00000000000000D+00
     2     2 -0.96501437339642D-03  0.00000000000000D+00
     3     2  0.78926741299723D-03  0.00000000000000D+00
     1     3  0.49824550408645D-02  0.00000000000000D+00
     2     3 -0.33475737359983D-02  0.00000000000000D+00
     3     3  0.27770926440071D-02  0.00000000000000D+00
     1     4  0.15599659388870D-02  0.00000000000000D+00
     2     4 -0.16333910989914D-02  0.00000000000000D+00
     3     4 -0.18672157672841D-02  0.00000000000000D+00
     1     5  0.33825567783257D-02  0.00000000000000D+00
     2     5  0.42847237870488D-02  0.00000000000000D+00
     3     5  0.10370614842103D-03  0.00000000000000D+00
     1     6  0.21570524844991D-02  0.00000000000000D+00
     2     6  0.39663569749964D-02  0.00000000000000D+00
     3     6 -0.14991219111177D-04  0.00000000000000D+00
     1     7 -0.15342156414619D-02  0.00000000000000D+00
     2     7 -0.37989644797288D-02  0.00000000000000D+00
     3     7 -0.21801498599152D-04  0.00000000000000D+00
     1     8 -0.18743409612852D-02  0.00000000000000D+00
     2     8 -0.38752285223332D-02  0.00000000000000D+00
     3     8  0.83833122327852D-04  0.00000000000000D+00
     1     9 -0.16046197420472D-02  0.00000000000000D+00
     2     9  0.69474292250957D-02  0.00000000000000D+00
     3     9  0.32067173052334D-02  0.00000000000000D+00
     1    10 -0.44412159417634D-02  0.00000000000000D+00
     2    10  0.35108501723616D-02  0.00000000000000D+00
     3    10 -0.18488386975130D-02  0.00000000000000D+00
     1    11  0.24395467251809D-02  0.00000000000000D+00
     2    11 -0.35094040884519D-02  0.00000000000000D+00
     3    11  0.83149464863264D-03  0.00000000000000D+00
     1    12  0.24742342166919D-02  0.00000000000000D+00
     2    12 -0.37131514082193D-02  0.00000000000000D+00
     3    12 -0.83289772087778D-03  0.00000000000000D+00
     1    13 -0.80638279546140D-02  0.00000000000000D+00
     2    13 -0.88041627763822D-02  0.00000000000000D+00
     3    13  0.21033774142996D-02  0.00000000000000D+00
     1    14 -0.87723032439718D-02  0.00000000000000D+00
     2    14 -0.48947578128197D-02  0.00000000000000D+00
     3    14 -0.15954813492000D-02  0.00000000000000D+00
     1    15  0.77417197766136D-02  0.00000000000000D+00
     2    15  0.61426077253910D-02  0.00000000000000D+00
     3    15 -0.42806238499964D-03  0.00000000000000D+00
     1    16  0.14188208146188D-01  0.00000000000000D+00
     2    16  0.73560473994942D-02  0.00000000000000D+00
     3    16  0.92677590356701D-03  0.00000000000000D+00
     1    17 -0.40110461684692D-01  0.00000000000000D+00
     2    17 -0.98560282994179D-02  0.00000000000000D+00
     3    17 -0.30694163896543D-01  0.00000000000000D+00
     1    18  0.35968378456038D-02  0.00000000000000D+00
     2    18 -0.89476246008145D-02  0.00000000000000D+00
     3    18  0.57673201146202D-02  0.00000000000000D+00
     1    19 -0.52736402067150D-02  0.00000000000000D+00
     2    19  0.12822530580257D-01  0.00000000000000D+00
     3    19 -0.61162644444455D-04  0.00000000000000D+00
     1    20 -0.57366863918395D-02  0.00000000000000D+00
     2    20  0.10568453465529D-01  0.00000000000000D+00
     3    20  0.24242689775654D-04  0.00000000000000D+00
     1    21  0.65701534431034D-02  0.00000000000000D+00
     2    21  0.42044371346890D-02  0.00000000000000D+00
     3    21 -0.23899706332671D-02  0.00000000000000D+00
     1    22  0.66131697484593D-02  0.00000000000000D+00
     2    22  0.34318620488380D-02  0.00000000000000D+00
     3    22  0.25015442677532D-02  0.00000000000000D+00
     1    23 -0.21571028860207D-02  0.00000000000000D+00
     2    23 -0.32068943153700D-02  0.00000000000000D+00
     3    23  0.21740985872145D-02  0.00000000000000D+00
     1    24  0.28560330393305D-02  0.00000000000000D+00
     2    24 -0.77550732931676D-02  0.00000000000000D+00
     3    24  0.14340807130514D-01  0.00000000000000D+00
     1    25  0.24690937516687D-02  0.00000000000000D+00
     2    25  0.79767419901008D-02  0.00000000000000D+00
     3    25  0.35863551071820D-02  0.00000000000000D+00
     1    26 -0.42599895808453D-02  0.00000000000000D+00
     2    26  0.40713232310227D-02  0.00000000000000D+00
     3    26 -0.11019396682059D-02  0.00000000000000D+00
     1    27 -0.30798168291277D-03  0.00000000000000D+00
     2    27 -0.99679005577248D-02  0.00000000000000D+00
     3    27  0.70473441143146D-03  0.00000000000000D+00
     1    28  0.43630596894663D-02  0.00000000000000D+00
     2    28 -0.48750920260020D-02  0.00000000000000D+00
     3    28 -0.80563582972173D-03  0.00000000000000D+00
     1    29 -0.44668226385496D-02  0.00000000000000D+00
     2    29 -0.25885450624897D-01  0.00000000000000D+00
     3    29 -0.64195158244163D-03  0.00000000000000D+00
     1    30 -0.42675482396985D-02  0.00000000000000D+00
     2    30 -0.23959362406241D-01  0.00000000000000D+00
     3    30  0.87488600927721D-03  0.00000000000000D+00
     1    31  0.50415923707920D-02  0.00000000000000D+00
     2    31  0.24709618650879D-01  0.00000000000000D+00
     3    31 -0.21029431705543D-03  0.00000000000000D+00
     1    32  0.28291865328715D-02  0.00000000000000D+00
     2    32  0.25520882101950D-01  0.00000000000000D+00
     3    32  0.30586928381308D-03  0.00000000000000D+00
     1    33  0.40314507502325D-01  0.00000000000000D+00
     2    33 -0.37630661526523D-02  0.00000000000000D+00
     3    33  0.38752531771218D-02  0.00000000000000D+00
     1    34  0.22090714885582D-01  0.00000000000000D+00
     2    34 -0.84558110986887D-02  0.00000000000000D+00
     3    34 -0.11765814758200D-02  0.00000000000000D+00
     1    35 -0.22432326575242D-01  0.00000000000000D+00
     2    35  0.10349456594658D-01  0.00000000000000D+00
     3    35  0.16067125465956D-04  0.00000000000000D+00
     1    36 -0.20756999687276D-01  0.00000000000000D+00
     2    36  0.86225128145469D-02  0.00000000000000D+00
     3    36 -0.36104235357926D-05  0.00000000000000D+00
     1    39  0.26489631620304D-02  0.00000000000000D+00
     2    39  0.26522923930166D-02  0.00000000000000D+00
     3    39  0.24361456325383D-02  0.00000000000000D+00
     1    40 -0.40364177837082D-06  0.00000000000000D+00
     2    40  0.38907154085403D-06  0.00000000000000D+00
     3    40 -0.23559340219000D-05  0.00000000000000D+00
  
 Total energy                 - # elements :           1
 -0.47548223169259D+03  0.00000000000000D+00
