 Fermi (or HOMO) energy (hartree) =   0.22144   Average Vxc (hartree)=  -0.38907
 Eigenvalues (hartree) for nkpt=   1  k points, SPIN UP:
 kpt#   1, nband=115, wtk=  1.00000, kpt=  0.0000  0.0000  0.0000 (reduced coord)
  -1.39342   -1.39300   -1.39285   -1.39273   -1.39273   -1.39265   -1.39262   -1.39251
  -1.22949   -1.05235   -1.04832   -1.04606   -0.48977   -0.48782   -0.47420   -0.46718
  -0.46678   -0.45947   -0.45613   -0.45234   -0.45211   -0.43737   -0.43729   -0.41226
  -0.40858   -0.40143   -0.39287   -0.38884   -0.38527   -0.38121   -0.37681   -0.37009
  -0.35295   -0.31236   -0.30955   -0.30868   -0.30787   -0.30742   -0.30449   -0.30375
  -0.02496   -0.01637   -0.01557   -0.01144   -0.01137    0.01847    0.01875    0.02670
   0.02710    0.02789    0.03930    0.04572    0.04655    0.05404    0.06639    0.06806
   0.06824    0.07119    0.07159    0.07802    0.07837    0.08926    0.08968    0.09504
   0.09956    0.10104    0.10440    0.10471    0.11550    0.11573    0.11725    0.12015
   0.12237    0.12277    0.12351    0.12579    0.13395    0.13403    0.13642    0.13878
   0.13904    0.13928    0.13940    0.13953    0.15286    0.16105    0.16237    0.16600
   0.21513    0.21522    0.21595    0.21631    0.21640    0.21718    0.22144    0.27978
   0.29052    0.29675    0.31763    0.32882    0.33806    0.37150    0.38110    0.38237
   0.38887    0.38927    0.39264    0.39913    0.40013    0.40284    0.40950    0.41091
   0.41938    0.42164    0.42442
 Eigenvalues (hartree) for nkpt=   1  k points, SPIN DOWN:
 kpt#   1, nband=115, wtk=  1.00000, kpt=  0.0000  0.0000  0.0000 (reduced coord)
  -1.39341   -1.39300   -1.39285   -1.39274   -1.39271   -1.39266   -1.39261   -1.39252
  -1.12231   -1.05234   -1.04814   -1.04604   -0.47262   -0.47253   -0.46721   -0.46715
  -0.45953   -0.45623   -0.45264   -0.45231   -0.41257   -0.41049   -0.40858   -0.40632
  -0.39285   -0.38881   -0.38711   -0.38436   -0.37663   -0.37008   -0.36868   -0.36059
  -0.35301   -0.30958   -0.30872   -0.30814   -0.30745   -0.30658   -0.30379   -0.30304
  -0.02467   -0.01564   -0.01539   -0.01130   -0.01011    0.01885    0.01921    0.02736
   0.02762    0.02810    0.03952    0.04631    0.04753    0.05511    0.06723    0.06830
   0.06869    0.07199    0.07257    0.07825    0.07892    0.08987    0.09054    0.09562
   0.10122    0.10173    0.10456    0.10477    0.11578    0.11582    0.11724    0.12093
   0.12380    0.12396    0.12481    0.12587    0.13389    0.13456    0.13906    0.13911
   0.13925    0.13946    0.13958    0.14040    0.15392    0.16258    0.16346    0.16653
   0.28876    0.29180    0.30048    0.32299    0.33678    0.33720    0.37678    0.38579
   0.38815    0.38841    0.39219    0.39444    0.39830    0.40072    0.41060    0.41096
   0.41571    0.42116    0.42205    0.42505    0.42766    0.42934    0.43113    0.45251
   0.45358    0.46477    0.46513
