
 **** DERIVATIVE DATABASE ****    
+DDB, Version number  20230401

  Note : temporary (transfer) database

    usepaw         1
     natom        36
      nkpt         1
    nsppol         2
      nsym         1
    ntypat         6
    occopt         2
     nband       115
     acell  0.10000000000000D+01  0.10000000000000D+01  0.10000000000000D+01
       amu  0.15196500000000D+03  0.87620000000000D+02  0.69410000000000D+01
            0.26981539000000D+02  0.14006740000000D+02  0.15999400000000D+02
   dilatmx  0.10000000000000D+01
      ecut  0.10000000000000D+02
 pawecutdg  0.20000000000000D+02
    ecutsm  0.00000000000000D+00
     intxc         0
      iscf        17
       ixc     -1012
       kpt  0.00000000000000D+00  0.00000000000000D+00  0.00000000000000D+00
    kptnrm  0.10000000000000D+01
     ngfft        45   45   36
    nspden         2
   nspinor         1
       occ  0.10000000000000D+01  0.10000000000000D+01  0.10000000000000D+01
            0.10000000000000D+01  0.10000000000000D+01  0.10000000000000D+01
            0.10000000000000D+01  0.10000000000000D+01  0.10000000000000D+01
            0.10000000000000D+01  0.10000000000000D+01  0.10000000000000D+01
            0.10000000000000D+01  0.10000000000000D+01  0.10000000000000D+01
            0.10000000000000D+01  0.10000000000000D+01  0.10000000000000D+01
            0.10000000000000D+01  0.10000000000000D+01  0.10000000000000D+01
            0.10000000000000D+01  0.10000000000000D+01  0.10000000000000D+01
            0.10000000000000D+01  0.10000000000000D+01  0.10000000000000D+01
            0.10000000000000D+01  0.10000000000000D+01  0.10000000000000D+01
            0.10000000000000D+01  0.10000000000000D+01  0.10000000000000D+01
            0.10000000000000D+01  0.10000000000000D+01  0.10000000000000D+01
            0.10000000000000D+01  0.10000000000000D+01  0.10000000000000D+01
            0.10000000000000D+01  0.10000000000000D+01  0.10000000000000D+01
            0.10000000000000D+01  0.10000000000000D+01  0.10000000000000D+01
            0.10000000000000D+01  0.10000000000000D+01  0.10000000000000D+01
            0.10000000000000D+01  0.10000000000000D+01  0.10000000000000D+01
            0.10000000000000D+01  0.10000000000000D+01  0.10000000000000D+01
            0.10000000000000D+01  0.10000000000000D+01  0.10000000000000D+01
            0.10000000000000D+01  0.10000000000000D+01  0.10000000000000D+01
            0.10000000000000D+01  0.10000000000000D+01  0.10000000000000D+01
            0.10000000000000D+01  0.10000000000000D+01  0.10000000000000D+01
            0.10000000000000D+01  0.10000000000000D+01  0.10000000000000D+01
            0.10000000000000D+01  0.10000000000000D+01  0.10000000000000D+01
            0.10000000000000D+01  0.10000000000000D+01  0.10000000000000D+01
            0.10000000000000D+01  0.10000000000000D+01  0.10000000000000D+01
            0.10000000000000D+01  0.10000000000000D+01  0.10000000000000D+01
            0.10000000000000D+01  0.10000000000000D+01  0.10000000000000D+01
            0.10000000000000D+01  0.10000000000000D+01  0.10000000000000D+01
            0.10000000000000D+01  0.10000000000000D+01  0.10000000000000D+01
            0.10000000000000D+01  0.10000000000000D+01  0.10000000000000D+01
            0.10000000000000D+01  0.10000000000000D+01  0.00000000000000D+00
            0.00000000000000D+00  0.00000000000000D+00  0.00000000000000D+00
            0.00000000000000D+00  0.00000000000000D+00  0.00000000000000D+00
            0.00000000000000D+00  0.00000000000000D+00  0.00000000000000D+00
            0.00000000000000D+00  0.00000000000000D+00  0.00000000000000D+00
            0.00000000000000D+00  0.00000000000000D+00  0.00000000000000D+00
            0.00000000000000D+00  0.00000000000000D+00  0.00000000000000D+00
            0.00000000000000D+00
     rprim  0.15040330225900D+02  0.00000000000000D+00  0.00000000000000D+00
            0.00000000000000D+00  0.15040330225900D+02  0.00000000000000D+00
            0.00000000000000D+00  0.00000000000000D+00  0.12033775961600D+02
  dfpt_sciss  0.00000000000000D+00
    spinat  0.00000000000000D+00  0.00000000000000D+00  0.00000000000000D+00
            0.00000000000000D+00  0.00000000000000D+00  0.00000000000000D+00
            0.00000000000000D+00  0.00000000000000D+00  0.00000000000000D+00
            0.00000000000000D+00  0.00000000000000D+00  0.00000000000000D+00
            0.00000000000000D+00  0.00000000000000D+00  0.00000000000000D+00
            0.00000000000000D+00  0.00000000000000D+00  0.00000000000000D+00
            0.00000000000000D+00  0.00000000000000D+00  0.00000000000000D+00
            0.00000000000000D+00  0.00000000000000D+00  0.00000000000000D+00
            0.00000000000000D+00  0.00000000000000D+00  0.00000000000000D+00
            0.00000000000000D+00  0.00000000000000D+00  0.00000000000000D+00
            0.00000000000000D+00  0.00000000000000D+00  0.00000000000000D+00
            0.00000000000000D+00  0.00000000000000D+00  0.00000000000000D+00
            0.00000000000000D+00  0.00000000000000D+00  0.00000000000000D+00
            0.00000000000000D+00  0.00000000000000D+00  0.00000000000000D+00
            0.00000000000000D+00  0.00000000000000D+00  0.00000000000000D+00
            0.00000000000000D+00  0.00000000000000D+00  0.00000000000000D+00
            0.00000000000000D+00  0.00000000000000D+00  0.00000000000000D+00
            0.00000000000000D+00  0.00000000000000D+00  0.00000000000000D+00
            0.00000000000000D+00  0.00000000000000D+00  0.00000000000000D+00
            0.00000000000000D+00  0.00000000000000D+00  0.00000000000000D+00
            0.00000000000000D+00  0.00000000000000D+00  0.00000000000000D+00
            0.00000000000000D+00  0.00000000000000D+00  0.00000000000000D+00
            0.00000000000000D+00  0.00000000000000D+00  0.00000000000000D+00
            0.00000000000000D+00  0.00000000000000D+00  0.00000000000000D+00
            0.00000000000000D+00  0.00000000000000D+00  0.00000000000000D+00
            0.00000000000000D+00  0.00000000000000D+00  0.00000000000000D+00
            0.00000000000000D+00  0.00000000000000D+00  0.00000000000000D+00
            0.00000000000000D+00  0.00000000000000D+00  0.00000000000000D+00
            0.00000000000000D+00  0.00000000000000D+00  0.00000000000000D+00
            0.00000000000000D+00  0.00000000000000D+00  0.00000000000000D+00
            0.00000000000000D+00  0.00000000000000D+00  0.00000000000000D+00
            0.00000000000000D+00  0.00000000000000D+00  0.00000000000000D+00
            0.00000000000000D+00  0.00000000000000D+00  0.00000000000000D+00
            0.00000000000000D+00  0.00000000000000D+00  0.00000000000000D+00
            0.00000000000000D+00  0.00000000000000D+00  0.00000000000000D+00
            0.00000000000000D+00  0.00000000000000D+00  0.00000000000000D+00
    symafm         1
    symrel         1    0    0    0    1    0    0    0    1
     tnons  0.00000000000000D+00  0.00000000000000D+00  0.00000000000000D+00
    tolwfr  0.10000000000000D+01
   tphysel  0.00000000000000D+00
    tsmear  0.10000000000000D-01
     typat         1    2    2    2    3    3    3    3    3    3    3    3
                   4    4    4    4    4    4    4    4    5    5    5    5
                   5    5    5    5    6    6    6    6    6    6    6    6
       wtk  0.10000000000000D+01
      xred  0.50000000000000D+00  0.00000000000000D+00  0.25000000000000D+00
            0.50000000000000D+00  0.00000000000000D+00  0.75000000000000D+00
            0.10000000000000D+01  0.50000000000000D+00  0.11890596229000D-03
            0.10000000000000D+01  0.50000000000000D+00  0.49988109400000D+00
            0.12646268100000D+00  0.82536213210000D+00  0.24901893390000D+00
            0.12704638640000D+00  0.82502282330000D+00  0.75000000000000D+00
            0.87255625290000D+00  0.17463786790000D+00  0.25000000000000D+00
            0.87295361360000D+00  0.17497717670000D+00  0.75000000000000D+00
            0.17499169840000D+00  0.12728967160000D+00  0.28739574230000D-03
            0.17499169840000D+00  0.12728967160000D+00  0.49971260430000D+00
            0.82500830160000D+00  0.87271032840000D+00  0.28739574230000D-03
            0.82500830160000D+00  0.87271032840000D+00  0.49971260430000D+00
            0.35173806670000D+00  0.68241995630000D+00  0.21289163617000D-03
            0.35173806670000D+00  0.68241995630000D+00  0.49978710840000D+00
            0.64826193330000D+00  0.31758004370000D+00  0.21289163617000D-03
            0.64826193330000D+00  0.31758004370000D+00  0.49978710840000D+00
            0.31780576680000D+00  0.35109081090000D+00  0.25000000000000D+00
            0.31777456060000D+00  0.35154217070000D+00  0.75000000000000D+00
            0.68219423320000D+00  0.64890918910000D+00  0.25000000000000D+00
            0.68222543940000D+00  0.64845782930000D+00  0.75000000000000D+00
            0.58430476540000D+00  0.73091011390000D+00  0.99992821440000D+00
            0.58430476540000D+00  0.73091011390000D+00  0.50007178560000D+00
            0.41569523460000D+00  0.26908988610000D+00  0.99992821440000D+00
            0.41569523460000D+00  0.26908988610000D+00  0.50007178560000D+00
            0.27019712620000D+00  0.58410218790000D+00  0.25000000000000D+00
            0.27041286440000D+00  0.58437089430000D+00  0.75000000000000D+00
            0.72980287380000D+00  0.41589781210000D+00  0.25000000000000D+00
            0.72958713560000D+00  0.41562910570000D+00  0.75000000000000D+00
            0.25250920030000D+00  0.88699605780000D+00  0.99991734080000D+00
            0.25250920030000D+00  0.88699605780000D+00  0.50008265920000D+00
            0.74749079970000D+00  0.11300394220000D+00  0.99991734080000D+00
            0.74749079970000D+00  0.11300394220000D+00  0.50008265920000D+00
            0.11279815010000D+00  0.25309031310000D+00  0.25000000000000D+00
            0.11273121590000D+00  0.25349138290000D+00  0.75000000000000D+00
            0.88720184990000D+00  0.74690968690000D+00  0.25000000000000D+00
            0.88726878410000D+00  0.74650861710000D+00  0.75000000000000D+00
     znucl  0.63000000000000D+02  0.38000000000000D+02  0.30000000000000D+01
            0.13000000000000D+02  0.70000000000000D+01  0.80000000000000D+01
      zion  0.17000000000000D+02  0.10000000000000D+02  0.30000000000000D+01
            0.30000000000000D+01  0.50000000000000D+01  0.60000000000000D+01
 
 No information on the potentials yet 
 
 **** Database of total energy derivatives ****
 Number of data blocks=    2
  
 1st derivatives              - # elements :         114
     1     1  0.20431935890723D-02  0.00000000000000D+00
     2     1  0.69495328572672D-03  0.00000000000000D+00
     3     1 -0.47338097951330D-03  0.00000000000000D+00
     1     2  0.81175666141817D-03  0.00000000000000D+00
     2     2  0.14596040740131D-03  0.00000000000000D+00
     3     2  0.31155104015148D-03  0.00000000000000D+00
     1     3 -0.31301781433113D-03  0.00000000000000D+00
     2     3  0.18400455043565D-02  0.00000000000000D+00
     3     3  0.10259498487663D-02  0.00000000000000D+00
     1     4 -0.92806517505769D-03  0.00000000000000D+00
     2     4  0.10609388585074D-03  0.00000000000000D+00
     3     4 -0.63325493912148D-03  0.00000000000000D+00
     1     5 -0.56396542519054D-02  0.00000000000000D+00
     2     5  0.42162786000361D-02  0.00000000000000D+00
     3     5 -0.74488035071148D-02  0.00000000000000D+00
     1     6  0.16971613148189D-02  0.00000000000000D+00
     2     6  0.37206211141476D-02  0.00000000000000D+00
     3     6  0.10098195143368D-02  0.00000000000000D+00
     1     7 -0.31954125827530D-02  0.00000000000000D+00
     2     7 -0.41770362020580D-02  0.00000000000000D+00
     3     7 -0.85454524585085D-04  0.00000000000000D+00
     1     8 -0.23031001556587D-02  0.00000000000000D+00
     2     8 -0.38728342998249D-02  0.00000000000000D+00
     3     8  0.48024347286757D-04  0.00000000000000D+00
     1     9 -0.26405390597334D-02  0.00000000000000D+00
     2     9  0.32003124390555D-02  0.00000000000000D+00
     3     9  0.97197899724414D-03  0.00000000000000D+00
     1    10 -0.24644421296086D-02  0.00000000000000D+00
     2    10  0.45745897402148D-02  0.00000000000000D+00
     3    10 -0.68416398273219D-03  0.00000000000000D+00
     1    11  0.37766678689714D-02  0.00000000000000D+00
     2    11 -0.39128759548524D-02  0.00000000000000D+00
     3    11  0.16544177575799D-02  0.00000000000000D+00
     1    12  0.24158603059261D-02  0.00000000000000D+00
     2    12 -0.39117290005754D-02  0.00000000000000D+00
     3    12 -0.13630242294718D-02  0.00000000000000D+00
     1    13 -0.74976998457383D-02  0.00000000000000D+00
     2    13 -0.74275076091983D-02  0.00000000000000D+00
     3    13  0.25640915260593D-03  0.00000000000000D+00
     1    14 -0.39746389436064D-02  0.00000000000000D+00
     2    14 -0.10744869072349D-01  0.00000000000000D+00
     3    14  0.10457280057179D-02  0.00000000000000D+00
     1    15  0.80492040905546D-02  0.00000000000000D+00
     2    15  0.75953585310624D-02  0.00000000000000D+00
     3    15  0.13641033469424D-02  0.00000000000000D+00
     1    16  0.81128978732590D-02  0.00000000000000D+00
     2    16  0.76013414444675D-02  0.00000000000000D+00
     3    16 -0.13634630660969D-02  0.00000000000000D+00
     1    17  0.57212125621867D-02  0.00000000000000D+00
     2    17 -0.11927556456411D-01  0.00000000000000D+00
     3    17  0.10313137861610D-03  0.00000000000000D+00
     1    18  0.62056725773950D-02  0.00000000000000D+00
     2    18 -0.10236274490244D-01  0.00000000000000D+00
     3    18 -0.14018130379735D-04  0.00000000000000D+00
     1    19 -0.38703005761322D-02  0.00000000000000D+00
     2    19  0.12189076548661D-01  0.00000000000000D+00
     3    19 -0.20774256300367D-04  0.00000000000000D+00
     1    20 -0.59227111851913D-02  0.00000000000000D+00
     2    20  0.10321906358001D-01  0.00000000000000D+00
     3    20  0.82555552294243D-04  0.00000000000000D+00
     1    21  0.58155409951472D-02  0.00000000000000D+00
     2    21  0.36323173357831D-02  0.00000000000000D+00
     3    21 -0.24178162162545D-02  0.00000000000000D+00
     1    22  0.51058754354490D-02  0.00000000000000D+00
     2    22  0.40300616060127D-02  0.00000000000000D+00
     3    22  0.24297905110503D-02  0.00000000000000D+00
     1    23 -0.66762888101476D-02  0.00000000000000D+00
     2    23 -0.35662013940768D-02  0.00000000000000D+00
     3    23 -0.22020382619766D-02  0.00000000000000D+00
     1    24 -0.67413167731536D-02  0.00000000000000D+00
     2    24 -0.40879766484229D-02  0.00000000000000D+00
     3    24  0.22561243311052D-02  0.00000000000000D+00
     1    25 -0.22186238599093D-02  0.00000000000000D+00
     2    25  0.10861664600188D-01  0.00000000000000D+00
     3    25  0.91976415483176D-03  0.00000000000000D+00
     1    26 -0.50958718459387D-02  0.00000000000000D+00
     2    26  0.51484439203905D-02  0.00000000000000D+00
     3    26 -0.34924770872656D-03  0.00000000000000D+00
     1    27  0.24669110154800D-02  0.00000000000000D+00
     2    27 -0.10314259087172D-01  0.00000000000000D+00
     3    27  0.55703927305230D-04  0.00000000000000D+00
     1    28  0.49208230406569D-02  0.00000000000000D+00
     2    28 -0.48760512301973D-02  0.00000000000000D+00
     3    28 -0.72680260213754D-04  0.00000000000000D+00
     1    29 -0.34402084047817D-02  0.00000000000000D+00
     2    29 -0.25017413941646D-01  0.00000000000000D+00
     3    29  0.10007860442731D-02  0.00000000000000D+00
     1    30 -0.39238146350811D-02  0.00000000000000D+00
     2    30 -0.24845180133208D-01  0.00000000000000D+00
     3    30  0.18381556533713D-02  0.00000000000000D+00
     1    31  0.43909246125800D-02  0.00000000000000D+00
     2    31  0.25135286244462D-01  0.00000000000000D+00
     3    31 -0.36814617979934D-03  0.00000000000000D+00
     1    32  0.47509106647520D-02  0.00000000000000D+00
     2    32  0.25040739705517D-01  0.00000000000000D+00
     3    32  0.35975918238698D-03  0.00000000000000D+00
     1    33  0.22522615326131D-01  0.00000000000000D+00
     2    33 -0.10508846551861D-01  0.00000000000000D+00
     3    33  0.15983153560161D-03  0.00000000000000D+00
     1    34  0.20664109014987D-01  0.00000000000000D+00
     2    34 -0.86407169550953D-02  0.00000000000000D+00
     3    34 -0.99134550494045D-04  0.00000000000000D+00
     1    35 -0.22231383427340D-01  0.00000000000000D+00
     2    35  0.97385926007661D-02  0.00000000000000D+00
     3    35  0.11773898691661D-02  0.00000000000000D+00
     1    36 -0.20474685552767D-01  0.00000000000000D+00
     2    36  0.82755882912866D-02  0.00000000000000D+00
     3    36 -0.40406923574495D-03  0.00000000000000D+00
     1    39  0.26506048329887D-02  0.00000000000000D+00
     2    39  0.26525109916879D-02  0.00000000000000D+00
     3    39  0.24358749206739D-02  0.00000000000000D+00
     1    40 -0.11499106980625D-06  0.00000000000000D+00
     2    40  0.21252477062027D-06  0.00000000000000D+00
     3    40 -0.16745324003259D-05  0.00000000000000D+00
  
 Total energy                 - # elements :           1
 -0.47548225885022D+03  0.00000000000000D+00
