 Fermi (or HOMO) energy (hartree) =   0.22133   Average Vxc (hartree)=  -0.38908
 Eigenvalues (hartree) for nkpt=   1  k points, SPIN UP:
 kpt#   1, nband=115, wtk=  1.00000, kpt=  0.0000  0.0000  0.0000 (reduced coord)
  -1.39336   -1.39288   -1.39283   -1.39274   -1.39271   -1.39267   -1.39259   -1.39251
  -1.22959   -1.05218   -1.04844   -1.04588   -0.48986   -0.48790   -0.47398   -0.46687
  -0.46682   -0.45936   -0.45598   -0.45241   -0.45180   -0.43745   -0.43736   -0.41211
  -0.40836   -0.40155   -0.39270   -0.38864   -0.38538   -0.38132   -0.37659   -0.36991
  -0.35304   -0.31254   -0.30949   -0.30868   -0.30815   -0.30736   -0.30474   -0.30370
  -0.02494   -0.01654   -0.01555   -0.01154   -0.01137    0.01845    0.01887    0.02671
   0.02722    0.02783    0.03933    0.04578    0.04662    0.05407    0.06652    0.06819
   0.06825    0.07121    0.07165    0.07799    0.07854    0.08936    0.08979    0.09501
   0.09951    0.10124    0.10433    0.10481    0.11561    0.11572    0.11732    0.12020
   0.12224    0.12272    0.12365    0.12588    0.13399    0.13401    0.13634    0.13881
   0.13892    0.13924    0.13941    0.13948    0.15276    0.16096    0.16244    0.16596
   0.21503    0.21512    0.21585    0.21622    0.21631    0.21708    0.22133    0.27972
   0.29051    0.29673    0.31767    0.32875    0.33824    0.37141    0.38112    0.38250
   0.38892    0.38908    0.39267    0.39915    0.40003    0.40282    0.40943    0.41096
   0.41909    0.42129    0.42167
 Eigenvalues (hartree) for nkpt=   1  k points, SPIN DOWN:
 kpt#   1, nband=115, wtk=  1.00000, kpt=  0.0000  0.0000  0.0000 (reduced coord)
  -1.39336   -1.39289   -1.39281   -1.39274   -1.39269   -1.39268   -1.39257   -1.39251
  -1.12240   -1.05216   -1.04826   -1.04587   -0.47269   -0.47220   -0.46729   -0.46686
  -0.45942   -0.45606   -0.45271   -0.45201   -0.41241   -0.41062   -0.40836   -0.40642
  -0.39267   -0.38862   -0.38724   -0.38447   -0.37642   -0.36990   -0.36876   -0.36070
  -0.35310   -0.30951   -0.30870   -0.30836   -0.30742   -0.30679   -0.30374   -0.30329
  -0.02464   -0.01582   -0.01537   -0.01129   -0.01021    0.01890    0.01927    0.02740
   0.02775    0.02802    0.03954    0.04637    0.04760    0.05517    0.06734    0.06844
   0.06869    0.07203    0.07263    0.07822    0.07908    0.08997    0.09065    0.09559
   0.10143    0.10170    0.10449    0.10487    0.11581    0.11589    0.11732    0.12098
   0.12367    0.12408    0.12477    0.12596    0.13386    0.13461    0.13899    0.13911
   0.13920    0.13948    0.13959    0.14022    0.15382    0.16265    0.16337    0.16649
   0.28877    0.29178    0.30043    0.32299    0.33670    0.33738    0.37681    0.38583
   0.38819    0.38844    0.39222    0.39422    0.39830    0.40065    0.41064    0.41099
   0.41572    0.42100    0.42198    0.42502    0.42776    0.42941    0.43113    0.45259
   0.45345    0.46478    0.46549
