
 **** DERIVATIVE DATABASE ****    
+DDB, Version number  20230401

  Note : temporary (transfer) database

    usepaw         1
     natom        36
      nkpt         1
    nsppol         2
      nsym         1
    ntypat         6
    occopt         2
     nband       115
     acell  0.10000000000000D+01  0.10000000000000D+01  0.10000000000000D+01
       amu  0.15196500000000D+03  0.87620000000000D+02  0.69410000000000D+01
            0.26981539000000D+02  0.14006740000000D+02  0.15999400000000D+02
   dilatmx  0.10000000000000D+01
      ecut  0.10000000000000D+02
 pawecutdg  0.20000000000000D+02
    ecutsm  0.00000000000000D+00
     intxc         0
      iscf        17
       ixc     -1012
       kpt  0.00000000000000D+00  0.00000000000000D+00  0.00000000000000D+00
    kptnrm  0.10000000000000D+01
     ngfft        45   45   36
    nspden         2
   nspinor         1
       occ  0.10000000000000D+01  0.10000000000000D+01  0.10000000000000D+01
            0.10000000000000D+01  0.10000000000000D+01  0.10000000000000D+01
            0.10000000000000D+01  0.10000000000000D+01  0.10000000000000D+01
            0.10000000000000D+01  0.10000000000000D+01  0.10000000000000D+01
            0.10000000000000D+01  0.10000000000000D+01  0.10000000000000D+01
            0.10000000000000D+01  0.10000000000000D+01  0.10000000000000D+01
            0.10000000000000D+01  0.10000000000000D+01  0.10000000000000D+01
            0.10000000000000D+01  0.10000000000000D+01  0.10000000000000D+01
            0.10000000000000D+01  0.10000000000000D+01  0.10000000000000D+01
            0.10000000000000D+01  0.10000000000000D+01  0.10000000000000D+01
            0.10000000000000D+01  0.10000000000000D+01  0.10000000000000D+01
            0.10000000000000D+01  0.10000000000000D+01  0.10000000000000D+01
            0.10000000000000D+01  0.10000000000000D+01  0.10000000000000D+01
            0.10000000000000D+01  0.10000000000000D+01  0.10000000000000D+01
            0.10000000000000D+01  0.10000000000000D+01  0.10000000000000D+01
            0.10000000000000D+01  0.10000000000000D+01  0.10000000000000D+01
            0.10000000000000D+01  0.10000000000000D+01  0.10000000000000D+01
            0.10000000000000D+01  0.10000000000000D+01  0.10000000000000D+01
            0.10000000000000D+01  0.10000000000000D+01  0.10000000000000D+01
            0.10000000000000D+01  0.10000000000000D+01  0.10000000000000D+01
            0.10000000000000D+01  0.10000000000000D+01  0.10000000000000D+01
            0.10000000000000D+01  0.10000000000000D+01  0.10000000000000D+01
            0.10000000000000D+01  0.10000000000000D+01  0.10000000000000D+01
            0.10000000000000D+01  0.10000000000000D+01  0.10000000000000D+01
            0.10000000000000D+01  0.10000000000000D+01  0.10000000000000D+01
            0.10000000000000D+01  0.10000000000000D+01  0.10000000000000D+01
            0.10000000000000D+01  0.10000000000000D+01  0.10000000000000D+01
            0.10000000000000D+01  0.10000000000000D+01  0.10000000000000D+01
            0.10000000000000D+01  0.10000000000000D+01  0.10000000000000D+01
            0.10000000000000D+01  0.10000000000000D+01  0.10000000000000D+01
            0.10000000000000D+01  0.10000000000000D+01  0.10000000000000D+01
            0.10000000000000D+01  0.10000000000000D+01  0.00000000000000D+00
            0.00000000000000D+00  0.00000000000000D+00  0.00000000000000D+00
            0.00000000000000D+00  0.00000000000000D+00  0.00000000000000D+00
            0.00000000000000D+00  0.00000000000000D+00  0.00000000000000D+00
            0.00000000000000D+00  0.00000000000000D+00  0.00000000000000D+00
            0.00000000000000D+00  0.00000000000000D+00  0.00000000000000D+00
            0.00000000000000D+00  0.00000000000000D+00  0.00000000000000D+00
            0.00000000000000D+00
     rprim  0.15040330225900D+02  0.00000000000000D+00  0.00000000000000D+00
            0.00000000000000D+00  0.15040330225900D+02  0.00000000000000D+00
            0.00000000000000D+00  0.00000000000000D+00  0.12033775961600D+02
  dfpt_sciss  0.00000000000000D+00
    spinat  0.00000000000000D+00  0.00000000000000D+00  0.00000000000000D+00
            0.00000000000000D+00  0.00000000000000D+00  0.00000000000000D+00
            0.00000000000000D+00  0.00000000000000D+00  0.00000000000000D+00
            0.00000000000000D+00  0.00000000000000D+00  0.00000000000000D+00
            0.00000000000000D+00  0.00000000000000D+00  0.00000000000000D+00
            0.00000000000000D+00  0.00000000000000D+00  0.00000000000000D+00
            0.00000000000000D+00  0.00000000000000D+00  0.00000000000000D+00
            0.00000000000000D+00  0.00000000000000D+00  0.00000000000000D+00
            0.00000000000000D+00  0.00000000000000D+00  0.00000000000000D+00
            0.00000000000000D+00  0.00000000000000D+00  0.00000000000000D+00
            0.00000000000000D+00  0.00000000000000D+00  0.00000000000000D+00
            0.00000000000000D+00  0.00000000000000D+00  0.00000000000000D+00
            0.00000000000000D+00  0.00000000000000D+00  0.00000000000000D+00
            0.00000000000000D+00  0.00000000000000D+00  0.00000000000000D+00
            0.00000000000000D+00  0.00000000000000D+00  0.00000000000000D+00
            0.00000000000000D+00  0.00000000000000D+00  0.00000000000000D+00
            0.00000000000000D+00  0.00000000000000D+00  0.00000000000000D+00
            0.00000000000000D+00  0.00000000000000D+00  0.00000000000000D+00
            0.00000000000000D+00  0.00000000000000D+00  0.00000000000000D+00
            0.00000000000000D+00  0.00000000000000D+00  0.00000000000000D+00
            0.00000000000000D+00  0.00000000000000D+00  0.00000000000000D+00
            0.00000000000000D+00  0.00000000000000D+00  0.00000000000000D+00
            0.00000000000000D+00  0.00000000000000D+00  0.00000000000000D+00
            0.00000000000000D+00  0.00000000000000D+00  0.00000000000000D+00
            0.00000000000000D+00  0.00000000000000D+00  0.00000000000000D+00
            0.00000000000000D+00  0.00000000000000D+00  0.00000000000000D+00
            0.00000000000000D+00  0.00000000000000D+00  0.00000000000000D+00
            0.00000000000000D+00  0.00000000000000D+00  0.00000000000000D+00
            0.00000000000000D+00  0.00000000000000D+00  0.00000000000000D+00
            0.00000000000000D+00  0.00000000000000D+00  0.00000000000000D+00
            0.00000000000000D+00  0.00000000000000D+00  0.00000000000000D+00
            0.00000000000000D+00  0.00000000000000D+00  0.00000000000000D+00
            0.00000000000000D+00  0.00000000000000D+00  0.00000000000000D+00
            0.00000000000000D+00  0.00000000000000D+00  0.00000000000000D+00
            0.00000000000000D+00  0.00000000000000D+00  0.00000000000000D+00
            0.00000000000000D+00  0.00000000000000D+00  0.00000000000000D+00
    symafm         1
    symrel         1    0    0    0    1    0    0    0    1
     tnons  0.00000000000000D+00  0.00000000000000D+00  0.00000000000000D+00
    tolwfr  0.10000000000000D+01
   tphysel  0.00000000000000D+00
    tsmear  0.10000000000000D-01
     typat         1    2    2    2    3    3    3    3    3    3    3    3
                   4    4    4    4    4    4    4    4    5    5    5    5
                   5    5    5    5    6    6    6    6    6    6    6    6
       wtk  0.10000000000000D+01
      xred  0.50000000000000D+00  0.00000000000000D+00  0.25000000000000D+00
            0.50000000000000D+00  0.00000000000000D+00  0.75000000000000D+00
            0.10000000000000D+01  0.50000000000000D+00  0.11890596229000D-03
            0.10000000000000D+01  0.50000000000000D+00  0.49988109400000D+00
            0.12744374710000D+00  0.82536213210000D+00  0.25000000000000D+00
            0.12704638640000D+00  0.82502282330000D+00  0.75000000000000D+00
            0.87255625290000D+00  0.17463786790000D+00  0.25000000000000D+00
            0.87295361360000D+00  0.17497717670000D+00  0.75000000000000D+00
            0.17499169840000D+00  0.12728967160000D+00  0.28739574230000D-03
            0.17499169840000D+00  0.12728967160000D+00  0.49971260430000D+00
            0.82500830160000D+00  0.87271032840000D+00  0.28739574230000D-03
            0.82500830160000D+00  0.87271032840000D+00  0.49971260430000D+00
            0.35173806670000D+00  0.68241995630000D+00  0.21289163617000D-03
            0.35173806670000D+00  0.68241995630000D+00  0.49978710840000D+00
            0.64826193330000D+00  0.31758004370000D+00  0.21289163617000D-03
            0.64826193330000D+00  0.31758004370000D+00  0.49978710840000D+00
            0.31780576680000D+00  0.35109081090000D+00  0.25000000000000D+00
            0.31777456060000D+00  0.35154217070000D+00  0.75000000000000D+00
            0.68219423320000D+00  0.64890918910000D+00  0.25000000000000D+00
            0.68222543940000D+00  0.64845782930000D+00  0.75000000000000D+00
            0.58430476540000D+00  0.73091011390000D+00  0.99992821440000D+00
            0.58430476540000D+00  0.73091011390000D+00  0.50007178560000D+00
            0.41569523460000D+00  0.26908988610000D+00  0.99992821440000D+00
            0.41569523460000D+00  0.26908988610000D+00  0.50007178560000D+00
            0.27019712620000D+00  0.58410218790000D+00  0.25000000000000D+00
            0.27041286440000D+00  0.58437089430000D+00  0.75000000000000D+00
            0.72980287380000D+00  0.41589781210000D+00  0.25000000000000D+00
            0.72958713560000D+00  0.41562910570000D+00  0.75000000000000D+00
            0.25250920030000D+00  0.88573961860000D+00  0.99991734080000D+00
            0.25250920030000D+00  0.88699605780000D+00  0.50008265920000D+00
            0.74749079970000D+00  0.11300394220000D+00  0.99991734080000D+00
            0.74749079970000D+00  0.11300394220000D+00  0.50008265920000D+00
            0.11279815010000D+00  0.25309031310000D+00  0.25000000000000D+00
            0.11273121590000D+00  0.25349138290000D+00  0.75000000000000D+00
            0.88720184990000D+00  0.74690968690000D+00  0.25000000000000D+00
            0.88726878410000D+00  0.74650861710000D+00  0.75000000000000D+00
     znucl  0.63000000000000D+02  0.38000000000000D+02  0.30000000000000D+01
            0.13000000000000D+02  0.70000000000000D+01  0.80000000000000D+01
      zion  0.17000000000000D+02  0.10000000000000D+02  0.30000000000000D+01
            0.30000000000000D+01  0.50000000000000D+01  0.60000000000000D+01
 
 No information on the potentials yet 
 
 **** Database of total energy derivatives ****
 Number of data blocks=    2
  
 1st derivatives              - # elements :         114
     1     1 -0.16010646226525D-02  0.00000000000000D+00
     2     1  0.11079700938961D-02  0.00000000000000D+00
     3     1 -0.32067338850639D-03  0.00000000000000D+00
     1     2 -0.13936023924252D-02  0.00000000000000D+00
     2     2  0.12717383135957D-02  0.00000000000000D+00
     3     2  0.29908746488127D-03  0.00000000000000D+00
     1     3 -0.10936288388306D-02  0.00000000000000D+00
     2     3 -0.20072590716554D-02  0.00000000000000D+00
     3     3  0.41752489051924D-03  0.00000000000000D+00
     1     4 -0.89195884582917D-03  0.00000000000000D+00
     2     4 -0.82947898148952D-03  0.00000000000000D+00
     3     4 -0.41478057555813D-03  0.00000000000000D+00
     1     5  0.32364415355388D-02  0.00000000000000D+00
     2     5  0.64298844126753D-02  0.00000000000000D+00
     3     5 -0.15026826021318D-03  0.00000000000000D+00
     1     6  0.21739614385636D-02  0.00000000000000D+00
     2     6  0.65122177802613D-02  0.00000000000000D+00
     3     6  0.13679675793901D-03  0.00000000000000D+00
     1     7 -0.29975960225589D-02  0.00000000000000D+00
     2     7 -0.39126020884087D-02  0.00000000000000D+00
     3     7 -0.61335965137765D-04  0.00000000000000D+00
     1     8 -0.19246004459454D-02  0.00000000000000D+00
     2     8 -0.39890280078804D-02  0.00000000000000D+00
     3     8  0.59117862566751D-04  0.00000000000000D+00
     1     9 -0.16986630893555D-02  0.00000000000000D+00
     2     9  0.32321590412360D-02  0.00000000000000D+00
     3     9  0.79475750009386D-03  0.00000000000000D+00
     1    10 -0.23689512517757D-02  0.00000000000000D+00
     2    10  0.35988068742795D-02  0.00000000000000D+00
     3    10 -0.80715405350971D-03  0.00000000000000D+00
     1    11  0.26297543224848D-02  0.00000000000000D+00
     2    11 -0.29362746690575D-02  0.00000000000000D+00
     3    11  0.82722479040646D-03  0.00000000000000D+00
     1    12  0.22465356726101D-02  0.00000000000000D+00
     2    12 -0.33108636415541D-02  0.00000000000000D+00
     3    12 -0.83343294674205D-03  0.00000000000000D+00
     1    13 -0.15379802983889D-01  0.00000000000000D+00
     2    13  0.15748861660251D-01  0.00000000000000D+00
     3    13  0.12829482360192D-02  0.00000000000000D+00
     1    14 -0.70016837070777D-02  0.00000000000000D+00
     2    14 -0.54031243224340D-02  0.00000000000000D+00
     3    14 -0.12835778460562D-02  0.00000000000000D+00
     1    15  0.69303626470660D-02  0.00000000000000D+00
     2    15  0.70438537689462D-02  0.00000000000000D+00
     3    15  0.12722131963496D-02  0.00000000000000D+00
     1    16  0.82981876092951D-02  0.00000000000000D+00
     2    16  0.71286020850853D-02  0.00000000000000D+00
     3    16 -0.12743838051481D-02  0.00000000000000D+00
     1    17  0.55460505224665D-02  0.00000000000000D+00
     2    17 -0.14077756550346D-01  0.00000000000000D+00
     3    17 -0.12329248521072D-02  0.00000000000000D+00
     1    18  0.61848435971983D-02  0.00000000000000D+00
     2    18 -0.12709535977841D-01  0.00000000000000D+00
     3    18  0.12382830588483D-02  0.00000000000000D+00
     1    19 -0.52875540176770D-02  0.00000000000000D+00
     2    19  0.11122278797563D-01  0.00000000000000D+00
     3    19  0.51757151424124D-03  0.00000000000000D+00
     1    20 -0.59260883701437D-02  0.00000000000000D+00
     2    20  0.96636570246291D-02  0.00000000000000D+00
     3    20 -0.51101071613776D-03  0.00000000000000D+00
     1    21  0.50908229816893D-02  0.00000000000000D+00
     2    21  0.39856474003277D-02  0.00000000000000D+00
     3    21 -0.22996521026220D-02  0.00000000000000D+00
     1    22  0.60932799946161D-02  0.00000000000000D+00
     2    22  0.29114883042647D-02  0.00000000000000D+00
     3    22  0.22996338819489D-02  0.00000000000000D+00
     1    23 -0.45379075462572D-02  0.00000000000000D+00
     2    23  0.55166323641200D-03  0.00000000000000D+00
     3    23 -0.22422349642806D-02  0.00000000000000D+00
     1    24 -0.65948392961054D-02  0.00000000000000D+00
     2    24 -0.22998002563484D-02  0.00000000000000D+00
     3    24  0.22596526523926D-02  0.00000000000000D+00
     1    25 -0.36524650213208D-02  0.00000000000000D+00
     2    25  0.12679946348055D-01  0.00000000000000D+00
     3    25 -0.14215599867986D-02  0.00000000000000D+00
     1    26 -0.58058948846712D-02  0.00000000000000D+00
     2    26  0.77436284510385D-02  0.00000000000000D+00
     3    26  0.14444283272966D-02  0.00000000000000D+00
     1    27  0.29650425447653D-02  0.00000000000000D+00
     2    27 -0.92173023736279D-02  0.00000000000000D+00
     3    27  0.38989951017563D-04  0.00000000000000D+00
     1    28  0.51105846319885D-02  0.00000000000000D+00
     2    28 -0.42365537476512D-02  0.00000000000000D+00
     3    28 -0.38335456642450D-04  0.00000000000000D+00
     1    29  0.62343666389859D-02  0.00000000000000D+00
     2    29 -0.62541683133346D-01  0.00000000000000D+00
     3    29 -0.28974496120477D-03  0.00000000000000D+00
     1    30 -0.46384371212089D-02  0.00000000000000D+00
     2    30 -0.27561075291902D-01  0.00000000000000D+00
     3    30  0.24232389311277D-03  0.00000000000000D+00
     1    31  0.49807801305973D-02  0.00000000000000D+00
     2    31  0.24768399358604D-01  0.00000000000000D+00
     3    31 -0.25707061592745D-03  0.00000000000000D+00
     1    32  0.53550743915910D-02  0.00000000000000D+00
     2    32  0.25577674031449D-01  0.00000000000000D+00
     3    32  0.31317524507564D-03  0.00000000000000D+00
     1    33  0.22041088142905D-01  0.00000000000000D+00
     2    33 -0.84353649254641D-02  0.00000000000000D+00
     3    33  0.75057015484552D-03  0.00000000000000D+00
     1    34  0.20471293428183D-01  0.00000000000000D+00
     2    34 -0.60837329058560D-02  0.00000000000000D+00
     3    34 -0.74418176608123D-03  0.00000000000000D+00
     1    35 -0.21948751411649D-01  0.00000000000000D+00
     2    35  0.10459459842583D-01  0.00000000000000D+00
     3    35 -0.32348973495818D-03  0.00000000000000D+00
     1    36 -0.20401373692125D-01  0.00000000000000D+00
     2    36  0.81361603799002D-02  0.00000000000000D+00
     3    36  0.32233957615333D-03  0.00000000000000D+00
     1    39  0.26495621144227D-02  0.00000000000000D+00
     2    39  0.26505000871499D-02  0.00000000000000D+00
     3    39  0.24353133260912D-02  0.00000000000000D+00
     1    40 -0.22062934560076D-08  0.00000000000000D+00
     2    40  0.13347659247007D-08  0.00000000000000D+00
     3    40 -0.43688222037364D-06  0.00000000000000D+00
  
 Total energy                 - # elements :           1
 -0.47548220894527D+03  0.00000000000000D+00
