 Fermi (or HOMO) energy (hartree) =   0.22120   Average Vxc (hartree)=  -0.38907
 Eigenvalues (hartree) for nkpt=   1  k points, SPIN UP:
 kpt#   1, nband=115, wtk=  1.00000, kpt=  0.0000  0.0000  0.0000 (reduced coord)
  -1.39364   -1.39312   -1.39281   -1.39271   -1.39271   -1.39261   -1.39252   -1.39242
  -1.22972   -1.05219   -1.04855   -1.04589   -0.48994   -0.48797   -0.47403   -0.46692
  -0.46688   -0.45945   -0.45606   -0.45253   -0.45183   -0.43769   -0.43744   -0.41210
  -0.40838   -0.40163   -0.39270   -0.38866   -0.38551   -0.38145   -0.37661   -0.36992
  -0.35300   -0.31254   -0.30944   -0.30864   -0.30814   -0.30732   -0.30474   -0.30365
  -0.02488   -0.01655   -0.01550   -0.01155   -0.01132    0.01848    0.01887    0.02668
   0.02718    0.02781    0.03931    0.04572    0.04658    0.05401    0.06647    0.06817
   0.06824    0.07120    0.07159    0.07799    0.07852    0.08934    0.08971    0.09498
   0.09944    0.10120    0.10424    0.10478    0.11568    0.11570    0.11733    0.12013
   0.12219    0.12275    0.12363    0.12588    0.13401    0.13410    0.13636    0.13884
   0.13893    0.13925    0.13950    0.13954    0.15279    0.16093    0.16244    0.16593
   0.21490    0.21500    0.21574    0.21609    0.21619    0.21696    0.22120    0.27963
   0.29054    0.29666    0.31769    0.32872    0.33831    0.37134    0.38101    0.38246
   0.38889    0.38907    0.39267    0.39929    0.40001    0.40275    0.40943    0.41100
   0.41911    0.42117    0.42170
 Eigenvalues (hartree) for nkpt=   1  k points, SPIN DOWN:
 kpt#   1, nband=115, wtk=  1.00000, kpt=  0.0000  0.0000  0.0000 (reduced coord)
  -1.39363   -1.39311   -1.39281   -1.39272   -1.39269   -1.39260   -1.39253   -1.39242
  -1.12253   -1.05217   -1.04837   -1.04588   -0.47278   -0.47224   -0.46737   -0.46689
  -0.45952   -0.45614   -0.45283   -0.45204   -0.41240   -0.41070   -0.40838   -0.40659
  -0.39267   -0.38864   -0.38733   -0.38458   -0.37644   -0.36991   -0.36893   -0.36082
  -0.35306   -0.30947   -0.30867   -0.30835   -0.30738   -0.30679   -0.30369   -0.30329
  -0.02459   -0.01583   -0.01532   -0.01124   -0.01022    0.01894    0.01925    0.02736
   0.02770    0.02800    0.03952    0.04631    0.04756    0.05510    0.06729    0.06841
   0.06868    0.07201    0.07257    0.07822    0.07905    0.08995    0.09056    0.09555
   0.10138    0.10163    0.10440    0.10485    0.11577    0.11598    0.11733    0.12092
   0.12363    0.12406    0.12480    0.12596    0.13388    0.13470    0.13898    0.13916
   0.13923    0.13956    0.13964    0.14024    0.15385    0.16265    0.16334    0.16647
   0.28871    0.29181    0.30036    0.32300    0.33668    0.33745    0.37679    0.38571
   0.38817    0.38839    0.39223    0.39423    0.39841    0.40068    0.41067    0.41094
   0.41573    0.42102    0.42201    0.42500    0.42780    0.42935    0.43112    0.45257
   0.45340    0.46480    0.46512
