 Fermi (or HOMO) energy (hartree) =   0.22128   Average Vxc (hartree)=  -0.38908
 Eigenvalues (hartree) for nkpt=   1  k points, SPIN UP:
 kpt#   1, nband=115, wtk=  1.00000, kpt=  0.0000  0.0000  0.0000 (reduced coord)
  -1.39340   -1.39296   -1.39270   -1.39268   -1.39265   -1.39252   -1.39240   -1.39201
  -1.22965   -1.05213   -1.04845   -1.04583   -0.48987   -0.48788   -0.47392   -0.46688
  -0.46678   -0.45925   -0.45586   -0.45232   -0.45165   -0.43740   -0.43735   -0.41211
  -0.40825   -0.40158   -0.39267   -0.38860   -0.38540   -0.38130   -0.37648   -0.36986
  -0.35316   -0.31266   -0.30956   -0.30880   -0.30827   -0.30747   -0.30487   -0.30380
  -0.02500   -0.01666   -0.01563   -0.01164   -0.01142    0.01843    0.01881    0.02676
   0.02727    0.02779    0.03938    0.04580    0.04667    0.05413    0.06653    0.06824
   0.06831    0.07128    0.07168    0.07807    0.07859    0.08942    0.08981    0.09503
   0.09959    0.10135    0.10437    0.10489    0.11555    0.11562    0.11734    0.12030
   0.12215    0.12274    0.12362    0.12581    0.13388    0.13395    0.13630    0.13873
   0.13884    0.13919    0.13937    0.13939    0.15268    0.16089    0.16239    0.16589
   0.21497    0.21506    0.21580    0.21617    0.21625    0.21702    0.22128    0.27969
   0.29062    0.29670    0.31767    0.32869    0.33820    0.37143    0.38110    0.38258
   0.38891    0.38904    0.39259    0.39908    0.39983    0.40274    0.40942    0.41095
   0.41926    0.42148    0.42195
 Eigenvalues (hartree) for nkpt=   1  k points, SPIN DOWN:
 kpt#   1, nband=115, wtk=  1.00000, kpt=  0.0000  0.0000  0.0000 (reduced coord)
  -1.39339   -1.39296   -1.39270   -1.39266   -1.39265   -1.39254   -1.39238   -1.39201
  -1.12246   -1.05212   -1.04827   -1.04582   -0.47263   -0.47211   -0.46724   -0.46678
  -0.45932   -0.45595   -0.45262   -0.45186   -0.41241   -0.41068   -0.40825   -0.40641
  -0.39264   -0.38858   -0.38728   -0.38448   -0.37631   -0.36985   -0.36878   -0.36073
  -0.35321   -0.30959   -0.30882   -0.30848   -0.30753   -0.30689   -0.30384   -0.30341
  -0.02470   -0.01593   -0.01545   -0.01134   -0.01031    0.01888    0.01920    0.02745
   0.02779    0.02799    0.03959    0.04640    0.04765    0.05522    0.06735    0.06848
   0.06875    0.07210    0.07266    0.07830    0.07912    0.09003    0.09066    0.09560
   0.10153    0.10179    0.10452    0.10495    0.11569    0.11587    0.11734    0.12109
   0.12358    0.12406    0.12480    0.12588    0.13375    0.13455    0.13891    0.13911
   0.13913    0.13945    0.13948    0.14013    0.15373    0.16260    0.16329    0.16642
   0.28875    0.29190    0.30042    0.32299    0.33661    0.33734    0.37685    0.38589
   0.38820    0.38842    0.39215    0.39415    0.39820    0.40049    0.41063    0.41091
   0.41565    0.42129    0.42227    0.42521    0.42781    0.42943    0.43114    0.45262
   0.45348    0.46476    0.46511
