
 **** DERIVATIVE DATABASE ****    
+DDB, Version number  20230401

  Note : temporary (transfer) database

    usepaw         1
     natom        36
      nkpt         1
    nsppol         2
      nsym         1
    ntypat         6
    occopt         2
     nband       115
     acell  0.10000000000000D+01  0.10000000000000D+01  0.10000000000000D+01
       amu  0.15196500000000D+03  0.87620000000000D+02  0.69410000000000D+01
            0.26981539000000D+02  0.14006740000000D+02  0.15999400000000D+02
   dilatmx  0.10000000000000D+01
      ecut  0.10000000000000D+02
 pawecutdg  0.20000000000000D+02
    ecutsm  0.00000000000000D+00
     intxc         0
      iscf        17
       ixc     -1012
       kpt  0.00000000000000D+00  0.00000000000000D+00  0.00000000000000D+00
    kptnrm  0.10000000000000D+01
     ngfft        45   45   36
    nspden         2
   nspinor         1
       occ  0.10000000000000D+01  0.10000000000000D+01  0.10000000000000D+01
            0.10000000000000D+01  0.10000000000000D+01  0.10000000000000D+01
            0.10000000000000D+01  0.10000000000000D+01  0.10000000000000D+01
            0.10000000000000D+01  0.10000000000000D+01  0.10000000000000D+01
            0.10000000000000D+01  0.10000000000000D+01  0.10000000000000D+01
            0.10000000000000D+01  0.10000000000000D+01  0.10000000000000D+01
            0.10000000000000D+01  0.10000000000000D+01  0.10000000000000D+01
            0.10000000000000D+01  0.10000000000000D+01  0.10000000000000D+01
            0.10000000000000D+01  0.10000000000000D+01  0.10000000000000D+01
            0.10000000000000D+01  0.10000000000000D+01  0.10000000000000D+01
            0.10000000000000D+01  0.10000000000000D+01  0.10000000000000D+01
            0.10000000000000D+01  0.10000000000000D+01  0.10000000000000D+01
            0.10000000000000D+01  0.10000000000000D+01  0.10000000000000D+01
            0.10000000000000D+01  0.10000000000000D+01  0.10000000000000D+01
            0.10000000000000D+01  0.10000000000000D+01  0.10000000000000D+01
            0.10000000000000D+01  0.10000000000000D+01  0.10000000000000D+01
            0.10000000000000D+01  0.10000000000000D+01  0.10000000000000D+01
            0.10000000000000D+01  0.10000000000000D+01  0.10000000000000D+01
            0.10000000000000D+01  0.10000000000000D+01  0.10000000000000D+01
            0.10000000000000D+01  0.10000000000000D+01  0.10000000000000D+01
            0.10000000000000D+01  0.10000000000000D+01  0.10000000000000D+01
            0.10000000000000D+01  0.10000000000000D+01  0.10000000000000D+01
            0.10000000000000D+01  0.10000000000000D+01  0.10000000000000D+01
            0.10000000000000D+01  0.10000000000000D+01  0.10000000000000D+01
            0.10000000000000D+01  0.10000000000000D+01  0.10000000000000D+01
            0.10000000000000D+01  0.10000000000000D+01  0.10000000000000D+01
            0.10000000000000D+01  0.10000000000000D+01  0.10000000000000D+01
            0.10000000000000D+01  0.10000000000000D+01  0.10000000000000D+01
            0.10000000000000D+01  0.10000000000000D+01  0.10000000000000D+01
            0.10000000000000D+01  0.10000000000000D+01  0.10000000000000D+01
            0.10000000000000D+01  0.10000000000000D+01  0.10000000000000D+01
            0.10000000000000D+01  0.10000000000000D+01  0.00000000000000D+00
            0.00000000000000D+00  0.00000000000000D+00  0.00000000000000D+00
            0.00000000000000D+00  0.00000000000000D+00  0.00000000000000D+00
            0.00000000000000D+00  0.00000000000000D+00  0.00000000000000D+00
            0.00000000000000D+00  0.00000000000000D+00  0.00000000000000D+00
            0.00000000000000D+00  0.00000000000000D+00  0.00000000000000D+00
            0.00000000000000D+00  0.00000000000000D+00  0.00000000000000D+00
            0.00000000000000D+00
     rprim  0.15040330225900D+02  0.00000000000000D+00  0.00000000000000D+00
            0.00000000000000D+00  0.15040330225900D+02  0.00000000000000D+00
            0.00000000000000D+00  0.00000000000000D+00  0.12033775961600D+02
  dfpt_sciss  0.00000000000000D+00
    spinat  0.00000000000000D+00  0.00000000000000D+00  0.00000000000000D+00
            0.00000000000000D+00  0.00000000000000D+00  0.00000000000000D+00
            0.00000000000000D+00  0.00000000000000D+00  0.00000000000000D+00
            0.00000000000000D+00  0.00000000000000D+00  0.00000000000000D+00
            0.00000000000000D+00  0.00000000000000D+00  0.00000000000000D+00
            0.00000000000000D+00  0.00000000000000D+00  0.00000000000000D+00
            0.00000000000000D+00  0.00000000000000D+00  0.00000000000000D+00
            0.00000000000000D+00  0.00000000000000D+00  0.00000000000000D+00
            0.00000000000000D+00  0.00000000000000D+00  0.00000000000000D+00
            0.00000000000000D+00  0.00000000000000D+00  0.00000000000000D+00
            0.00000000000000D+00  0.00000000000000D+00  0.00000000000000D+00
            0.00000000000000D+00  0.00000000000000D+00  0.00000000000000D+00
            0.00000000000000D+00  0.00000000000000D+00  0.00000000000000D+00
            0.00000000000000D+00  0.00000000000000D+00  0.00000000000000D+00
            0.00000000000000D+00  0.00000000000000D+00  0.00000000000000D+00
            0.00000000000000D+00  0.00000000000000D+00  0.00000000000000D+00
            0.00000000000000D+00  0.00000000000000D+00  0.00000000000000D+00
            0.00000000000000D+00  0.00000000000000D+00  0.00000000000000D+00
            0.00000000000000D+00  0.00000000000000D+00  0.00000000000000D+00
            0.00000000000000D+00  0.00000000000000D+00  0.00000000000000D+00
            0.00000000000000D+00  0.00000000000000D+00  0.00000000000000D+00
            0.00000000000000D+00  0.00000000000000D+00  0.00000000000000D+00
            0.00000000000000D+00  0.00000000000000D+00  0.00000000000000D+00
            0.00000000000000D+00  0.00000000000000D+00  0.00000000000000D+00
            0.00000000000000D+00  0.00000000000000D+00  0.00000000000000D+00
            0.00000000000000D+00  0.00000000000000D+00  0.00000000000000D+00
            0.00000000000000D+00  0.00000000000000D+00  0.00000000000000D+00
            0.00000000000000D+00  0.00000000000000D+00  0.00000000000000D+00
            0.00000000000000D+00  0.00000000000000D+00  0.00000000000000D+00
            0.00000000000000D+00  0.00000000000000D+00  0.00000000000000D+00
            0.00000000000000D+00  0.00000000000000D+00  0.00000000000000D+00
            0.00000000000000D+00  0.00000000000000D+00  0.00000000000000D+00
            0.00000000000000D+00  0.00000000000000D+00  0.00000000000000D+00
            0.00000000000000D+00  0.00000000000000D+00  0.00000000000000D+00
            0.00000000000000D+00  0.00000000000000D+00  0.00000000000000D+00
            0.00000000000000D+00  0.00000000000000D+00  0.00000000000000D+00
    symafm         1
    symrel         1    0    0    0    1    0    0    0    1
     tnons  0.00000000000000D+00  0.00000000000000D+00  0.00000000000000D+00
    tolwfr  0.10000000000000D+01
   tphysel  0.00000000000000D+00
    tsmear  0.10000000000000D-01
     typat         1    2    2    2    3    3    3    3    3    3    3    3
                   4    4    4    4    4    4    4    4    5    5    5    5
                   5    5    5    5    6    6    6    6    6    6    6    6
       wtk  0.10000000000000D+01
      xred  0.50000000000000D+00  0.00000000000000D+00  0.25000000000000D+00
            0.50000000000000D+00  0.00000000000000D+00  0.75000000000000D+00
            0.10000000000000D+01  0.50000000000000D+00  0.11890596229000D-03
            0.10000000000000D+01  0.50000000000000D+00  0.49988109400000D+00
            0.12744374710000D+00  0.82536213210000D+00  0.25000000000000D+00
            0.12704638640000D+00  0.82502282330000D+00  0.75000000000000D+00
            0.87255625290000D+00  0.17463786790000D+00  0.25000000000000D+00
            0.87295361360000D+00  0.17497717670000D+00  0.75000000000000D+00
            0.17499169840000D+00  0.12728967160000D+00  0.28739574230000D-03
            0.17499169840000D+00  0.12728967160000D+00  0.49971260430000D+00
            0.82500830160000D+00  0.87271032840000D+00  0.28739574230000D-03
            0.82500830160000D+00  0.87271032840000D+00  0.49971260430000D+00
            0.35173806670000D+00  0.68241995630000D+00  0.21289163617000D-03
            0.35173806670000D+00  0.68241995630000D+00  0.49978710840000D+00
            0.64826193330000D+00  0.31758004370000D+00  0.21289163617000D-03
            0.64826193330000D+00  0.31758004370000D+00  0.49978710840000D+00
            0.31780576680000D+00  0.35109081090000D+00  0.25000000000000D+00
            0.31777456060000D+00  0.35154217070000D+00  0.75000000000000D+00
            0.68219423320000D+00  0.64890918910000D+00  0.25000000000000D+00
            0.68222543940000D+00  0.64845782930000D+00  0.75000000000000D+00
            0.58430476540000D+00  0.73091011390000D+00  0.10014985661000D+01
            0.58430476540000D+00  0.73091011390000D+00  0.50007178560000D+00
            0.41569523460000D+00  0.26908988610000D+00  0.99992821440000D+00
            0.41569523460000D+00  0.26908988610000D+00  0.50007178560000D+00
            0.27019712620000D+00  0.58410218790000D+00  0.25000000000000D+00
            0.27041286440000D+00  0.58437089430000D+00  0.75000000000000D+00
            0.72980287380000D+00  0.41589781210000D+00  0.25000000000000D+00
            0.72958713560000D+00  0.41562910570000D+00  0.75000000000000D+00
            0.25250920030000D+00  0.88699605780000D+00  0.99991734080000D+00
            0.25250920030000D+00  0.88699605780000D+00  0.50008265920000D+00
            0.74749079970000D+00  0.11300394220000D+00  0.99991734080000D+00
            0.74749079970000D+00  0.11300394220000D+00  0.50008265920000D+00
            0.11279815010000D+00  0.25309031310000D+00  0.25000000000000D+00
            0.11273121590000D+00  0.25349138290000D+00  0.75000000000000D+00
            0.88720184990000D+00  0.74690968690000D+00  0.25000000000000D+00
            0.88726878410000D+00  0.74650861710000D+00  0.75000000000000D+00
     znucl  0.63000000000000D+02  0.38000000000000D+02  0.30000000000000D+01
            0.13000000000000D+02  0.70000000000000D+01  0.80000000000000D+01
      zion  0.17000000000000D+02  0.10000000000000D+02  0.30000000000000D+01
            0.30000000000000D+01  0.50000000000000D+01  0.60000000000000D+01
 
 No information on the potentials yet 
 
 **** Database of total energy derivatives ****
 Number of data blocks=    2
  
 1st derivatives              - # elements :         114
     1     1 -0.35900171097121D-04  0.00000000000000D+00
     2     1 -0.13359770154351D-03  0.00000000000000D+00
     3     1 -0.44627321303109D-03  0.00000000000000D+00
     1     2  0.15326430515107D-03  0.00000000000000D+00
     2     2 -0.38433345967085D-03  0.00000000000000D+00
     3     2 -0.43934320493189D-03  0.00000000000000D+00
     1     3 -0.45474420769522D-05  0.00000000000000D+00
     2     3  0.32007238144259D-04  0.00000000000000D+00
     3     3 -0.51751311453636D-03  0.00000000000000D+00
     1     4 -0.11762005688991D-04  0.00000000000000D+00
     2     4  0.28730511592354D-04  0.00000000000000D+00
     3     4  0.69373954380256D-03  0.00000000000000D+00
     1     5  0.34902604934570D-02  0.00000000000000D+00
     2     5  0.40448046774399D-02  0.00000000000000D+00
     3     5 -0.10767877446772D-04  0.00000000000000D+00
     1     6  0.19593574677300D-02  0.00000000000000D+00
     2     6  0.35206904465572D-02  0.00000000000000D+00
     3     6  0.56678976903137D-05  0.00000000000000D+00
     1     7 -0.31805625141285D-02  0.00000000000000D+00
     2     7 -0.39250708200947D-02  0.00000000000000D+00
     3     7 -0.43860275076242D-04  0.00000000000000D+00
     1     8 -0.22918231822679D-02  0.00000000000000D+00
     2     8 -0.36556833836368D-02  0.00000000000000D+00
     3     8 -0.32452086919115D-04  0.00000000000000D+00
     1     9 -0.22459169664201D-02  0.00000000000000D+00
     2     9  0.36423157894342D-02  0.00000000000000D+00
     3     9  0.71883251045674D-03  0.00000000000000D+00
     1    10 -0.22599231465147D-02  0.00000000000000D+00
     2    10  0.36476242690159D-02  0.00000000000000D+00
     3    10 -0.68939881831026D-03  0.00000000000000D+00
     1    11  0.21917510661346D-02  0.00000000000000D+00
     2    11 -0.36679082663686D-02  0.00000000000000D+00
     3    11 -0.65490015680576D-03  0.00000000000000D+00
     1    12  0.22285761038494D-02  0.00000000000000D+00
     2    12 -0.36713486145247D-02  0.00000000000000D+00
     3    12 -0.25791048423220D-03  0.00000000000000D+00
     1    13 -0.76248179637321D-02  0.00000000000000D+00
     2    13 -0.75056238931608D-02  0.00000000000000D+00
     3    13 -0.44524331159354D-02  0.00000000000000D+00
     1    14 -0.77149712889694D-02  0.00000000000000D+00
     2    14 -0.75762929720084D-02  0.00000000000000D+00
     3    14  0.52450148389445D-03  0.00000000000000D+00
     1    15  0.77933804545600D-02  0.00000000000000D+00
     2    15  0.76236472688267D-02  0.00000000000000D+00
     3    15  0.87241460759749D-04  0.00000000000000D+00
     1    16  0.78380297471793D-02  0.00000000000000D+00
     2    16  0.76525942628562D-02  0.00000000000000D+00
     3    16  0.92690094170847D-04  0.00000000000000D+00
     1    17  0.58618625022078D-02  0.00000000000000D+00
     2    17 -0.12509714161036D-01  0.00000000000000D+00
     3    17 -0.89277819882444D-04  0.00000000000000D+00
     1    18  0.58836642737694D-02  0.00000000000000D+00
     2    18 -0.91252102298585D-02  0.00000000000000D+00
     3    18 -0.28302636939984D-04  0.00000000000000D+00
     1    19 -0.12365838014322D-01  0.00000000000000D+00
     2    19  0.16862772066325D-01  0.00000000000000D+00
     3    19 -0.14061569084022D-01  0.00000000000000D+00
     1    20 -0.34155022895453D-03  0.00000000000000D+00
     2    20  0.57549802403209D-02  0.00000000000000D+00
     3    20 -0.12950850241746D-01  0.00000000000000D+00
     1    21  0.75118086840330D-02  0.00000000000000D+00
     2    21  0.32443833768483D-02  0.00000000000000D+00
     3    21  0.45208562983872D-01  0.00000000000000D+00
     1    22  0.63701643582081D-02  0.00000000000000D+00
     2    22  0.38020273091166D-02  0.00000000000000D+00
     3    22 -0.65584636465625D-02  0.00000000000000D+00
     1    23 -0.64176872980265D-02  0.00000000000000D+00
     2    23 -0.38346214688943D-02  0.00000000000000D+00
     3    23 -0.16578929835252D-02  0.00000000000000D+00
     1    24 -0.63593961146847D-02  0.00000000000000D+00
     2    24 -0.39516621834063D-02  0.00000000000000D+00
     3    24  0.11966054837577D-02  0.00000000000000D+00
     1    25 -0.37220918499315D-03  0.00000000000000D+00
     2    25  0.11583085229529D-01  0.00000000000000D+00
     3    25 -0.91108557595705D-03  0.00000000000000D+00
     1    26 -0.76476532746403D-02  0.00000000000000D+00
     2    26  0.29670793058842D-02  0.00000000000000D+00
     3    26 -0.97531566879911D-03  0.00000000000000D+00
     1    27  0.16976987236798D-02  0.00000000000000D+00
     2    27 -0.78034179317322D-02  0.00000000000000D+00
     3    27 -0.92796629528334D-03  0.00000000000000D+00
     1    28  0.62271803492591D-02  0.00000000000000D+00
     2    28 -0.69704317453375D-02  0.00000000000000D+00
     3    28 -0.98426567499914D-03  0.00000000000000D+00
     1    29 -0.50513228824874D-02  0.00000000000000D+00
     2    29 -0.24845157246114D-01  0.00000000000000D+00
     3    29  0.77563229044542D-03  0.00000000000000D+00
     1    30 -0.49731354703190D-02  0.00000000000000D+00
     2    30 -0.24853622247694D-01  0.00000000000000D+00
     3    30 -0.25792929879146D-03  0.00000000000000D+00
     1    31  0.49618545408310D-02  0.00000000000000D+00
     2    31  0.24924994824081D-01  0.00000000000000D+00
     3    31  0.56153508051072D-03  0.00000000000000D+00
     1    32  0.49510213887825D-02  0.00000000000000D+00
     2    32  0.24901987851618D-01  0.00000000000000D+00
     3    32 -0.55849663853791D-03  0.00000000000000D+00
     1    33  0.21940696285933D-01  0.00000000000000D+00
     2    33 -0.10407168773257D-01  0.00000000000000D+00
     3    33  0.15237100158010D-04  0.00000000000000D+00
     1    34  0.20493266415357D-01  0.00000000000000D+00
     2    34 -0.87999090554286D-02  0.00000000000000D+00
     3    34 -0.28864217016471D-05  0.00000000000000D+00
     1    35 -0.23633509351815D-01  0.00000000000000D+00
     2    35  0.11121964931539D-01  0.00000000000000D+00
     3    35 -0.45557070741003D-03  0.00000000000000D+00
     1    36 -0.18658966534415D-01  0.00000000000000D+00
     2    36  0.80276507236146D-02  0.00000000000000D+00
     3    36 -0.50124259450198D-03  0.00000000000000D+00
     1    39  0.26502069909903D-02  0.00000000000000D+00
     2    39  0.26525673669925D-02  0.00000000000000D+00
     3    39  0.24355888931386D-02  0.00000000000000D+00
     1    40  0.14093525070384D-05  0.00000000000000D+00
     2    40 -0.12440746361245D-05  0.00000000000000D+00
     3    40 -0.16162141623982D-05  0.00000000000000D+00
  
 Total energy                 - # elements :           1
 -0.47548222967549D+03  0.00000000000000D+00
