 Fermi (or HOMO) energy (hartree) =   0.22150   Average Vxc (hartree)=  -0.38907
 Eigenvalues (hartree) for nkpt=   1  k points, SPIN UP:
 kpt#   1, nband=115, wtk=  1.00000, kpt=  0.0000  0.0000  0.0000 (reduced coord)
  -1.39330   -1.39282   -1.39275   -1.39271   -1.39265   -1.39264   -1.39255   -1.39244
  -1.22943   -1.05224   -1.04860   -1.04594   -0.48978   -0.48780   -0.47396   -0.46689
  -0.46674   -0.45933   -0.45596   -0.45234   -0.45180   -0.43736   -0.43727   -0.41218
  -0.40841   -0.40165   -0.39276   -0.38871   -0.38547   -0.38142   -0.37665   -0.36997
  -0.35309   -0.31259   -0.30957   -0.30874   -0.30817   -0.30744   -0.30478   -0.30377
  -0.02495   -0.01658   -0.01560   -0.01158   -0.01140    0.01846    0.01883    0.02673
   0.02723    0.02780    0.03935    0.04577    0.04663    0.05408    0.06649    0.06820
   0.06829    0.07123    0.07165    0.07804    0.07855    0.08937    0.08978    0.09502
   0.09955    0.10125    0.10436    0.10480    0.11556    0.11570    0.11732    0.12024
   0.12222    0.12274    0.12364    0.12578    0.13395    0.13400    0.13639    0.13880
   0.13892    0.13917    0.13937    0.13941    0.15273    0.16094    0.16238    0.16591
   0.21519    0.21529    0.21601    0.21637    0.21647    0.21724    0.22150    0.27973
   0.29058    0.29669    0.31768    0.32881    0.33816    0.37142    0.38109    0.38247
   0.38891    0.38905    0.39262    0.39909    0.39996    0.40284    0.40945    0.41092
   0.41933    0.42140    0.42198
 Eigenvalues (hartree) for nkpt=   1  k points, SPIN DOWN:
 kpt#   1, nband=115, wtk=  1.00000, kpt=  0.0000  0.0000  0.0000 (reduced coord)
  -1.39330   -1.39283   -1.39273   -1.39269   -1.39267   -1.39264   -1.39254   -1.39243
  -1.12225   -1.05222   -1.04842   -1.04593   -0.47264   -0.47223   -0.46724   -0.46688
  -0.45939   -0.45604   -0.45264   -0.45201   -0.41248   -0.41067   -0.40840   -0.40642
  -0.39273   -0.38868   -0.38725   -0.38452   -0.37647   -0.36996   -0.36866   -0.36069
  -0.35314   -0.30960   -0.30876   -0.30838   -0.30749   -0.30678   -0.30382   -0.30330
  -0.02465   -0.01588   -0.01540   -0.01133   -0.01024    0.01888    0.01925    0.02741
   0.02775    0.02800    0.03956    0.04636    0.04761    0.05517    0.06732    0.06844
   0.06873    0.07205    0.07264    0.07827    0.07907    0.08998    0.09064    0.09557
   0.10143    0.10175    0.10452    0.10486    0.11581    0.11584    0.11733    0.12101
   0.12366    0.12407    0.12480    0.12586    0.13385    0.13458    0.13899    0.13915
   0.13917    0.13945    0.13953    0.14018    0.15378    0.16259    0.16335    0.16644
   0.28874    0.29185    0.30039    0.32299    0.33673    0.33730    0.37682    0.38580
   0.38818    0.38840    0.39217    0.39418    0.39824    0.40057    0.41062    0.41097
   0.41568    0.42119    0.42214    0.42511    0.42778    0.42940    0.43115    0.45256
   0.45348    0.46473    0.46513
