
 **** DERIVATIVE DATABASE ****    
+DDB, Version number  20230401

  Note : temporary (transfer) database

    usepaw         1
     natom        36
      nkpt         1
    nsppol         2
      nsym         1
    ntypat         6
    occopt         2
     nband       115
     acell  0.10000000000000D+01  0.10000000000000D+01  0.10000000000000D+01
       amu  0.15196500000000D+03  0.87620000000000D+02  0.69410000000000D+01
            0.26981539000000D+02  0.14006740000000D+02  0.15999400000000D+02
   dilatmx  0.10000000000000D+01
      ecut  0.10000000000000D+02
 pawecutdg  0.20000000000000D+02
    ecutsm  0.00000000000000D+00
     intxc         0
      iscf        17
       ixc     -1012
       kpt  0.00000000000000D+00  0.00000000000000D+00  0.00000000000000D+00
    kptnrm  0.10000000000000D+01
     ngfft        45   45   36
    nspden         2
   nspinor         1
       occ  0.10000000000000D+01  0.10000000000000D+01  0.10000000000000D+01
            0.10000000000000D+01  0.10000000000000D+01  0.10000000000000D+01
            0.10000000000000D+01  0.10000000000000D+01  0.10000000000000D+01
            0.10000000000000D+01  0.10000000000000D+01  0.10000000000000D+01
            0.10000000000000D+01  0.10000000000000D+01  0.10000000000000D+01
            0.10000000000000D+01  0.10000000000000D+01  0.10000000000000D+01
            0.10000000000000D+01  0.10000000000000D+01  0.10000000000000D+01
            0.10000000000000D+01  0.10000000000000D+01  0.10000000000000D+01
            0.10000000000000D+01  0.10000000000000D+01  0.10000000000000D+01
            0.10000000000000D+01  0.10000000000000D+01  0.10000000000000D+01
            0.10000000000000D+01  0.10000000000000D+01  0.10000000000000D+01
            0.10000000000000D+01  0.10000000000000D+01  0.10000000000000D+01
            0.10000000000000D+01  0.10000000000000D+01  0.10000000000000D+01
            0.10000000000000D+01  0.10000000000000D+01  0.10000000000000D+01
            0.10000000000000D+01  0.10000000000000D+01  0.10000000000000D+01
            0.10000000000000D+01  0.10000000000000D+01  0.10000000000000D+01
            0.10000000000000D+01  0.10000000000000D+01  0.10000000000000D+01
            0.10000000000000D+01  0.10000000000000D+01  0.10000000000000D+01
            0.10000000000000D+01  0.10000000000000D+01  0.10000000000000D+01
            0.10000000000000D+01  0.10000000000000D+01  0.10000000000000D+01
            0.10000000000000D+01  0.10000000000000D+01  0.10000000000000D+01
            0.10000000000000D+01  0.10000000000000D+01  0.10000000000000D+01
            0.10000000000000D+01  0.10000000000000D+01  0.10000000000000D+01
            0.10000000000000D+01  0.10000000000000D+01  0.10000000000000D+01
            0.10000000000000D+01  0.10000000000000D+01  0.10000000000000D+01
            0.10000000000000D+01  0.10000000000000D+01  0.10000000000000D+01
            0.10000000000000D+01  0.10000000000000D+01  0.10000000000000D+01
            0.10000000000000D+01  0.10000000000000D+01  0.10000000000000D+01
            0.10000000000000D+01  0.10000000000000D+01  0.10000000000000D+01
            0.10000000000000D+01  0.10000000000000D+01  0.10000000000000D+01
            0.10000000000000D+01  0.10000000000000D+01  0.10000000000000D+01
            0.10000000000000D+01  0.10000000000000D+01  0.00000000000000D+00
            0.00000000000000D+00  0.00000000000000D+00  0.00000000000000D+00
            0.00000000000000D+00  0.00000000000000D+00  0.00000000000000D+00
            0.00000000000000D+00  0.00000000000000D+00  0.00000000000000D+00
            0.00000000000000D+00  0.00000000000000D+00  0.00000000000000D+00
            0.00000000000000D+00  0.00000000000000D+00  0.00000000000000D+00
            0.00000000000000D+00  0.00000000000000D+00  0.00000000000000D+00
            0.00000000000000D+00
     rprim  0.15040330225900D+02  0.00000000000000D+00  0.00000000000000D+00
            0.00000000000000D+00  0.15040330225900D+02  0.00000000000000D+00
            0.00000000000000D+00  0.00000000000000D+00  0.12033775961600D+02
  dfpt_sciss  0.00000000000000D+00
    spinat  0.00000000000000D+00  0.00000000000000D+00  0.00000000000000D+00
            0.00000000000000D+00  0.00000000000000D+00  0.00000000000000D+00
            0.00000000000000D+00  0.00000000000000D+00  0.00000000000000D+00
            0.00000000000000D+00  0.00000000000000D+00  0.00000000000000D+00
            0.00000000000000D+00  0.00000000000000D+00  0.00000000000000D+00
            0.00000000000000D+00  0.00000000000000D+00  0.00000000000000D+00
            0.00000000000000D+00  0.00000000000000D+00  0.00000000000000D+00
            0.00000000000000D+00  0.00000000000000D+00  0.00000000000000D+00
            0.00000000000000D+00  0.00000000000000D+00  0.00000000000000D+00
            0.00000000000000D+00  0.00000000000000D+00  0.00000000000000D+00
            0.00000000000000D+00  0.00000000000000D+00  0.00000000000000D+00
            0.00000000000000D+00  0.00000000000000D+00  0.00000000000000D+00
            0.00000000000000D+00  0.00000000000000D+00  0.00000000000000D+00
            0.00000000000000D+00  0.00000000000000D+00  0.00000000000000D+00
            0.00000000000000D+00  0.00000000000000D+00  0.00000000000000D+00
            0.00000000000000D+00  0.00000000000000D+00  0.00000000000000D+00
            0.00000000000000D+00  0.00000000000000D+00  0.00000000000000D+00
            0.00000000000000D+00  0.00000000000000D+00  0.00000000000000D+00
            0.00000000000000D+00  0.00000000000000D+00  0.00000000000000D+00
            0.00000000000000D+00  0.00000000000000D+00  0.00000000000000D+00
            0.00000000000000D+00  0.00000000000000D+00  0.00000000000000D+00
            0.00000000000000D+00  0.00000000000000D+00  0.00000000000000D+00
            0.00000000000000D+00  0.00000000000000D+00  0.00000000000000D+00
            0.00000000000000D+00  0.00000000000000D+00  0.00000000000000D+00
            0.00000000000000D+00  0.00000000000000D+00  0.00000000000000D+00
            0.00000000000000D+00  0.00000000000000D+00  0.00000000000000D+00
            0.00000000000000D+00  0.00000000000000D+00  0.00000000000000D+00
            0.00000000000000D+00  0.00000000000000D+00  0.00000000000000D+00
            0.00000000000000D+00  0.00000000000000D+00  0.00000000000000D+00
            0.00000000000000D+00  0.00000000000000D+00  0.00000000000000D+00
            0.00000000000000D+00  0.00000000000000D+00  0.00000000000000D+00
            0.00000000000000D+00  0.00000000000000D+00  0.00000000000000D+00
            0.00000000000000D+00  0.00000000000000D+00  0.00000000000000D+00
            0.00000000000000D+00  0.00000000000000D+00  0.00000000000000D+00
            0.00000000000000D+00  0.00000000000000D+00  0.00000000000000D+00
            0.00000000000000D+00  0.00000000000000D+00  0.00000000000000D+00
    symafm         1
    symrel         1    0    0    0    1    0    0    0    1
     tnons  0.00000000000000D+00  0.00000000000000D+00  0.00000000000000D+00
    tolwfr  0.10000000000000D+01
   tphysel  0.00000000000000D+00
    tsmear  0.10000000000000D-01
     typat         1    2    2    2    3    3    3    3    3    3    3    3
                   4    4    4    4    4    4    4    4    5    5    5    5
                   5    5    5    5    6    6    6    6    6    6    6    6
       wtk  0.10000000000000D+01
      xred  0.50000000000000D+00  0.00000000000000D+00  0.25000000000000D+00
            0.50000000000000D+00  0.00000000000000D+00  0.75000000000000D+00
            0.10000000000000D+01  0.50000000000000D+00  0.11890596229000D-03
            0.10000000000000D+01  0.50000000000000D+00  0.49988109400000D+00
            0.12744374710000D+00  0.82536213210000D+00  0.25000000000000D+00
            0.12704638640000D+00  0.82502282330000D+00  0.75000000000000D+00
            0.87255625290000D+00  0.17463786790000D+00  0.25000000000000D+00
            0.87295361360000D+00  0.17497717670000D+00  0.75000000000000D+00
            0.17499169840000D+00  0.12728967160000D+00  0.28739574230000D-03
            0.17499169840000D+00  0.12728967160000D+00  0.49971260430000D+00
            0.82500830160000D+00  0.87271032840000D+00  0.28739574230000D-03
            0.82500830160000D+00  0.87271032840000D+00  0.49971260430000D+00
            0.35173806670000D+00  0.68241995630000D+00  0.21289163617000D-03
            0.35173806670000D+00  0.68241995630000D+00  0.49978710840000D+00
            0.64826193330000D+00  0.31758004370000D+00  0.21289163617000D-03
            0.64826193330000D+00  0.31758004370000D+00  0.49978710840000D+00
            0.31878683300000D+00  0.35109081090000D+00  0.25098106610000D+00
            0.31777456060000D+00  0.35154217070000D+00  0.75000000000000D+00
            0.68219423320000D+00  0.64890918910000D+00  0.25000000000000D+00
            0.68222543940000D+00  0.64845782930000D+00  0.75000000000000D+00
            0.58430476540000D+00  0.73091011390000D+00  0.99992821440000D+00
            0.58430476540000D+00  0.73091011390000D+00  0.50007178560000D+00
            0.41569523460000D+00  0.26908988610000D+00  0.99992821440000D+00
            0.41569523460000D+00  0.26908988610000D+00  0.50007178560000D+00
            0.27019712620000D+00  0.58410218790000D+00  0.25000000000000D+00
            0.27041286440000D+00  0.58437089430000D+00  0.75000000000000D+00
            0.72980287380000D+00  0.41589781210000D+00  0.25000000000000D+00
            0.72958713560000D+00  0.41562910570000D+00  0.75000000000000D+00
            0.25250920030000D+00  0.88699605780000D+00  0.99991734080000D+00
            0.25250920030000D+00  0.88699605780000D+00  0.50008265920000D+00
            0.74749079970000D+00  0.11300394220000D+00  0.99991734080000D+00
            0.74749079970000D+00  0.11300394220000D+00  0.50008265920000D+00
            0.11279815010000D+00  0.25309031310000D+00  0.25000000000000D+00
            0.11273121590000D+00  0.25349138290000D+00  0.75000000000000D+00
            0.88720184990000D+00  0.74690968690000D+00  0.25000000000000D+00
            0.88726878410000D+00  0.74650861710000D+00  0.75000000000000D+00
     znucl  0.63000000000000D+02  0.38000000000000D+02  0.30000000000000D+01
            0.13000000000000D+02  0.70000000000000D+01  0.80000000000000D+01
      zion  0.17000000000000D+02  0.10000000000000D+02  0.30000000000000D+01
            0.30000000000000D+01  0.50000000000000D+01  0.60000000000000D+01
 
 No information on the potentials yet 
 
 **** Database of total energy derivatives ****
 Number of data blocks=    2
  
 1st derivatives              - # elements :         114
     1     1 -0.17144222405365D-03  0.00000000000000D+00
     2     1  0.32572044179791D-02  0.00000000000000D+00
     3     1  0.12891557615876D-02  0.00000000000000D+00
     1     2 -0.22684399425208D-03  0.00000000000000D+00
     2     2  0.95324228654766D-03  0.00000000000000D+00
     3     2 -0.79365533567344D-03  0.00000000000000D+00
     1     3 -0.49058634340710D-02  0.00000000000000D+00
     2     3  0.32980170879861D-02  0.00000000000000D+00
     3     3 -0.19083372670849D-02  0.00000000000000D+00
     1     4 -0.15790952915117D-02  0.00000000000000D+00
     2     4  0.16347479408323D-02  0.00000000000000D+00
     3     4  0.10320296149573D-02  0.00000000000000D+00
     1     5  0.31359742397651D-02  0.00000000000000D+00
     2     5  0.31987056442595D-02  0.00000000000000D+00
     3     5 -0.10468334039098D-03  0.00000000000000D+00
     1     6  0.22400394421785D-02  0.00000000000000D+00
     2     6  0.36803798735778D-02  0.00000000000000D+00
     3     6  0.15146532338025D-04  0.00000000000000D+00
     1     7 -0.49814759636991D-02  0.00000000000000D+00
     2     7 -0.36759350380177D-02  0.00000000000000D+00
     3     7  0.20235412221953D-04  0.00000000000000D+00
     1     8 -0.25198147350897D-02  0.00000000000000D+00
     2     8 -0.37710496289597D-02  0.00000000000000D+00
     3     8 -0.83310899312337D-04  0.00000000000000D+00
     1     9 -0.28619197066911D-02  0.00000000000000D+00
     2     9  0.42310293702453D-03  0.00000000000000D+00
     3     9 -0.15485589592089D-02  0.00000000000000D+00
     1    10 -0.41380062610246D-04  0.00000000000000D+00
     2    10  0.37883999420510D-02  0.00000000000000D+00
     3    10  0.22454089526891D-03  0.00000000000000D+00
     1    11  0.20358624859040D-02  0.00000000000000D+00
     2    11 -0.38098028991693D-02  0.00000000000000D+00
     3    11  0.80840401961983D-03  0.00000000000000D+00
     1    12  0.19990636025319D-02  0.00000000000000D+00
     2    12 -0.36060379998449D-02  0.00000000000000D+00
     3    12 -0.80747034626870D-03  0.00000000000000D+00
     1    13 -0.74587529377293D-02  0.00000000000000D+00
     2    13 -0.64066386879117D-02  0.00000000000000D+00
     3    13  0.42283786160106D-03  0.00000000000000D+00
     1    14 -0.67266471567247D-02  0.00000000000000D+00
     2    14 -0.10328192808407D-01  0.00000000000000D+00
     3    14 -0.93399455976278D-03  0.00000000000000D+00
     1    15  0.77993286104503D-02  0.00000000000000D+00
     2    15  0.90856013186668D-02  0.00000000000000D+00
     3    15  0.29840765849102D-02  0.00000000000000D+00
     1    16  0.12828363004511D-02  0.00000000000000D+00
     2    16  0.78928876119666D-02  0.00000000000000D+00
     3    16 -0.35161452482913D-02  0.00000000000000D+00
     1    17  0.50695666420831D-01  0.00000000000000D+00
     2    17 -0.14495882174223D-01  0.00000000000000D+00
     3    17  0.31744594519614D-01  0.00000000000000D+00
     1    18  0.88582580160038D-02  0.00000000000000D+00
     2    18 -0.11374979902152D-01  0.00000000000000D+00
     3    18 -0.57634736209671D-02  0.00000000000000D+00
     1    19 -0.59157949399615D-02  0.00000000000000D+00
     2    19  0.10333772960122D-01  0.00000000000000D+00
     3    19  0.63770121649508D-04  0.00000000000000D+00
     1    20 -0.67543626788101D-02  0.00000000000000D+00
     2    20  0.97754951524854D-02  0.00000000000000D+00
     3    20 -0.26381003672405D-04  0.00000000000000D+00
     1    21  0.62248274204609D-02  0.00000000000000D+00
     2    21  0.34916746189042D-02  0.00000000000000D+00
     3    21 -0.21701375497153D-02  0.00000000000000D+00
     1    22  0.61853141696771D-02  0.00000000000000D+00
     2    22  0.42706887401509D-02  0.00000000000000D+00
     3    22  0.20582840968596D-02  0.00000000000000D+00
     1    23 -0.10657228244222D-01  0.00000000000000D+00
     2    23 -0.44733589144247D-02  0.00000000000000D+00
     3    23 -0.67779724727969D-02  0.00000000000000D+00
     1    24 -0.16169584076655D-01  0.00000000000000D+00
     2    24  0.57318799320868D-03  0.00000000000000D+00
     3    24 -0.10738669077492D-01  0.00000000000000D+00
     1    25 -0.82858449759712D-02  0.00000000000000D+00
     2    25  0.11721768318417D-01  0.00000000000000D+00
     3    25 -0.36033877597240D-02  0.00000000000000D+00
     1    26 -0.58602622860939D-02  0.00000000000000D+00
     2    26  0.56094808326036D-02  0.00000000000000D+00
     3    26  0.11031290689333D-02  0.00000000000000D+00
     1    27  0.61288413031868D-02  0.00000000000000D+00
     2    27 -0.96679421195521D-02  0.00000000000000D+00
     3    27 -0.71132921716202D-03  0.00000000000000D+00
     1    28  0.57531515172650D-02  0.00000000000000D+00
     2    28 -0.48136129579060D-02  0.00000000000000D+00
     3    28  0.80694938384384D-03  0.00000000000000D+00
     1    29 -0.54628237033280D-02  0.00000000000000D+00
     2    29 -0.23869225373367D-01  0.00000000000000D+00
     3    29  0.13184876894878D-03  0.00000000000000D+00
     1    30 -0.56672015416181D-02  0.00000000000000D+00
     2    30 -0.25801876576845D-01  0.00000000000000D+00
     3    30 -0.36614855871675D-03  0.00000000000000D+00
     1    31  0.48875568507558D-02  0.00000000000000D+00
     2    31  0.25042775241908D-01  0.00000000000000D+00
     3    31 -0.30700654965934D-03  0.00000000000000D+00
     1    32  0.71094022421975D-02  0.00000000000000D+00
     2    32  0.24228816155903D-01  0.00000000000000D+00
     3    32  0.21159193445008D-03  0.00000000000000D+00
     1    33  0.47372828123722D-02  0.00000000000000D+00
     2    33 -0.17208916900803D-01  0.00000000000000D+00
     3    33 -0.39217296277484D-02  0.00000000000000D+00
     1    34  0.18734507522601D-01  0.00000000000000D+00
     2    34 -0.84002335496859D-02  0.00000000000000D+00
     3    34  0.11740332660746D-02  0.00000000000000D+00
     1    35 -0.21501390615756D-01  0.00000000000000D+00
     2    35  0.11208180718972D-01  0.00000000000000D+00
     3    35 -0.16006256459906D-04  0.00000000000000D+00
     1    36 -0.20066497369145D-01  0.00000000000000D+00
     2    36  0.82288816384218D-02  0.00000000000000D+00
     3    36  0.30906058856481D-05  0.00000000000000D+00
     1    39  0.26514435223101D-02  0.00000000000000D+00
     2    39  0.26529366891559D-02  0.00000000000000D+00
     3    39  0.24351172579757D-02  0.00000000000000D+00
     1    40  0.44089749867629D-06  0.00000000000000D+00
     2    40 -0.40923126551082D-06  0.00000000000000D+00
     3    40 -0.96125975602191D-06  0.00000000000000D+00
  
 Total energy                 - # elements :           1
 -0.47548222056558D+03  0.00000000000000D+00
