 Fermi (or HOMO) energy (hartree) =   0.22123   Average Vxc (hartree)=  -0.38908
 Eigenvalues (hartree) for nkpt=   1  k points, SPIN UP:
 kpt#   1, nband=115, wtk=  1.00000, kpt=  0.0000  0.0000  0.0000 (reduced coord)
  -1.39323   -1.39276   -1.39273   -1.39262   -1.39258   -1.39256   -1.39239   -1.39233
  -1.22969   -1.05213   -1.04850   -1.04584   -0.48992   -0.48791   -0.47383   -0.46691
  -0.46659   -0.45920   -0.45578   -0.45234   -0.45146   -0.43743   -0.43738   -0.41209
  -0.40824   -0.40164   -0.39265   -0.38859   -0.38545   -0.38134   -0.37648   -0.36986
  -0.35324   -0.31282   -0.30958   -0.30894   -0.30831   -0.30747   -0.30497   -0.30381
  -0.02494   -0.01678   -0.01565   -0.01170   -0.01143    0.01845    0.01890    0.02676
   0.02734    0.02771    0.03940    0.04582    0.04670    0.05412    0.06659    0.06831
   0.06835    0.07128    0.07172    0.07806    0.07873    0.08947    0.08988    0.09497
   0.09956    0.10146    0.10432    0.10489    0.11560    0.11568    0.11743    0.12031
   0.12203    0.12275    0.12377    0.12577    0.13393    0.13399    0.13624    0.13869
   0.13880    0.13914    0.13940    0.13946    0.15260    0.16082    0.16240    0.16583
   0.21493    0.21501    0.21575    0.21613    0.21620    0.21697    0.22123    0.27965
   0.29062    0.29662    0.31769    0.32869    0.33826    0.37141    0.38106    0.38254
   0.38883    0.38898    0.39259    0.39905    0.39986    0.40279    0.40939    0.41092
   0.41925    0.42150    0.42201
 Eigenvalues (hartree) for nkpt=   1  k points, SPIN DOWN:
 kpt#   1, nband=115, wtk=  1.00000, kpt=  0.0000  0.0000  0.0000 (reduced coord)
  -1.39323   -1.39277   -1.39271   -1.39263   -1.39260   -1.39254   -1.39238   -1.39232
  -1.12251   -1.05211   -1.04832   -1.04582   -0.47265   -0.47196   -0.46726   -0.46662
  -0.45927   -0.45586   -0.45264   -0.45167   -0.41239   -0.41075   -0.40823   -0.40646
  -0.39262   -0.38856   -0.38734   -0.38453   -0.37631   -0.36985   -0.36881   -0.36079
  -0.35329   -0.30961   -0.30905   -0.30852   -0.30752   -0.30697   -0.30385   -0.30351
  -0.02464   -0.01606   -0.01547   -0.01135   -0.01036    0.01890    0.01929    0.02746
   0.02784    0.02793    0.03960    0.04642    0.04769    0.05523    0.06740    0.06857
   0.06877    0.07211    0.07270    0.07829    0.07924    0.09008    0.09074    0.09554
   0.10165    0.10176    0.10448    0.10495    0.11578    0.11588    0.11745    0.12110
   0.12346    0.12421    0.12479    0.12585    0.13381    0.13459    0.13883    0.13909
   0.13914    0.13948    0.13954    0.14003    0.15366    0.16260    0.16322    0.16636
   0.28873    0.29191    0.30030    0.32299    0.33668    0.33740    0.37687    0.38583
   0.38823    0.38838    0.39214    0.39395    0.39820    0.40051    0.41059    0.41098
   0.41565    0.42123    0.42222    0.42518    0.42789    0.42946    0.43118    0.45261
   0.45337    0.46475    0.46515
