
 **** DERIVATIVE DATABASE ****    
+DDB, Version number  20230401

  Note : temporary (transfer) database

    usepaw         1
     natom        36
      nkpt         1
    nsppol         2
      nsym         1
    ntypat         6
    occopt         2
     nband       115
     acell  0.10000000000000D+01  0.10000000000000D+01  0.10000000000000D+01
       amu  0.15196500000000D+03  0.87620000000000D+02  0.69410000000000D+01
            0.26981539000000D+02  0.14006740000000D+02  0.15999400000000D+02
   dilatmx  0.10000000000000D+01
      ecut  0.10000000000000D+02
 pawecutdg  0.20000000000000D+02
    ecutsm  0.00000000000000D+00
     intxc         0
      iscf        17
       ixc     -1012
       kpt  0.00000000000000D+00  0.00000000000000D+00  0.00000000000000D+00
    kptnrm  0.10000000000000D+01
     ngfft        45   45   36
    nspden         2
   nspinor         1
       occ  0.10000000000000D+01  0.10000000000000D+01  0.10000000000000D+01
            0.10000000000000D+01  0.10000000000000D+01  0.10000000000000D+01
            0.10000000000000D+01  0.10000000000000D+01  0.10000000000000D+01
            0.10000000000000D+01  0.10000000000000D+01  0.10000000000000D+01
            0.10000000000000D+01  0.10000000000000D+01  0.10000000000000D+01
            0.10000000000000D+01  0.10000000000000D+01  0.10000000000000D+01
            0.10000000000000D+01  0.10000000000000D+01  0.10000000000000D+01
            0.10000000000000D+01  0.10000000000000D+01  0.10000000000000D+01
            0.10000000000000D+01  0.10000000000000D+01  0.10000000000000D+01
            0.10000000000000D+01  0.10000000000000D+01  0.10000000000000D+01
            0.10000000000000D+01  0.10000000000000D+01  0.10000000000000D+01
            0.10000000000000D+01  0.10000000000000D+01  0.10000000000000D+01
            0.10000000000000D+01  0.10000000000000D+01  0.10000000000000D+01
            0.10000000000000D+01  0.10000000000000D+01  0.10000000000000D+01
            0.10000000000000D+01  0.10000000000000D+01  0.10000000000000D+01
            0.10000000000000D+01  0.10000000000000D+01  0.10000000000000D+01
            0.10000000000000D+01  0.10000000000000D+01  0.10000000000000D+01
            0.10000000000000D+01  0.10000000000000D+01  0.10000000000000D+01
            0.10000000000000D+01  0.10000000000000D+01  0.10000000000000D+01
            0.10000000000000D+01  0.10000000000000D+01  0.10000000000000D+01
            0.10000000000000D+01  0.10000000000000D+01  0.10000000000000D+01
            0.10000000000000D+01  0.10000000000000D+01  0.10000000000000D+01
            0.10000000000000D+01  0.10000000000000D+01  0.10000000000000D+01
            0.10000000000000D+01  0.10000000000000D+01  0.10000000000000D+01
            0.10000000000000D+01  0.10000000000000D+01  0.10000000000000D+01
            0.10000000000000D+01  0.10000000000000D+01  0.10000000000000D+01
            0.10000000000000D+01  0.10000000000000D+01  0.10000000000000D+01
            0.10000000000000D+01  0.10000000000000D+01  0.10000000000000D+01
            0.10000000000000D+01  0.10000000000000D+01  0.10000000000000D+01
            0.10000000000000D+01  0.10000000000000D+01  0.10000000000000D+01
            0.10000000000000D+01  0.10000000000000D+01  0.10000000000000D+01
            0.10000000000000D+01  0.10000000000000D+01  0.00000000000000D+00
            0.00000000000000D+00  0.00000000000000D+00  0.00000000000000D+00
            0.00000000000000D+00  0.00000000000000D+00  0.00000000000000D+00
            0.00000000000000D+00  0.00000000000000D+00  0.00000000000000D+00
            0.00000000000000D+00  0.00000000000000D+00  0.00000000000000D+00
            0.00000000000000D+00  0.00000000000000D+00  0.00000000000000D+00
            0.00000000000000D+00  0.00000000000000D+00  0.00000000000000D+00
            0.00000000000000D+00
     rprim  0.15040330225900D+02  0.00000000000000D+00  0.00000000000000D+00
            0.00000000000000D+00  0.15040330225900D+02  0.00000000000000D+00
            0.00000000000000D+00  0.00000000000000D+00  0.12033775961600D+02
  dfpt_sciss  0.00000000000000D+00
    spinat  0.00000000000000D+00  0.00000000000000D+00  0.00000000000000D+00
            0.00000000000000D+00  0.00000000000000D+00  0.00000000000000D+00
            0.00000000000000D+00  0.00000000000000D+00  0.00000000000000D+00
            0.00000000000000D+00  0.00000000000000D+00  0.00000000000000D+00
            0.00000000000000D+00  0.00000000000000D+00  0.00000000000000D+00
            0.00000000000000D+00  0.00000000000000D+00  0.00000000000000D+00
            0.00000000000000D+00  0.00000000000000D+00  0.00000000000000D+00
            0.00000000000000D+00  0.00000000000000D+00  0.00000000000000D+00
            0.00000000000000D+00  0.00000000000000D+00  0.00000000000000D+00
            0.00000000000000D+00  0.00000000000000D+00  0.00000000000000D+00
            0.00000000000000D+00  0.00000000000000D+00  0.00000000000000D+00
            0.00000000000000D+00  0.00000000000000D+00  0.00000000000000D+00
            0.00000000000000D+00  0.00000000000000D+00  0.00000000000000D+00
            0.00000000000000D+00  0.00000000000000D+00  0.00000000000000D+00
            0.00000000000000D+00  0.00000000000000D+00  0.00000000000000D+00
            0.00000000000000D+00  0.00000000000000D+00  0.00000000000000D+00
            0.00000000000000D+00  0.00000000000000D+00  0.00000000000000D+00
            0.00000000000000D+00  0.00000000000000D+00  0.00000000000000D+00
            0.00000000000000D+00  0.00000000000000D+00  0.00000000000000D+00
            0.00000000000000D+00  0.00000000000000D+00  0.00000000000000D+00
            0.00000000000000D+00  0.00000000000000D+00  0.00000000000000D+00
            0.00000000000000D+00  0.00000000000000D+00  0.00000000000000D+00
            0.00000000000000D+00  0.00000000000000D+00  0.00000000000000D+00
            0.00000000000000D+00  0.00000000000000D+00  0.00000000000000D+00
            0.00000000000000D+00  0.00000000000000D+00  0.00000000000000D+00
            0.00000000000000D+00  0.00000000000000D+00  0.00000000000000D+00
            0.00000000000000D+00  0.00000000000000D+00  0.00000000000000D+00
            0.00000000000000D+00  0.00000000000000D+00  0.00000000000000D+00
            0.00000000000000D+00  0.00000000000000D+00  0.00000000000000D+00
            0.00000000000000D+00  0.00000000000000D+00  0.00000000000000D+00
            0.00000000000000D+00  0.00000000000000D+00  0.00000000000000D+00
            0.00000000000000D+00  0.00000000000000D+00  0.00000000000000D+00
            0.00000000000000D+00  0.00000000000000D+00  0.00000000000000D+00
            0.00000000000000D+00  0.00000000000000D+00  0.00000000000000D+00
            0.00000000000000D+00  0.00000000000000D+00  0.00000000000000D+00
            0.00000000000000D+00  0.00000000000000D+00  0.00000000000000D+00
    symafm         1
    symrel         1    0    0    0    1    0    0    0    1
     tnons  0.00000000000000D+00  0.00000000000000D+00  0.00000000000000D+00
    tolwfr  0.10000000000000D+01
   tphysel  0.00000000000000D+00
    tsmear  0.10000000000000D-01
     typat         1    2    2    2    3    3    3    3    3    3    3    3
                   4    4    4    4    4    4    4    4    5    5    5    5
                   5    5    5    5    6    6    6    6    6    6    6    6
       wtk  0.10000000000000D+01
      xred  0.50000000000000D+00  0.00000000000000D+00  0.25000000000000D+00
            0.50000000000000D+00  0.00000000000000D+00  0.75000000000000D+00
            0.10000000000000D+01  0.50000000000000D+00  0.11890596229000D-03
            0.10000000000000D+01  0.50000000000000D+00  0.49988109400000D+00
            0.12744374710000D+00  0.82536213210000D+00  0.25000000000000D+00
            0.12704638640000D+00  0.82502282330000D+00  0.75000000000000D+00
            0.87255625290000D+00  0.17463786790000D+00  0.25000000000000D+00
            0.87295361360000D+00  0.17497717670000D+00  0.75000000000000D+00
            0.17499169840000D+00  0.12728967160000D+00 -0.12829560000000D-02
            0.17499169840000D+00  0.12728967160000D+00  0.49971260430000D+00
            0.82500830160000D+00  0.87271032840000D+00  0.28739574230000D-03
            0.82500830160000D+00  0.87271032840000D+00  0.49971260430000D+00
            0.35173806670000D+00  0.68241995630000D+00  0.21289163617000D-03
            0.35173806670000D+00  0.68241995630000D+00  0.49978710840000D+00
            0.64826193330000D+00  0.31758004370000D+00  0.21289163617000D-03
            0.64826193330000D+00  0.31758004370000D+00  0.49978710840000D+00
            0.31780576680000D+00  0.35109081090000D+00  0.25000000000000D+00
            0.31777456060000D+00  0.35154217070000D+00  0.75000000000000D+00
            0.68219423320000D+00  0.64890918910000D+00  0.25000000000000D+00
            0.68222543940000D+00  0.64845782930000D+00  0.75000000000000D+00
            0.58430476540000D+00  0.73091011390000D+00  0.99992821440000D+00
            0.58430476540000D+00  0.73091011390000D+00  0.50007178560000D+00
            0.41569523460000D+00  0.26908988610000D+00  0.99992821440000D+00
            0.41569523460000D+00  0.26908988610000D+00  0.50007178560000D+00
            0.27019712620000D+00  0.58410218790000D+00  0.25000000000000D+00
            0.27041286440000D+00  0.58437089430000D+00  0.75000000000000D+00
            0.72980287380000D+00  0.41589781210000D+00  0.25000000000000D+00
            0.72958713560000D+00  0.41562910570000D+00  0.75000000000000D+00
            0.25250920030000D+00  0.88699605780000D+00  0.99991734080000D+00
            0.25250920030000D+00  0.88699605780000D+00  0.50008265920000D+00
            0.74749079970000D+00  0.11300394220000D+00  0.99991734080000D+00
            0.74749079970000D+00  0.11300394220000D+00  0.50008265920000D+00
            0.11279815010000D+00  0.25309031310000D+00  0.25000000000000D+00
            0.11273121590000D+00  0.25349138290000D+00  0.75000000000000D+00
            0.88720184990000D+00  0.74690968690000D+00  0.25000000000000D+00
            0.88726878410000D+00  0.74650861710000D+00  0.75000000000000D+00
     znucl  0.63000000000000D+02  0.38000000000000D+02  0.30000000000000D+01
            0.13000000000000D+02  0.70000000000000D+01  0.80000000000000D+01
      zion  0.17000000000000D+02  0.10000000000000D+02  0.30000000000000D+01
            0.30000000000000D+01  0.50000000000000D+01  0.60000000000000D+01
 
 No information on the potentials yet 
 
 **** Database of total energy derivatives ****
 Number of data blocks=    2
  
 1st derivatives              - # elements :         114
     1     1  0.13141625455772D-02  0.00000000000000D+00
     2     1 -0.44339980394234D-03  0.00000000000000D+00
     3     1  0.30633294421709D-03  0.00000000000000D+00
     1     2 -0.14121352208579D-02  0.00000000000000D+00
     2     2  0.49933450979072D-03  0.00000000000000D+00
     3     2  0.31962132238478D-03  0.00000000000000D+00
     1     3  0.82305658961773D-05  0.00000000000000D+00
     2     3 -0.23218298258116D-05  0.00000000000000D+00
     3     3 -0.29670628875780D-03  0.00000000000000D+00
     1     4  0.87094612158490D-05  0.00000000000000D+00
     2     4 -0.25501050182042D-05  0.00000000000000D+00
     3     4  0.15284747822080D-03  0.00000000000000D+00
     1     5  0.32743627764739D-02  0.00000000000000D+00
     2     5  0.26765657865784D-02  0.00000000000000D+00
     3     5  0.23221921045152D-03  0.00000000000000D+00
     1     6  0.22003507857648D-02  0.00000000000000D+00
     2     6  0.49026785602453D-02  0.00000000000000D+00
     3     6  0.23033768597873D-03  0.00000000000000D+00
     1     7 -0.43551093151291D-02  0.00000000000000D+00
     2     7 -0.36069499887975D-02  0.00000000000000D+00
     3     7  0.22932376701158D-03  0.00000000000000D+00
     1     8 -0.10800496422632D-02  0.00000000000000D+00
     2     8 -0.39564223356696D-02  0.00000000000000D+00
     3     8  0.23270419071675D-03  0.00000000000000D+00
     1     9 -0.22044170406973D-02  0.00000000000000D+00
     2     9  0.37244339114463D-02  0.00000000000000D+00
     3     9 -0.11302172585246D-01  0.00000000000000D+00
     1    10 -0.22258058390391D-02  0.00000000000000D+00
     2    10  0.36525595890579D-02  0.00000000000000D+00
     3    10  0.80546184540501D-03  0.00000000000000D+00
     1    11  0.22431782729590D-02  0.00000000000000D+00
     2    11 -0.36617822063427D-02  0.00000000000000D+00
     3    11  0.67113303445029D-03  0.00000000000000D+00
     1    12  0.22468193180833D-02  0.00000000000000D+00
     2    12 -0.36622779720299D-02  0.00000000000000D+00
     3    12 -0.73115111694840D-03  0.00000000000000D+00
     1    13 -0.77692023667383D-02  0.00000000000000D+00
     2    13 -0.76026048435873D-02  0.00000000000000D+00
     3    13  0.12304441094617D-02  0.00000000000000D+00
     1    14 -0.77724602746762D-02  0.00000000000000D+00
     2    14 -0.76024016660009D-02  0.00000000000000D+00
     3    14 -0.11301245727032D-02  0.00000000000000D+00
     1    15  0.77410399334639D-02  0.00000000000000D+00
     2    15  0.76127581151273D-02  0.00000000000000D+00
     3    15  0.14314934710922D-02  0.00000000000000D+00
     1    16  0.77437207509674D-02  0.00000000000000D+00
     2    16  0.76171769942097D-02  0.00000000000000D+00
     3    16 -0.12851252826273D-02  0.00000000000000D+00
     1    17  0.83221972465310D-02  0.00000000000000D+00
     2    17 -0.87749000517352D-02  0.00000000000000D+00
     3    17  0.10729649216402D-02  0.00000000000000D+00
     1    18  0.35249532237882D-02  0.00000000000000D+00
     2    18 -0.13045245194599D-01  0.00000000000000D+00
     3    18  0.10720869340651D-02  0.00000000000000D+00
     1    19 -0.56154733937146D-02  0.00000000000000D+00
     2    19  0.11611361058969D-01  0.00000000000000D+00
     3    19  0.27654389841026D-06  0.00000000000000D+00
     1    20 -0.62179571161086D-02  0.00000000000000D+00
     2    20  0.10122052731625D-01  0.00000000000000D+00
     3    20  0.40077806210919D-05  0.00000000000000D+00
     1    21  0.64064915080220D-02  0.00000000000000D+00
     2    21  0.38559480102222D-02  0.00000000000000D+00
     3    21 -0.21775356087282D-02  0.00000000000000D+00
     1    22  0.64063700024817D-02  0.00000000000000D+00
     2    22  0.38608413101623D-02  0.00000000000000D+00
     3    22  0.21479517805375D-02  0.00000000000000D+00
     1    23 -0.63797901141740D-02  0.00000000000000D+00
     2    23 -0.38261676570940D-02  0.00000000000000D+00
     3    23 -0.80389258509010D-03  0.00000000000000D+00
     1    24 -0.63846864041257D-02  0.00000000000000D+00
     2    24 -0.38400593698076D-02  0.00000000000000D+00
     3    24  0.17165171206484D-02  0.00000000000000D+00
     1    25 -0.32279952032896D-02  0.00000000000000D+00
     2    25  0.92428497957446D-02  0.00000000000000D+00
     3    25  0.45484447206008D-05  0.00000000000000D+00
     1    26 -0.47292917059697D-02  0.00000000000000D+00
     2    26  0.54159793394620D-02  0.00000000000000D+00
     3    26  0.43787345405723D-06  0.00000000000000D+00
     1    27  0.33336143920929D-02  0.00000000000000D+00
     2    27 -0.98596125473643D-02  0.00000000000000D+00
     3    27  0.38268918366078D-04  0.00000000000000D+00
     1    28  0.46336473430225D-02  0.00000000000000D+00
     2    28 -0.48009930958535D-02  0.00000000000000D+00
     3    28  0.35673619671610D-04  0.00000000000000D+00
     1    29 -0.49710163699272D-02  0.00000000000000D+00
     2    29 -0.24904517061376D-01  0.00000000000000D+00
     3    29  0.16078473884846D-02  0.00000000000000D+00
     1    30 -0.49595236924881D-02  0.00000000000000D+00
     2    30 -0.24896942425201D-01  0.00000000000000D+00
     3    30 -0.38365467450176D-03  0.00000000000000D+00
     1    31  0.49651067236723D-02  0.00000000000000D+00
     2    31  0.24868895959107D-01  0.00000000000000D+00
     3    31  0.12295910634837D-04  0.00000000000000D+00
     1    32  0.49587049522712D-02  0.00000000000000D+00
     2    32  0.24862119328248D-01  0.00000000000000D+00
     3    32  0.79984554795365D-04  0.00000000000000D+00
     1    33  0.21799405398448D-01  0.00000000000000D+00
     2    33 -0.11136581124306D-01  0.00000000000000D+00
     3    33  0.21645826127911D-02  0.00000000000000D+00
     1    34  0.20572166667081D-01  0.00000000000000D+00
     2    34 -0.81041260271010D-02  0.00000000000000D+00
     3    34  0.22721043855228D-02  0.00000000000000D+00
     1    35 -0.21881877074724D-01  0.00000000000000D+00
     2    35  0.11041284665740D-01  0.00000000000000D+00
     3    35 -0.17872057151630D-04  0.00000000000000D+00
     1    36 -0.20516183049101D-01  0.00000000000000D+00
     2    36  0.81679118851684D-02  0.00000000000000D+00
     3    36 -0.20445085986995D-04  0.00000000000000D+00
     1    39  0.26502195757298D-02  0.00000000000000D+00
     2    39  0.26526155584223D-02  0.00000000000000D+00
     3    39  0.24356536095521D-02  0.00000000000000D+00
     1    40  0.34246988665230D-06  0.00000000000000D+00
     2    40  0.18680081431423D-06  0.00000000000000D+00
     3    40 -0.16451384673806D-05  0.00000000000000D+00
  
 Total energy                 - # elements :           1
 -0.47548225547818D+03  0.00000000000000D+00
