 Fermi (or HOMO) energy (hartree) =   0.22136   Average Vxc (hartree)=  -0.38907
 Eigenvalues (hartree) for nkpt=   1  k points, SPIN UP:
 kpt#   1, nband=115, wtk=  1.00000, kpt=  0.0000  0.0000  0.0000 (reduced coord)
  -1.39331   -1.39283   -1.39275   -1.39271   -1.39266   -1.39264   -1.39255   -1.39242
  -1.22957   -1.05224   -1.04843   -1.04595   -0.48983   -0.48785   -0.47398   -0.46694
  -0.46679   -0.45933   -0.45596   -0.45234   -0.45179   -0.43740   -0.43733   -0.41218
  -0.40841   -0.40156   -0.39276   -0.38871   -0.38537   -0.38130   -0.37664   -0.36997
  -0.35309   -0.31256   -0.30956   -0.30873   -0.30817   -0.30744   -0.30477   -0.30378
  -0.02495   -0.01657   -0.01561   -0.01157   -0.01141    0.01847    0.01882    0.02672
   0.02722    0.02780    0.03935    0.04577    0.04663    0.05408    0.06649    0.06820
   0.06829    0.07124    0.07165    0.07804    0.07855    0.08937    0.08978    0.09501
   0.09956    0.10125    0.10436    0.10480    0.11556    0.11571    0.11733    0.12023
   0.12223    0.12274    0.12364    0.12578    0.13396    0.13398    0.13635    0.13875
   0.13892    0.13922    0.13939    0.13944    0.15273    0.16094    0.16238    0.16591
   0.21506    0.21514    0.21587    0.21625    0.21633    0.21710    0.22136    0.27972
   0.29057    0.29670    0.31767    0.32877    0.33816    0.37143    0.38108    0.38245
   0.38891    0.38906    0.39261    0.39909    0.40000    0.40282    0.40945    0.41092
   0.41922    0.42142    0.42183
 Eigenvalues (hartree) for nkpt=   1  k points, SPIN DOWN:
 kpt#   1, nband=115, wtk=  1.00000, kpt=  0.0000  0.0000  0.0000 (reduced coord)
  -1.39330   -1.39284   -1.39273   -1.39269   -1.39268   -1.39263   -1.39254   -1.39242
  -1.12238   -1.05222   -1.04826   -1.04593   -0.47264   -0.47223   -0.46724   -0.46688
  -0.45939   -0.45605   -0.45264   -0.45201   -0.41248   -0.41063   -0.40841   -0.40639
  -0.39273   -0.38868   -0.38722   -0.38445   -0.37647   -0.36996   -0.36873   -0.36069
  -0.35314   -0.30959   -0.30875   -0.30838   -0.30749   -0.30681   -0.30382   -0.30331
  -0.02465   -0.01585   -0.01543   -0.01133   -0.01024    0.01888    0.01925    0.02742
   0.02775    0.02799    0.03956    0.04636    0.04761    0.05517    0.06732    0.06844
   0.06873    0.07206    0.07264    0.07827    0.07907    0.08998    0.09064    0.09558
   0.10143    0.10175    0.10452    0.10486    0.11581    0.11584    0.11733    0.12101
   0.12366    0.12407    0.12479    0.12586    0.13385    0.13458    0.13899    0.13913
   0.13914    0.13946    0.13956    0.14019    0.15379    0.16259    0.16334    0.16644
   0.28874    0.29185    0.30039    0.32299    0.33673    0.33730    0.37683    0.38581
   0.38818    0.38840    0.39217    0.39420    0.39825    0.40061    0.41060    0.41097
   0.41568    0.42119    0.42214    0.42511    0.42778    0.42940    0.43115    0.45256
   0.45348    0.46476    0.46513
