 Fermi (or HOMO) energy (hartree) =   0.22110   Average Vxc (hartree)=  -0.38908
 Eigenvalues (hartree) for nkpt=   1  k points, SPIN UP:
 kpt#   1, nband=115, wtk=  1.00000, kpt=  0.0000  0.0000  0.0000 (reduced coord)
  -1.39318   -1.39273   -1.39268   -1.39266   -1.39260   -1.39234   -1.39213   -1.39209
  -1.22982   -1.05222   -1.04865   -1.04593   -0.48989   -0.48781   -0.47401   -0.46696
  -0.46683   -0.45924   -0.45586   -0.45223   -0.45174   -0.43751   -0.43746   -0.41217
  -0.40838   -0.40174   -0.39275   -0.38868   -0.38560   -0.38152   -0.37661   -0.36995
  -0.35317   -0.31268   -0.30959   -0.30880   -0.30828   -0.30748   -0.30488   -0.30382
  -0.02498   -0.01664   -0.01564   -0.01162   -0.01145    0.01844    0.01882    0.02679
   0.02724    0.02774    0.03939    0.04583    0.04665    0.05410    0.06656    0.06826
   0.06835    0.07122    0.07174    0.07812    0.07860    0.08947    0.08982    0.09499
   0.09957    0.10132    0.10439    0.10481    0.11554    0.11564    0.11736    0.12025
   0.12207    0.12275    0.12366    0.12576    0.13390    0.13395    0.13627    0.13871
   0.13887    0.13919    0.13939    0.13940    0.15268    0.16087    0.16235    0.16586
   0.21481    0.21490    0.21563    0.21599    0.21609    0.21686    0.22110    0.27956
   0.29066    0.29662    0.31765    0.32870    0.33827    0.37135    0.38083    0.38252
   0.38888    0.38894    0.39258    0.39909    0.39993    0.40262    0.40936    0.41088
   0.41923    0.42140    0.42217
 Eigenvalues (hartree) for nkpt=   1  k points, SPIN DOWN:
 kpt#   1, nband=115, wtk=  1.00000, kpt=  0.0000  0.0000  0.0000 (reduced coord)
  -1.39317   -1.39274   -1.39268   -1.39266   -1.39258   -1.39232   -1.39216   -1.39208
  -1.12263   -1.05220   -1.04847   -1.04591   -0.47250   -0.47217   -0.46713   -0.46683
  -0.45930   -0.45595   -0.45253   -0.45195   -0.41247   -0.41081   -0.40837   -0.40664
  -0.39272   -0.38865   -0.38744   -0.38465   -0.37644   -0.36994   -0.36899   -0.36092
  -0.35322   -0.30962   -0.30883   -0.30849   -0.30754   -0.30692   -0.30386   -0.30343
  -0.02468   -0.01592   -0.01546   -0.01137   -0.01029    0.01887    0.01924    0.02747
   0.02777    0.02795    0.03960    0.04642    0.04763    0.05518    0.06739    0.06850
   0.06880    0.07203    0.07272    0.07835    0.07913    0.09008    0.09068    0.09557
   0.10150    0.10174    0.10455    0.10487    0.11574    0.11583    0.11736    0.12103
   0.12350    0.12410    0.12479    0.12584    0.13377    0.13455    0.13894    0.13910
   0.13910    0.13946    0.13951    0.14011    0.15374    0.16256    0.16327    0.16639
   0.28866    0.29195    0.30033    0.32296    0.33667    0.33742    0.37680    0.38579
   0.38817    0.38820    0.39214    0.39407    0.39824    0.40055    0.41057    0.41081
   0.41561    0.42134    0.42246    0.42513    0.42787    0.42929    0.43114    0.45264
   0.45329    0.46474    0.46510
