
 **** DERIVATIVE DATABASE ****    
+DDB, Version number  20230401

  Note : temporary (transfer) database

    usepaw         1
     natom        36
      nkpt         1
    nsppol         2
      nsym         1
    ntypat         6
    occopt         2
     nband       115
     acell  0.10000000000000D+01  0.10000000000000D+01  0.10000000000000D+01
       amu  0.15196500000000D+03  0.87620000000000D+02  0.69410000000000D+01
            0.26981539000000D+02  0.14006740000000D+02  0.15999400000000D+02
   dilatmx  0.10000000000000D+01
      ecut  0.10000000000000D+02
 pawecutdg  0.20000000000000D+02
    ecutsm  0.00000000000000D+00
     intxc         0
      iscf        17
       ixc     -1012
       kpt  0.00000000000000D+00  0.00000000000000D+00  0.00000000000000D+00
    kptnrm  0.10000000000000D+01
     ngfft        45   45   36
    nspden         2
   nspinor         1
       occ  0.10000000000000D+01  0.10000000000000D+01  0.10000000000000D+01
            0.10000000000000D+01  0.10000000000000D+01  0.10000000000000D+01
            0.10000000000000D+01  0.10000000000000D+01  0.10000000000000D+01
            0.10000000000000D+01  0.10000000000000D+01  0.10000000000000D+01
            0.10000000000000D+01  0.10000000000000D+01  0.10000000000000D+01
            0.10000000000000D+01  0.10000000000000D+01  0.10000000000000D+01
            0.10000000000000D+01  0.10000000000000D+01  0.10000000000000D+01
            0.10000000000000D+01  0.10000000000000D+01  0.10000000000000D+01
            0.10000000000000D+01  0.10000000000000D+01  0.10000000000000D+01
            0.10000000000000D+01  0.10000000000000D+01  0.10000000000000D+01
            0.10000000000000D+01  0.10000000000000D+01  0.10000000000000D+01
            0.10000000000000D+01  0.10000000000000D+01  0.10000000000000D+01
            0.10000000000000D+01  0.10000000000000D+01  0.10000000000000D+01
            0.10000000000000D+01  0.10000000000000D+01  0.10000000000000D+01
            0.10000000000000D+01  0.10000000000000D+01  0.10000000000000D+01
            0.10000000000000D+01  0.10000000000000D+01  0.10000000000000D+01
            0.10000000000000D+01  0.10000000000000D+01  0.10000000000000D+01
            0.10000000000000D+01  0.10000000000000D+01  0.10000000000000D+01
            0.10000000000000D+01  0.10000000000000D+01  0.10000000000000D+01
            0.10000000000000D+01  0.10000000000000D+01  0.10000000000000D+01
            0.10000000000000D+01  0.10000000000000D+01  0.10000000000000D+01
            0.10000000000000D+01  0.10000000000000D+01  0.10000000000000D+01
            0.10000000000000D+01  0.10000000000000D+01  0.10000000000000D+01
            0.10000000000000D+01  0.10000000000000D+01  0.10000000000000D+01
            0.10000000000000D+01  0.10000000000000D+01  0.10000000000000D+01
            0.10000000000000D+01  0.10000000000000D+01  0.10000000000000D+01
            0.10000000000000D+01  0.10000000000000D+01  0.10000000000000D+01
            0.10000000000000D+01  0.10000000000000D+01  0.10000000000000D+01
            0.10000000000000D+01  0.10000000000000D+01  0.10000000000000D+01
            0.10000000000000D+01  0.10000000000000D+01  0.10000000000000D+01
            0.10000000000000D+01  0.10000000000000D+01  0.10000000000000D+01
            0.10000000000000D+01  0.10000000000000D+01  0.00000000000000D+00
            0.00000000000000D+00  0.00000000000000D+00  0.00000000000000D+00
            0.00000000000000D+00  0.00000000000000D+00  0.00000000000000D+00
            0.00000000000000D+00  0.00000000000000D+00  0.00000000000000D+00
            0.00000000000000D+00  0.00000000000000D+00  0.00000000000000D+00
            0.00000000000000D+00  0.00000000000000D+00  0.00000000000000D+00
            0.00000000000000D+00  0.00000000000000D+00  0.00000000000000D+00
            0.00000000000000D+00
     rprim  0.15040330225900D+02  0.00000000000000D+00  0.00000000000000D+00
            0.00000000000000D+00  0.15040330225900D+02  0.00000000000000D+00
            0.00000000000000D+00  0.00000000000000D+00  0.12033775961600D+02
  dfpt_sciss  0.00000000000000D+00
    spinat  0.00000000000000D+00  0.00000000000000D+00  0.00000000000000D+00
            0.00000000000000D+00  0.00000000000000D+00  0.00000000000000D+00
            0.00000000000000D+00  0.00000000000000D+00  0.00000000000000D+00
            0.00000000000000D+00  0.00000000000000D+00  0.00000000000000D+00
            0.00000000000000D+00  0.00000000000000D+00  0.00000000000000D+00
            0.00000000000000D+00  0.00000000000000D+00  0.00000000000000D+00
            0.00000000000000D+00  0.00000000000000D+00  0.00000000000000D+00
            0.00000000000000D+00  0.00000000000000D+00  0.00000000000000D+00
            0.00000000000000D+00  0.00000000000000D+00  0.00000000000000D+00
            0.00000000000000D+00  0.00000000000000D+00  0.00000000000000D+00
            0.00000000000000D+00  0.00000000000000D+00  0.00000000000000D+00
            0.00000000000000D+00  0.00000000000000D+00  0.00000000000000D+00
            0.00000000000000D+00  0.00000000000000D+00  0.00000000000000D+00
            0.00000000000000D+00  0.00000000000000D+00  0.00000000000000D+00
            0.00000000000000D+00  0.00000000000000D+00  0.00000000000000D+00
            0.00000000000000D+00  0.00000000000000D+00  0.00000000000000D+00
            0.00000000000000D+00  0.00000000000000D+00  0.00000000000000D+00
            0.00000000000000D+00  0.00000000000000D+00  0.00000000000000D+00
            0.00000000000000D+00  0.00000000000000D+00  0.00000000000000D+00
            0.00000000000000D+00  0.00000000000000D+00  0.00000000000000D+00
            0.00000000000000D+00  0.00000000000000D+00  0.00000000000000D+00
            0.00000000000000D+00  0.00000000000000D+00  0.00000000000000D+00
            0.00000000000000D+00  0.00000000000000D+00  0.00000000000000D+00
            0.00000000000000D+00  0.00000000000000D+00  0.00000000000000D+00
            0.00000000000000D+00  0.00000000000000D+00  0.00000000000000D+00
            0.00000000000000D+00  0.00000000000000D+00  0.00000000000000D+00
            0.00000000000000D+00  0.00000000000000D+00  0.00000000000000D+00
            0.00000000000000D+00  0.00000000000000D+00  0.00000000000000D+00
            0.00000000000000D+00  0.00000000000000D+00  0.00000000000000D+00
            0.00000000000000D+00  0.00000000000000D+00  0.00000000000000D+00
            0.00000000000000D+00  0.00000000000000D+00  0.00000000000000D+00
            0.00000000000000D+00  0.00000000000000D+00  0.00000000000000D+00
            0.00000000000000D+00  0.00000000000000D+00  0.00000000000000D+00
            0.00000000000000D+00  0.00000000000000D+00  0.00000000000000D+00
            0.00000000000000D+00  0.00000000000000D+00  0.00000000000000D+00
            0.00000000000000D+00  0.00000000000000D+00  0.00000000000000D+00
    symafm         1
    symrel         1    0    0    0    1    0    0    0    1
     tnons  0.00000000000000D+00  0.00000000000000D+00  0.00000000000000D+00
    tolwfr  0.10000000000000D+01
   tphysel  0.00000000000000D+00
    tsmear  0.10000000000000D-01
     typat         1    2    2    2    3    3    3    3    3    3    3    3
                   4    4    4    4    4    4    4    4    5    5    5    5
                   5    5    5    5    6    6    6    6    6    6    6    6
       wtk  0.10000000000000D+01
      xred  0.50000000000000D+00  0.00000000000000D+00  0.25000000000000D+00
            0.50000000000000D+00  0.00000000000000D+00  0.75000000000000D+00
            0.10000000000000D+01  0.50000000000000D+00  0.11890596229000D-03
            0.10000000000000D+01  0.50000000000000D+00  0.49988109400000D+00
            0.12744374710000D+00  0.82536213210000D+00  0.25000000000000D+00
            0.12704638640000D+00  0.82502282330000D+00  0.75000000000000D+00
            0.87255625290000D+00  0.17463786790000D+00  0.25000000000000D+00
            0.87295361360000D+00  0.17497717670000D+00  0.75000000000000D+00
            0.17499169840000D+00  0.12728967160000D+00  0.28739574230000D-03
            0.17499169840000D+00  0.12728967160000D+00  0.49971260430000D+00
            0.82500830160000D+00  0.87271032840000D+00  0.28739574230000D-03
            0.82500830160000D+00  0.87271032840000D+00  0.49971260430000D+00
            0.35173806670000D+00  0.68241995630000D+00  0.21289163617000D-03
            0.35173806670000D+00  0.68241995630000D+00  0.49978710840000D+00
            0.64826193330000D+00  0.31758004370000D+00  0.21289163617000D-03
            0.64826193330000D+00  0.31758004370000D+00  0.49978710840000D+00
            0.31780576680000D+00  0.35109081090000D+00  0.25000000000000D+00
            0.31777456060000D+00  0.35154217070000D+00  0.75000000000000D+00
            0.68219423320000D+00  0.64890918910000D+00  0.25000000000000D+00
            0.68222543940000D+00  0.64845782930000D+00  0.75000000000000D+00
            0.58430476540000D+00  0.73091011390000D+00  0.99992821440000D+00
            0.58430476540000D+00  0.73091011390000D+00  0.50007178560000D+00
            0.41569523460000D+00  0.26908988610000D+00  0.99992821440000D+00
            0.41569523460000D+00  0.26908988610000D+00  0.50007178560000D+00
            0.27019712620000D+00  0.58410218790000D+00  0.25000000000000D+00
            0.27041286440000D+00  0.58437089430000D+00  0.75000000000000D+00
            0.72980287380000D+00  0.41589781210000D+00  0.25000000000000D+00
            0.72958713560000D+00  0.41562910570000D+00  0.75000000000000D+00
            0.25125276110000D+00  0.88699605780000D+00  0.99991734080000D+00
            0.25250920030000D+00  0.88699605780000D+00  0.50008265920000D+00
            0.74749079970000D+00  0.11300394220000D+00  0.99991734080000D+00
            0.74749079970000D+00  0.11300394220000D+00  0.50008265920000D+00
            0.11279815010000D+00  0.25309031310000D+00  0.25000000000000D+00
            0.11273121590000D+00  0.25349138290000D+00  0.75000000000000D+00
            0.88720184990000D+00  0.74690968690000D+00  0.25000000000000D+00
            0.88726878410000D+00  0.74650861710000D+00  0.75000000000000D+00
     znucl  0.63000000000000D+02  0.38000000000000D+02  0.30000000000000D+01
            0.13000000000000D+02  0.70000000000000D+01  0.80000000000000D+01
      zion  0.17000000000000D+02  0.10000000000000D+02  0.30000000000000D+01
            0.30000000000000D+01  0.50000000000000D+01  0.60000000000000D+01
 
 No information on the potentials yet 
 
 **** Database of total energy derivatives ****
 Number of data blocks=    2
  
 1st derivatives              - # elements :         114
     1     1  0.59833180732465D-03  0.00000000000000D+00
     2     1 -0.82809530278233D-03  0.00000000000000D+00
     3     1 -0.28592361098023D-04  0.00000000000000D+00
     1     2  0.77815643212864D-03  0.00000000000000D+00
     2     2 -0.81605395087528D-03  0.00000000000000D+00
     3     2  0.71909095093266D-04  0.00000000000000D+00
     1     3 -0.88847900258987D-03  0.00000000000000D+00
     2     3 -0.13715572582557D-02  0.00000000000000D+00
     3     3  0.41747476760470D-03  0.00000000000000D+00
     1     4 -0.31852788280975D-03  0.00000000000000D+00
     2     4 -0.33443081968854D-03  0.00000000000000D+00
     3     4 -0.41822067700914D-03  0.00000000000000D+00
     1     5  0.50218276430427D-02  0.00000000000000D+00
     2     5  0.34130866636065D-02  0.00000000000000D+00
     3     5  0.17803076035917D-03  0.00000000000000D+00
     1     6  0.39531771211899D-02  0.00000000000000D+00
     2     6  0.34858315043238D-02  0.00000000000000D+00
     3     6 -0.20327266968418D-03  0.00000000000000D+00
     1     7 -0.37609483163446D-02  0.00000000000000D+00
     2     7 -0.34373735071287D-02  0.00000000000000D+00
     3     7  0.23137981894282D-03  0.00000000000000D+00
     1     8 -0.26897286321381D-02  0.00000000000000D+00
     2     8 -0.35152678173971D-02  0.00000000000000D+00
     3     8 -0.23063435772655D-03  0.00000000000000D+00
     1     9 -0.41892332553357D-03  0.00000000000000D+00
     2     9  0.50549367875384D-02  0.00000000000000D+00
     3     9  0.81877392489757D-03  0.00000000000000D+00
     1    10 -0.20058230374467D-02  0.00000000000000D+00
     2    10  0.38662062490499D-02  0.00000000000000D+00
     3    10 -0.82319211805954D-03  0.00000000000000D+00
     1    11 -0.10736354913480D-03  0.00000000000000D+00
     2    11 -0.39825089645609D-02  0.00000000000000D+00
     3    11  0.82409316191996D-03  0.00000000000000D+00
     1    12  0.18427095116603D-02  0.00000000000000D+00
     2    12 -0.33393242831922D-02  0.00000000000000D+00
     3    12 -0.82592887152539D-03  0.00000000000000D+00
     1    13  0.39425083133420D-02  0.00000000000000D+00
     2    13 -0.16278531228987D-01  0.00000000000000D+00
     3    13  0.12141224010610D-02  0.00000000000000D+00
     1    14 -0.71185110981853D-02  0.00000000000000D+00
     2    14 -0.76063330317196D-02  0.00000000000000D+00
     3    14 -0.12576308443112D-02  0.00000000000000D+00
     1    15  0.74852291443107D-02  0.00000000000000D+00
     2    15  0.81485750488551D-02  0.00000000000000D+00
     3    15  0.12877335452704D-02  0.00000000000000D+00
     1    16  0.80694020059825D-02  0.00000000000000D+00
     2    16  0.72478405849343D-02  0.00000000000000D+00
     3    16 -0.12946944993760D-02  0.00000000000000D+00
     1    17  0.63618073906186D-02  0.00000000000000D+00
     2    17 -0.11602407398372D-01  0.00000000000000D+00
     3    17 -0.12838020384536D-03  0.00000000000000D+00
     1    18  0.69891834163259D-02  0.00000000000000D+00
     2    18 -0.10165579880216D-01  0.00000000000000D+00
     3    18  0.13314136548718D-03  0.00000000000000D+00
     1    19 -0.69166893055622D-02  0.00000000000000D+00
     2    19  0.11569664443428D-01  0.00000000000000D+00
     3    19 -0.14180302314743D-02  0.00000000000000D+00
     1    20 -0.75739355611231D-02  0.00000000000000D+00
     2    20  0.10169667670574D-01  0.00000000000000D+00
     3    20  0.14182210335820D-02  0.00000000000000D+00
     1    21  0.96625709663262D-02  0.00000000000000D+00
     2    21  0.14749283865564D-02  0.00000000000000D+00
     3    21 -0.22245936199952D-02  0.00000000000000D+00
     1    22  0.66814854207199D-02  0.00000000000000D+00
     2    22  0.34630530724341D-02  0.00000000000000D+00
     3    22  0.22702512849923D-02  0.00000000000000D+00
     1    23 -0.65685475852534D-02  0.00000000000000D+00
     2    23 -0.24743272176097D-02  0.00000000000000D+00
     3    23 -0.22810104373494D-02  0.00000000000000D+00
     1    24 -0.73140587048541D-02  0.00000000000000D+00
     2    24 -0.28432636982331D-02  0.00000000000000D+00
     3    24  0.22943942423314D-02  0.00000000000000D+00
     1    25 -0.45858603118682D-02  0.00000000000000D+00
     2    25  0.99461862601781D-02  0.00000000000000D+00
     3    25 -0.32449616414049D-03  0.00000000000000D+00
     1    26 -0.67476030913902D-02  0.00000000000000D+00
     2    26  0.49497906050858D-02  0.00000000000000D+00
     3    26  0.32204576608761D-03  0.00000000000000D+00
     1    27  0.34208903822291D-02  0.00000000000000D+00
     2    27 -0.99716778784831D-02  0.00000000000000D+00
     3    27  0.27565995692217D-03  0.00000000000000D+00
     1    28  0.55745818192669D-02  0.00000000000000D+00
     2    28 -0.49945611289931D-02  0.00000000000000D+00
     3    28 -0.27736015061707D-03  0.00000000000000D+00
     1    29 -0.25341090734432D-01  0.00000000000000D+00
     2    29 -0.14469752729534D-01  0.00000000000000D+00
     3    29 -0.38373503808241D-03  0.00000000000000D+00
     1    30 -0.65426068674128D-02  0.00000000000000D+00
     2    30 -0.24551964432917D-01  0.00000000000000D+00
     3    30  0.26519000308377D-03  0.00000000000000D+00
     1    31  0.56538329657876D-02  0.00000000000000D+00
     2    31  0.24887481532514D-01  0.00000000000000D+00
     3    31 -0.25415570975604D-03  0.00000000000000D+00
     1    32  0.61421682808840D-02  0.00000000000000D+00
     2    32  0.25265876117332D-01  0.00000000000000D+00
     3    32  0.35237741116076D-03  0.00000000000000D+00
     1    33  0.21660876312150D-01  0.00000000000000D+00
     2    33 -0.11889779145086D-01  0.00000000000000D+00
     3    33 -0.37806801758289D-03  0.00000000000000D+00
     1    34  0.20108363783024D-01  0.00000000000000D+00
     2    34 -0.95471163467950D-02  0.00000000000000D+00
     3    34  0.38055947390092D-03  0.00000000000000D+00
     1    35 -0.19481978728600D-01  0.00000000000000D+00
     2    35  0.11908379256711D-01  0.00000000000000D+00
     3    35 -0.48993807311039D-03  0.00000000000000D+00
     1    36 -0.17935164379129D-01  0.00000000000000D+00
     2    36  0.95589556870526D-02  0.00000000000000D+00
     3    36  0.48867102223600D-03  0.00000000000000D+00
     1    39  0.26510410639844D-02  0.00000000000000D+00
     2    39  0.26537363143852D-02  0.00000000000000D+00
     3    39  0.24352904393465D-02  0.00000000000000D+00
     1    40  0.12812934473858D-07  0.00000000000000D+00
     2    40  0.18839010392834D-07  0.00000000000000D+00
     3    40 -0.22806603338499D-05  0.00000000000000D+00
  
 Total energy                 - # elements :           1
 -0.47548224475847D+03  0.00000000000000D+00
