
 **** DERIVATIVE DATABASE ****    
+DDB, Version number  20230401

  Note : temporary (transfer) database

    usepaw         1
     natom        36
      nkpt         1
    nsppol         2
      nsym         1
    ntypat         6
    occopt         2
     nband       115
     acell  0.10000000000000D+01  0.10000000000000D+01  0.10000000000000D+01
       amu  0.15196500000000D+03  0.87620000000000D+02  0.69410000000000D+01
            0.26981539000000D+02  0.14006740000000D+02  0.15999400000000D+02
   dilatmx  0.10000000000000D+01
      ecut  0.10000000000000D+02
 pawecutdg  0.20000000000000D+02
    ecutsm  0.00000000000000D+00
     intxc         0
      iscf        17
       ixc     -1012
       kpt  0.00000000000000D+00  0.00000000000000D+00  0.00000000000000D+00
    kptnrm  0.10000000000000D+01
     ngfft        45   45   36
    nspden         2
   nspinor         1
       occ  0.10000000000000D+01  0.10000000000000D+01  0.10000000000000D+01
            0.10000000000000D+01  0.10000000000000D+01  0.10000000000000D+01
            0.10000000000000D+01  0.10000000000000D+01  0.10000000000000D+01
            0.10000000000000D+01  0.10000000000000D+01  0.10000000000000D+01
            0.10000000000000D+01  0.10000000000000D+01  0.10000000000000D+01
            0.10000000000000D+01  0.10000000000000D+01  0.10000000000000D+01
            0.10000000000000D+01  0.10000000000000D+01  0.10000000000000D+01
            0.10000000000000D+01  0.10000000000000D+01  0.10000000000000D+01
            0.10000000000000D+01  0.10000000000000D+01  0.10000000000000D+01
            0.10000000000000D+01  0.10000000000000D+01  0.10000000000000D+01
            0.10000000000000D+01  0.10000000000000D+01  0.10000000000000D+01
            0.10000000000000D+01  0.10000000000000D+01  0.10000000000000D+01
            0.10000000000000D+01  0.10000000000000D+01  0.10000000000000D+01
            0.10000000000000D+01  0.10000000000000D+01  0.10000000000000D+01
            0.10000000000000D+01  0.10000000000000D+01  0.10000000000000D+01
            0.10000000000000D+01  0.10000000000000D+01  0.10000000000000D+01
            0.10000000000000D+01  0.10000000000000D+01  0.10000000000000D+01
            0.10000000000000D+01  0.10000000000000D+01  0.10000000000000D+01
            0.10000000000000D+01  0.10000000000000D+01  0.10000000000000D+01
            0.10000000000000D+01  0.10000000000000D+01  0.10000000000000D+01
            0.10000000000000D+01  0.10000000000000D+01  0.10000000000000D+01
            0.10000000000000D+01  0.10000000000000D+01  0.10000000000000D+01
            0.10000000000000D+01  0.10000000000000D+01  0.10000000000000D+01
            0.10000000000000D+01  0.10000000000000D+01  0.10000000000000D+01
            0.10000000000000D+01  0.10000000000000D+01  0.10000000000000D+01
            0.10000000000000D+01  0.10000000000000D+01  0.10000000000000D+01
            0.10000000000000D+01  0.10000000000000D+01  0.10000000000000D+01
            0.10000000000000D+01  0.10000000000000D+01  0.10000000000000D+01
            0.10000000000000D+01  0.10000000000000D+01  0.10000000000000D+01
            0.10000000000000D+01  0.10000000000000D+01  0.10000000000000D+01
            0.10000000000000D+01  0.10000000000000D+01  0.10000000000000D+01
            0.10000000000000D+01  0.10000000000000D+01  0.00000000000000D+00
            0.00000000000000D+00  0.00000000000000D+00  0.00000000000000D+00
            0.00000000000000D+00  0.00000000000000D+00  0.00000000000000D+00
            0.00000000000000D+00  0.00000000000000D+00  0.00000000000000D+00
            0.00000000000000D+00  0.00000000000000D+00  0.00000000000000D+00
            0.00000000000000D+00  0.00000000000000D+00  0.00000000000000D+00
            0.00000000000000D+00  0.00000000000000D+00  0.00000000000000D+00
            0.00000000000000D+00
     rprim  0.15040330225900D+02  0.00000000000000D+00  0.00000000000000D+00
            0.00000000000000D+00  0.15040330225900D+02  0.00000000000000D+00
            0.00000000000000D+00  0.00000000000000D+00  0.12033775961600D+02
  dfpt_sciss  0.00000000000000D+00
    spinat  0.00000000000000D+00  0.00000000000000D+00  0.00000000000000D+00
            0.00000000000000D+00  0.00000000000000D+00  0.00000000000000D+00
            0.00000000000000D+00  0.00000000000000D+00  0.00000000000000D+00
            0.00000000000000D+00  0.00000000000000D+00  0.00000000000000D+00
            0.00000000000000D+00  0.00000000000000D+00  0.00000000000000D+00
            0.00000000000000D+00  0.00000000000000D+00  0.00000000000000D+00
            0.00000000000000D+00  0.00000000000000D+00  0.00000000000000D+00
            0.00000000000000D+00  0.00000000000000D+00  0.00000000000000D+00
            0.00000000000000D+00  0.00000000000000D+00  0.00000000000000D+00
            0.00000000000000D+00  0.00000000000000D+00  0.00000000000000D+00
            0.00000000000000D+00  0.00000000000000D+00  0.00000000000000D+00
            0.00000000000000D+00  0.00000000000000D+00  0.00000000000000D+00
            0.00000000000000D+00  0.00000000000000D+00  0.00000000000000D+00
            0.00000000000000D+00  0.00000000000000D+00  0.00000000000000D+00
            0.00000000000000D+00  0.00000000000000D+00  0.00000000000000D+00
            0.00000000000000D+00  0.00000000000000D+00  0.00000000000000D+00
            0.00000000000000D+00  0.00000000000000D+00  0.00000000000000D+00
            0.00000000000000D+00  0.00000000000000D+00  0.00000000000000D+00
            0.00000000000000D+00  0.00000000000000D+00  0.00000000000000D+00
            0.00000000000000D+00  0.00000000000000D+00  0.00000000000000D+00
            0.00000000000000D+00  0.00000000000000D+00  0.00000000000000D+00
            0.00000000000000D+00  0.00000000000000D+00  0.00000000000000D+00
            0.00000000000000D+00  0.00000000000000D+00  0.00000000000000D+00
            0.00000000000000D+00  0.00000000000000D+00  0.00000000000000D+00
            0.00000000000000D+00  0.00000000000000D+00  0.00000000000000D+00
            0.00000000000000D+00  0.00000000000000D+00  0.00000000000000D+00
            0.00000000000000D+00  0.00000000000000D+00  0.00000000000000D+00
            0.00000000000000D+00  0.00000000000000D+00  0.00000000000000D+00
            0.00000000000000D+00  0.00000000000000D+00  0.00000000000000D+00
            0.00000000000000D+00  0.00000000000000D+00  0.00000000000000D+00
            0.00000000000000D+00  0.00000000000000D+00  0.00000000000000D+00
            0.00000000000000D+00  0.00000000000000D+00  0.00000000000000D+00
            0.00000000000000D+00  0.00000000000000D+00  0.00000000000000D+00
            0.00000000000000D+00  0.00000000000000D+00  0.00000000000000D+00
            0.00000000000000D+00  0.00000000000000D+00  0.00000000000000D+00
            0.00000000000000D+00  0.00000000000000D+00  0.00000000000000D+00
    symafm         1
    symrel         1    0    0    0    1    0    0    0    1
     tnons  0.00000000000000D+00  0.00000000000000D+00  0.00000000000000D+00
    tolwfr  0.10000000000000D+01
   tphysel  0.00000000000000D+00
    tsmear  0.10000000000000D-01
     typat         1    2    2    2    3    3    3    3    3    3    3    3
                   4    4    4    4    4    4    4    4    5    5    5    5
                   5    5    5    5    6    6    6    6    6    6    6    6
       wtk  0.10000000000000D+01
      xred  0.50000000000000D+00  0.00000000000000D+00  0.25000000000000D+00
            0.50000000000000D+00  0.00000000000000D+00  0.75000000000000D+00
            0.10000000000000D+01  0.50000000000000D+00  0.11890596229000D-03
            0.10000000000000D+01  0.50000000000000D+00  0.49988109400000D+00
            0.12744374710000D+00  0.82536213210000D+00  0.25000000000000D+00
            0.12704638640000D+00  0.82502282330000D+00  0.75000000000000D+00
            0.87255625290000D+00  0.17463786790000D+00  0.25000000000000D+00
            0.87295361360000D+00  0.17497717670000D+00  0.75000000000000D+00
            0.17499169840000D+00  0.12728967160000D+00  0.28739574230000D-03
            0.17499169840000D+00  0.12728967160000D+00  0.49971260430000D+00
            0.82500830160000D+00  0.87271032840000D+00  0.28739574230000D-03
            0.82500830160000D+00  0.87271032840000D+00  0.49971260430000D+00
            0.35173806670000D+00  0.68241995630000D+00  0.21289163617000D-03
            0.35173806670000D+00  0.68241995630000D+00  0.49978710840000D+00
            0.64826193330000D+00  0.31758004370000D+00  0.21289163617000D-03
            0.64826193330000D+00  0.31758004370000D+00  0.49978710840000D+00
            0.31780576680000D+00  0.35109081090000D+00  0.25000000000000D+00
            0.31777456060000D+00  0.35154217070000D+00  0.75000000000000D+00
            0.68219423320000D+00  0.64890918910000D+00  0.25000000000000D+00
            0.68222543940000D+00  0.64845782930000D+00  0.75000000000000D+00
            0.58430476540000D+00  0.73091011390000D+00  0.99992821440000D+00
            0.58430476540000D+00  0.73091011390000D+00  0.50007178560000D+00
            0.41569523460000D+00  0.26908988610000D+00  0.99992821440000D+00
            0.41569523460000D+00  0.26908988610000D+00  0.50007178560000D+00
            0.27019712620000D+00  0.58410218790000D+00  0.25000000000000D+00
            0.27041286440000D+00  0.58437089430000D+00  0.75000000000000D+00
            0.72980287380000D+00  0.41589781210000D+00  0.25000000000000D+00
            0.72958713560000D+00  0.41562910570000D+00  0.75000000000000D+00
            0.25250920030000D+00  0.88699605780000D+00  0.99834698910000D+00
            0.25250920030000D+00  0.88699605780000D+00  0.50008265920000D+00
            0.74749079970000D+00  0.11300394220000D+00  0.99991734080000D+00
            0.74749079970000D+00  0.11300394220000D+00  0.50008265920000D+00
            0.11279815010000D+00  0.25309031310000D+00  0.25000000000000D+00
            0.11273121590000D+00  0.25349138290000D+00  0.75000000000000D+00
            0.88720184990000D+00  0.74690968690000D+00  0.25000000000000D+00
            0.88726878410000D+00  0.74650861710000D+00  0.75000000000000D+00
     znucl  0.63000000000000D+02  0.38000000000000D+02  0.30000000000000D+01
            0.13000000000000D+02  0.70000000000000D+01  0.80000000000000D+01
      zion  0.17000000000000D+02  0.10000000000000D+02  0.30000000000000D+01
            0.30000000000000D+01  0.50000000000000D+01  0.60000000000000D+01
 
 No information on the potentials yet 
 
 **** Database of total energy derivatives ****
 Number of data blocks=    2
  
 1st derivatives              - # elements :         114
     1     1 -0.58917327799900D-03  0.00000000000000D+00
     2     1 -0.21082620933831D-03  0.00000000000000D+00
     3     1  0.18568887328731D-03  0.00000000000000D+00
     1     2  0.84717965300380D-03  0.00000000000000D+00
     2     2  0.42315646447050D-03  0.00000000000000D+00
     3     2  0.17744357976672D-03  0.00000000000000D+00
     1     3 -0.27380944693602D-04  0.00000000000000D+00
     2     3 -0.14562834842776D-04  0.00000000000000D+00
     3     3  0.10540193694834D-02  0.00000000000000D+00
     1     4 -0.24395563491418D-04  0.00000000000000D+00
     2     4 -0.14437331851154D-04  0.00000000000000D+00
     3     4 -0.10409010438012D-02  0.00000000000000D+00
     1     5  0.29807155320976D-02  0.00000000000000D+00
     2     5  0.32362482878438D-02  0.00000000000000D+00
     3     5  0.22584190194444D-02  0.00000000000000D+00
     1     6  0.25460168804345D-02  0.00000000000000D+00
     2     6  0.43582579368911D-02  0.00000000000000D+00
     3     6  0.24334806060247D-02  0.00000000000000D+00
     1     7 -0.30883605455496D-02  0.00000000000000D+00
     2     7 -0.38454892175319D-02  0.00000000000000D+00
     3     7 -0.59744489669837D-05  0.00000000000000D+00
     1     8 -0.24278862896415D-02  0.00000000000000D+00
     2     8 -0.37335366607433D-02  0.00000000000000D+00
     3     8 -0.28261089642831D-04  0.00000000000000D+00
     1     9 -0.22717759209925D-02  0.00000000000000D+00
     2     9  0.37161694182686D-02  0.00000000000000D+00
     3     9  0.26838577072601D-02  0.00000000000000D+00
     1    10 -0.22553141679325D-02  0.00000000000000D+00
     2    10  0.36845456307531D-02  0.00000000000000D+00
     3    10 -0.14596146842337D-02  0.00000000000000D+00
     1    11  0.22247001615373D-02  0.00000000000000D+00
     2    11 -0.36434642762309D-02  0.00000000000000D+00
     3    11  0.10885768929332D-02  0.00000000000000D+00
     1    12  0.22182494955666D-02  0.00000000000000D+00
     2    12 -0.36248177364359D-02  0.00000000000000D+00
     3    12 -0.99631178848146D-03  0.00000000000000D+00
     1    13 -0.76905398257561D-02  0.00000000000000D+00
     2    13 -0.79081046958829D-02  0.00000000000000D+00
     3    13  0.74578639037578D-02  0.00000000000000D+00
     1    14 -0.77204880327774D-02  0.00000000000000D+00
     2    14 -0.76742624378972D-02  0.00000000000000D+00
     3    14 -0.31466602586709D-02  0.00000000000000D+00
     1    15  0.77901695483740D-02  0.00000000000000D+00
     2    15  0.75784379913696D-02  0.00000000000000D+00
     3    15  0.13246211901886D-02  0.00000000000000D+00
     1    16  0.77857117540239D-02  0.00000000000000D+00
     2    16  0.75163354334208D-02  0.00000000000000D+00
     3    16 -0.13127315486924D-02  0.00000000000000D+00
     1    17  0.47913318705401D-02  0.00000000000000D+00
     2    17 -0.10834960294172D-01  0.00000000000000D+00
     3    17  0.18852155915396D-03  0.00000000000000D+00
     1    18  0.70758965343445D-02  0.00000000000000D+00
     2    18 -0.10932846941526D-01  0.00000000000000D+00
     3    18  0.15859823700762D-03  0.00000000000000D+00
     1    19 -0.55986812228560D-02  0.00000000000000D+00
     2    19  0.11677799995249D-01  0.00000000000000D+00
     3    19  0.72621865993513D-04  0.00000000000000D+00
     1    20 -0.62092133559750D-02  0.00000000000000D+00
     2    20  0.10058615694528D-01  0.00000000000000D+00
     3    20  0.50559557498715D-04  0.00000000000000D+00
     1    21  0.63356870384722D-02  0.00000000000000D+00
     2    21  0.38744489285450D-02  0.00000000000000D+00
     3    21 -0.33110568189351D-02  0.00000000000000D+00
     1    22  0.63630139209883D-02  0.00000000000000D+00
     2    22  0.38586351812599D-02  0.00000000000000D+00
     3    22  0.27936837933601D-02  0.00000000000000D+00
     1    23 -0.64289973523799D-02  0.00000000000000D+00
     2    23 -0.38668061068247D-02  0.00000000000000D+00
     3    23 -0.30968834894041D-02  0.00000000000000D+00
     1    24 -0.64289138239604D-02  0.00000000000000D+00
     2    24 -0.38370814969343D-02  0.00000000000000D+00
     3    24  0.30938310339002D-02  0.00000000000000D+00
     1    25 -0.23938550998632D-02  0.00000000000000D+00
     2    25  0.69869339966567D-02  0.00000000000000D+00
     3    25  0.46187568610547D-03  0.00000000000000D+00
     1    26 -0.55783678955966D-02  0.00000000000000D+00
     2    26  0.78407312288281D-02  0.00000000000000D+00
     3    26  0.50163023952884D-03  0.00000000000000D+00
     1    27  0.27848447716714D-02  0.00000000000000D+00
     2    27 -0.98474499561541D-02  0.00000000000000D+00
     3    27 -0.16173816024498D-04  0.00000000000000D+00
     1    28  0.51645580222356D-02  0.00000000000000D+00
     2    28 -0.47446407407179D-02  0.00000000000000D+00
     3    28  0.92743475474186D-05  0.00000000000000D+00
     1    29 -0.56793840572976D-02  0.00000000000000D+00
     2    29 -0.24977044809920D-01  0.00000000000000D+00
     3    29 -0.18747892580995D-01  0.00000000000000D+00
     1    30 -0.49728836554757D-02  0.00000000000000D+00
     2    30 -0.24853043488881D-01  0.00000000000000D+00
     3    30  0.53172864677243D-02  0.00000000000000D+00
     1    31  0.49601240115288D-02  0.00000000000000D+00
     2    31  0.24875400223952D-01  0.00000000000000D+00
     3    31 -0.61552377021556D-03  0.00000000000000D+00
     1    32  0.50849948419064D-02  0.00000000000000D+00
     2    32  0.24951394410769D-01  0.00000000000000D+00
     3    32  0.78944380604993D-03  0.00000000000000D+00
     1    33  0.21618594778196D-01  0.00000000000000D+00
     2    33 -0.10245524089425D-01  0.00000000000000D+00
     3    33  0.13410146017927D-03  0.00000000000000D+00
     1    34  0.20814330971644D-01  0.00000000000000D+00
     2    34 -0.90031067701302D-02  0.00000000000000D+00
     3    34  0.15401722152423D-03  0.00000000000000D+00
     1    35 -0.22906762690048D-01  0.00000000000000D+00
     2    35  0.10316511345241D-01  0.00000000000000D+00
     3    35  0.15017245497107D-03  0.00000000000000D+00
     1    36 -0.19414995201862D-01  0.00000000000000D+00
     2    36  0.88857120751492D-02  0.00000000000000D+00
     3    36  0.14907131268032D-03  0.00000000000000D+00
     1    39  0.26502380261474D-02  0.00000000000000D+00
     2    39  0.26526234870307D-02  0.00000000000000D+00
     3    39  0.24356282801768D-02  0.00000000000000D+00
     1    40 -0.69524375990473D-06  0.00000000000000D+00
     2    40 -0.29059441980271D-06  0.00000000000000D+00
     3    40 -0.16432510113360D-05  0.00000000000000D+00
  
 Total energy                 - # elements :           1
 -0.47548224870816D+03  0.00000000000000D+00
