 Fermi (or HOMO) energy (hartree) =   0.22116   Average Vxc (hartree)=  -0.38907
 Eigenvalues (hartree) for nkpt=   1  k points, SPIN UP:
 kpt#   1, nband=115, wtk=  1.00000, kpt=  0.0000  0.0000  0.0000 (reduced coord)
  -1.39343   -1.39303   -1.39275   -1.39271   -1.39267   -1.39265   -1.39255   -1.39206
  -1.22976   -1.05224   -1.04823   -1.04595   -0.48989   -0.48788   -0.47404   -0.46693
  -0.46688   -0.45933   -0.45595   -0.45233   -0.45181   -0.43761   -0.43740   -0.41218
  -0.40841   -0.40140   -0.39276   -0.38871   -0.38522   -0.38105   -0.37665   -0.36998
  -0.35309   -0.31255   -0.30956   -0.30874   -0.30817   -0.30744   -0.30476   -0.30378
  -0.02495   -0.01657   -0.01561   -0.01157   -0.01141    0.01847    0.01882    0.02673
   0.02722    0.02780    0.03935    0.04577    0.04663    0.05409    0.06649    0.06820
   0.06829    0.07124    0.07165    0.07805    0.07855    0.08937    0.08979    0.09501
   0.09957    0.10125    0.10437    0.10480    0.11552    0.11572    0.11737    0.12024
   0.12222    0.12274    0.12362    0.12579    0.13397    0.13398    0.13633    0.13873
   0.13892    0.13922    0.13937    0.13948    0.15272    0.16093    0.16238    0.16591
   0.21487    0.21496    0.21569    0.21605    0.21613    0.21692    0.22116    0.27970
   0.29057    0.29667    0.31767    0.32870    0.33815    0.37150    0.38105    0.38246
   0.38892    0.38908    0.39261    0.39909    0.39999    0.40279    0.40933    0.41092
   0.41909    0.42170    0.42199
 Eigenvalues (hartree) for nkpt=   1  k points, SPIN DOWN:
 kpt#   1, nband=115, wtk=  1.00000, kpt=  0.0000  0.0000  0.0000 (reduced coord)
  -1.39343   -1.39302   -1.39273   -1.39269   -1.39269   -1.39264   -1.39254   -1.39209
  -1.12257   -1.05223   -1.04805   -1.04593   -0.47263   -0.47223   -0.46723   -0.46689
  -0.45939   -0.45604   -0.45264   -0.45202   -0.41248   -0.41057   -0.40841   -0.40635
  -0.39273   -0.38869   -0.38720   -0.38432   -0.37647   -0.36996   -0.36890   -0.36071
  -0.35315   -0.30959   -0.30876   -0.30838   -0.30749   -0.30682   -0.30382   -0.30332
  -0.02465   -0.01585   -0.01543   -0.01133   -0.01024    0.01888    0.01925    0.02742
   0.02775    0.02800    0.03956    0.04637    0.04761    0.05517    0.06732    0.06844
   0.06873    0.07205    0.07262    0.07827    0.07908    0.08998    0.09064    0.09559
   0.10143    0.10174    0.10452    0.10486    0.11577    0.11585    0.11735    0.12102
   0.12366    0.12406    0.12478    0.12587    0.13385    0.13457    0.13899    0.13911
   0.13914    0.13944    0.13959    0.14019    0.15379    0.16259    0.16334    0.16644
   0.28875    0.29185    0.30039    0.32300    0.33673    0.33730    0.37683    0.38581
   0.38819    0.38840    0.39217    0.39420    0.39825    0.40062    0.41058    0.41099
   0.41569    0.42118    0.42214    0.42512    0.42778    0.42941    0.43117    0.45256
   0.45347    0.46475    0.46515
