 Fermi (or HOMO) energy (hartree) =   0.22119   Average Vxc (hartree)=  -0.38907
 Eigenvalues (hartree) for nkpt=   1  k points, SPIN UP:
 kpt#   1, nband=115, wtk=  1.00000, kpt=  0.0000  0.0000  0.0000 (reduced coord)
  -1.39342   -1.39296   -1.39293   -1.39282   -1.39275   -1.39265   -1.39259   -1.39257
  -1.22973   -1.05212   -1.04856   -1.04583   -0.49009   -0.48815   -0.47402   -0.46693
  -0.46685   -0.45957   -0.45615   -0.45272   -0.45181   -0.43785   -0.43744   -0.41202
  -0.40832   -0.40166   -0.39261   -0.38861   -0.38552   -0.38147   -0.37656   -0.36985
  -0.35292   -0.31254   -0.30931   -0.30854   -0.30814   -0.30716   -0.30472   -0.30346
  -0.02497   -0.01653   -0.01535   -0.01154   -0.01123    0.01836    0.01884    0.02657
   0.02717    0.02792    0.03929    0.04565    0.04655    0.05398    0.06641    0.06811
   0.06814    0.07117    0.07159    0.07783    0.07852    0.08925    0.08965    0.09504
   0.09929    0.10123    0.10424    0.10484    0.11558    0.11566    0.11719    0.12009
   0.12223    0.12258    0.12364    0.12602    0.13396    0.13402    0.13640    0.13888
   0.13892    0.13927    0.13951    0.13962    0.15291    0.16091    0.16254    0.16603
   0.21490    0.21498    0.21571    0.21608    0.21616    0.21694    0.22119    0.27963
   0.29053    0.29680    0.31771    0.32863    0.33823    0.37133    0.38098    0.38252
   0.38891    0.38908    0.39293    0.39928    0.40005    0.40280    0.40940    0.41092
   0.41920    0.42122    0.42177
 Eigenvalues (hartree) for nkpt=   1  k points, SPIN DOWN:
 kpt#   1, nband=115, wtk=  1.00000, kpt=  0.0000  0.0000  0.0000 (reduced coord)
  -1.39342   -1.39298   -1.39293   -1.39280   -1.39274   -1.39267   -1.39258   -1.39257
  -1.12255   -1.05210   -1.04838   -1.04581   -0.47304   -0.47221   -0.46758   -0.46685
  -0.45963   -0.45622   -0.45301   -0.45202   -0.41231   -0.41073   -0.40832   -0.40660
  -0.39259   -0.38858   -0.38739   -0.38459   -0.37639   -0.36984   -0.36895   -0.36084
  -0.35297   -0.30934   -0.30858   -0.30834   -0.30725   -0.30675   -0.30350   -0.30327
  -0.02467   -0.01580   -0.01517   -0.01115   -0.01021    0.01882    0.01922    0.02726
   0.02769    0.02811    0.03951    0.04625    0.04753    0.05509    0.06721    0.06839
   0.06855    0.07199    0.07256    0.07805    0.07905    0.08985    0.09049    0.09562
   0.10141    0.10148    0.10439    0.10490    0.11576    0.11587    0.11719    0.12089
   0.12367    0.12408    0.12462    0.12609    0.13383    0.13462    0.13897    0.13916
   0.13933    0.13959    0.13968    0.14028    0.15396    0.16274    0.16333    0.16656
   0.28872    0.29180    0.30051    0.32300    0.33660    0.33737    0.37677    0.38579
   0.38821    0.38833    0.39248    0.39423    0.39842    0.40068    0.41060    0.41097
   0.41573    0.42109    0.42209    0.42504    0.42774    0.42930    0.43101    0.45271
   0.45342    0.46474    0.46515
