
 **** DERIVATIVE DATABASE ****    
+DDB, Version number  20230401

  Note : temporary (transfer) database

    usepaw         1
     natom        36
      nkpt         1
    nsppol         2
      nsym         1
    ntypat         6
    occopt         2
     nband       115
     acell  0.10000000000000D+01  0.10000000000000D+01  0.10000000000000D+01
       amu  0.15196500000000D+03  0.87620000000000D+02  0.69410000000000D+01
            0.26981539000000D+02  0.14006740000000D+02  0.15999400000000D+02
   dilatmx  0.10000000000000D+01
      ecut  0.10000000000000D+02
 pawecutdg  0.20000000000000D+02
    ecutsm  0.00000000000000D+00
     intxc         0
      iscf        17
       ixc     -1012
       kpt  0.00000000000000D+00  0.00000000000000D+00  0.00000000000000D+00
    kptnrm  0.10000000000000D+01
     ngfft        45   45   36
    nspden         2
   nspinor         1
       occ  0.10000000000000D+01  0.10000000000000D+01  0.10000000000000D+01
            0.10000000000000D+01  0.10000000000000D+01  0.10000000000000D+01
            0.10000000000000D+01  0.10000000000000D+01  0.10000000000000D+01
            0.10000000000000D+01  0.10000000000000D+01  0.10000000000000D+01
            0.10000000000000D+01  0.10000000000000D+01  0.10000000000000D+01
            0.10000000000000D+01  0.10000000000000D+01  0.10000000000000D+01
            0.10000000000000D+01  0.10000000000000D+01  0.10000000000000D+01
            0.10000000000000D+01  0.10000000000000D+01  0.10000000000000D+01
            0.10000000000000D+01  0.10000000000000D+01  0.10000000000000D+01
            0.10000000000000D+01  0.10000000000000D+01  0.10000000000000D+01
            0.10000000000000D+01  0.10000000000000D+01  0.10000000000000D+01
            0.10000000000000D+01  0.10000000000000D+01  0.10000000000000D+01
            0.10000000000000D+01  0.10000000000000D+01  0.10000000000000D+01
            0.10000000000000D+01  0.10000000000000D+01  0.10000000000000D+01
            0.10000000000000D+01  0.10000000000000D+01  0.10000000000000D+01
            0.10000000000000D+01  0.10000000000000D+01  0.10000000000000D+01
            0.10000000000000D+01  0.10000000000000D+01  0.10000000000000D+01
            0.10000000000000D+01  0.10000000000000D+01  0.10000000000000D+01
            0.10000000000000D+01  0.10000000000000D+01  0.10000000000000D+01
            0.10000000000000D+01  0.10000000000000D+01  0.10000000000000D+01
            0.10000000000000D+01  0.10000000000000D+01  0.10000000000000D+01
            0.10000000000000D+01  0.10000000000000D+01  0.10000000000000D+01
            0.10000000000000D+01  0.10000000000000D+01  0.10000000000000D+01
            0.10000000000000D+01  0.10000000000000D+01  0.10000000000000D+01
            0.10000000000000D+01  0.10000000000000D+01  0.10000000000000D+01
            0.10000000000000D+01  0.10000000000000D+01  0.10000000000000D+01
            0.10000000000000D+01  0.10000000000000D+01  0.10000000000000D+01
            0.10000000000000D+01  0.10000000000000D+01  0.10000000000000D+01
            0.10000000000000D+01  0.10000000000000D+01  0.10000000000000D+01
            0.10000000000000D+01  0.10000000000000D+01  0.10000000000000D+01
            0.10000000000000D+01  0.10000000000000D+01  0.10000000000000D+01
            0.10000000000000D+01  0.10000000000000D+01  0.00000000000000D+00
            0.00000000000000D+00  0.00000000000000D+00  0.00000000000000D+00
            0.00000000000000D+00  0.00000000000000D+00  0.00000000000000D+00
            0.00000000000000D+00  0.00000000000000D+00  0.00000000000000D+00
            0.00000000000000D+00  0.00000000000000D+00  0.00000000000000D+00
            0.00000000000000D+00  0.00000000000000D+00  0.00000000000000D+00
            0.00000000000000D+00  0.00000000000000D+00  0.00000000000000D+00
            0.00000000000000D+00
     rprim  0.15040330225900D+02  0.00000000000000D+00  0.00000000000000D+00
            0.00000000000000D+00  0.15040330225900D+02  0.00000000000000D+00
            0.00000000000000D+00  0.00000000000000D+00  0.12033775961600D+02
  dfpt_sciss  0.00000000000000D+00
    spinat  0.00000000000000D+00  0.00000000000000D+00  0.00000000000000D+00
            0.00000000000000D+00  0.00000000000000D+00  0.00000000000000D+00
            0.00000000000000D+00  0.00000000000000D+00  0.00000000000000D+00
            0.00000000000000D+00  0.00000000000000D+00  0.00000000000000D+00
            0.00000000000000D+00  0.00000000000000D+00  0.00000000000000D+00
            0.00000000000000D+00  0.00000000000000D+00  0.00000000000000D+00
            0.00000000000000D+00  0.00000000000000D+00  0.00000000000000D+00
            0.00000000000000D+00  0.00000000000000D+00  0.00000000000000D+00
            0.00000000000000D+00  0.00000000000000D+00  0.00000000000000D+00
            0.00000000000000D+00  0.00000000000000D+00  0.00000000000000D+00
            0.00000000000000D+00  0.00000000000000D+00  0.00000000000000D+00
            0.00000000000000D+00  0.00000000000000D+00  0.00000000000000D+00
            0.00000000000000D+00  0.00000000000000D+00  0.00000000000000D+00
            0.00000000000000D+00  0.00000000000000D+00  0.00000000000000D+00
            0.00000000000000D+00  0.00000000000000D+00  0.00000000000000D+00
            0.00000000000000D+00  0.00000000000000D+00  0.00000000000000D+00
            0.00000000000000D+00  0.00000000000000D+00  0.00000000000000D+00
            0.00000000000000D+00  0.00000000000000D+00  0.00000000000000D+00
            0.00000000000000D+00  0.00000000000000D+00  0.00000000000000D+00
            0.00000000000000D+00  0.00000000000000D+00  0.00000000000000D+00
            0.00000000000000D+00  0.00000000000000D+00  0.00000000000000D+00
            0.00000000000000D+00  0.00000000000000D+00  0.00000000000000D+00
            0.00000000000000D+00  0.00000000000000D+00  0.00000000000000D+00
            0.00000000000000D+00  0.00000000000000D+00  0.00000000000000D+00
            0.00000000000000D+00  0.00000000000000D+00  0.00000000000000D+00
            0.00000000000000D+00  0.00000000000000D+00  0.00000000000000D+00
            0.00000000000000D+00  0.00000000000000D+00  0.00000000000000D+00
            0.00000000000000D+00  0.00000000000000D+00  0.00000000000000D+00
            0.00000000000000D+00  0.00000000000000D+00  0.00000000000000D+00
            0.00000000000000D+00  0.00000000000000D+00  0.00000000000000D+00
            0.00000000000000D+00  0.00000000000000D+00  0.00000000000000D+00
            0.00000000000000D+00  0.00000000000000D+00  0.00000000000000D+00
            0.00000000000000D+00  0.00000000000000D+00  0.00000000000000D+00
            0.00000000000000D+00  0.00000000000000D+00  0.00000000000000D+00
            0.00000000000000D+00  0.00000000000000D+00  0.00000000000000D+00
            0.00000000000000D+00  0.00000000000000D+00  0.00000000000000D+00
    symafm         1
    symrel         1    0    0    0    1    0    0    0    1
     tnons  0.00000000000000D+00  0.00000000000000D+00  0.00000000000000D+00
    tolwfr  0.10000000000000D+01
   tphysel  0.00000000000000D+00
    tsmear  0.10000000000000D-01
     typat         1    2    2    2    3    3    3    3    3    3    3    3
                   4    4    4    4    4    4    4    4    5    5    5    5
                   5    5    5    5    6    6    6    6    6    6    6    6
       wtk  0.10000000000000D+01
      xred  0.50000000000000D+00  0.00000000000000D+00  0.25000000000000D+00
            0.50000000000000D+00  0.00000000000000D+00  0.75000000000000D+00
            0.10000000000000D+01  0.50000000000000D+00  0.11890596229000D-03
            0.10000000000000D+01  0.50000000000000D+00  0.49988109400000D+00
            0.12744374710000D+00  0.82536213210000D+00  0.25000000000000D+00
            0.12704638640000D+00  0.82502282330000D+00  0.75000000000000D+00
            0.87255625290000D+00  0.17463786790000D+00  0.25000000000000D+00
            0.87295361360000D+00  0.17497717670000D+00  0.75000000000000D+00
            0.17499169840000D+00  0.12728967160000D+00  0.28739574230000D-03
            0.17499169840000D+00  0.12728967160000D+00  0.49971260430000D+00
            0.82500830160000D+00  0.87271032840000D+00  0.28739574230000D-03
            0.82500830160000D+00  0.87271032840000D+00  0.49971260430000D+00
            0.35173806670000D+00  0.68367639560000D+00  0.21289163617000D-03
            0.35173806670000D+00  0.68241995630000D+00  0.49978710840000D+00
            0.64826193330000D+00  0.31758004370000D+00  0.21289163617000D-03
            0.64826193330000D+00  0.31758004370000D+00  0.49978710840000D+00
            0.31780576680000D+00  0.35109081090000D+00  0.25000000000000D+00
            0.31777456060000D+00  0.35154217070000D+00  0.75000000000000D+00
            0.68219423320000D+00  0.64890918910000D+00  0.25000000000000D+00
            0.68222543940000D+00  0.64845782930000D+00  0.75000000000000D+00
            0.58430476540000D+00  0.73091011390000D+00  0.99992821440000D+00
            0.58430476540000D+00  0.73091011390000D+00  0.50007178560000D+00
            0.41569523460000D+00  0.26908988610000D+00  0.99992821440000D+00
            0.41569523460000D+00  0.26908988610000D+00  0.50007178560000D+00
            0.27019712620000D+00  0.58410218790000D+00  0.25000000000000D+00
            0.27041286440000D+00  0.58437089430000D+00  0.75000000000000D+00
            0.72980287380000D+00  0.41589781210000D+00  0.25000000000000D+00
            0.72958713560000D+00  0.41562910570000D+00  0.75000000000000D+00
            0.25250920030000D+00  0.88699605780000D+00  0.99991734080000D+00
            0.25250920030000D+00  0.88699605780000D+00  0.50008265920000D+00
            0.74749079970000D+00  0.11300394220000D+00  0.99991734080000D+00
            0.74749079970000D+00  0.11300394220000D+00  0.50008265920000D+00
            0.11279815010000D+00  0.25309031310000D+00  0.25000000000000D+00
            0.11273121590000D+00  0.25349138290000D+00  0.75000000000000D+00
            0.88720184990000D+00  0.74690968690000D+00  0.25000000000000D+00
            0.88726878410000D+00  0.74650861710000D+00  0.75000000000000D+00
     znucl  0.63000000000000D+02  0.38000000000000D+02  0.30000000000000D+01
            0.13000000000000D+02  0.70000000000000D+01  0.80000000000000D+01
      zion  0.17000000000000D+02  0.10000000000000D+02  0.30000000000000D+01
            0.30000000000000D+01  0.50000000000000D+01  0.60000000000000D+01
 
 No information on the potentials yet 
 
 **** Database of total energy derivatives ****
 Number of data blocks=    2
  
 1st derivatives              - # elements :         114
     1     1 -0.33708607914012D-02  0.00000000000000D+00
     2     1 -0.42802849165387D-02  0.00000000000000D+00
     3     1 -0.25493660416384D-02  0.00000000000000D+00
     1     2 -0.30653117370111D-02  0.00000000000000D+00
     2     2 -0.40703248053607D-02  0.00000000000000D+00
     3     2  0.23621819285841D-02  0.00000000000000D+00
     1     3 -0.41236017789128D-02  0.00000000000000D+00
     2     3 -0.25677465870879D-03  0.00000000000000D+00
     3     3  0.41293781053468D-03  0.00000000000000D+00
     1     4 -0.13427103683634D-02  0.00000000000000D+00
     2     4 -0.33849848108968D-03  0.00000000000000D+00
     3     4 -0.41218363832401D-03  0.00000000000000D+00
     1     5  0.51661670983379D-02  0.00000000000000D+00
     2     5  0.47477559404191D-02  0.00000000000000D+00
     3     5 -0.21478595225221D-02  0.00000000000000D+00
     1     6  0.41156743921698D-02  0.00000000000000D+00
     2     6  0.48425772977758D-02  0.00000000000000D+00
     3     6  0.21408056440647D-02  0.00000000000000D+00
     1     7 -0.32449337701243D-02  0.00000000000000D+00
     2     7 -0.40249724053305D-02  0.00000000000000D+00
     3     7 -0.28672231693232D-05  0.00000000000000D+00
     1     8 -0.21636308666611D-02  0.00000000000000D+00
     2     8 -0.40987992378017D-02  0.00000000000000D+00
     3     8  0.56938315566410D-05  0.00000000000000D+00
     1     9 -0.23211041146703D-02  0.00000000000000D+00
     2     9  0.15065190032605D-02  0.00000000000000D+00
     3     9  0.81316566194272D-03  0.00000000000000D+00
     1    10 -0.23054666519187D-02  0.00000000000000D+00
     2    10  0.32776614376766D-02  0.00000000000000D+00
     3    10 -0.81790944618918D-03  0.00000000000000D+00
     1    11  0.29246722552421D-02  0.00000000000000D+00
     2    11 -0.38153699104696D-02  0.00000000000000D+00
     3    11  0.82253677615951D-03  0.00000000000000D+00
     1    12  0.24095426179104D-02  0.00000000000000D+00
     2    12 -0.35703557352882D-02  0.00000000000000D+00
     3    12 -0.82767699620869D-03  0.00000000000000D+00
     1    13 -0.50611933607484D-02  0.00000000000000D+00
     2    13  0.51113648994649D-01  0.00000000000000D+00
     3    13  0.10617622900518D-02  0.00000000000000D+00
     1    14 -0.61762877299972D-02  0.00000000000000D+00
     2    14 -0.42229159915499D-02  0.00000000000000D+00
     3    14 -0.12278559080497D-02  0.00000000000000D+00
     1    15  0.93712157283899D-02  0.00000000000000D+00
     2    15  0.71808409939048D-02  0.00000000000000D+00
     3    15  0.13026300543229D-02  0.00000000000000D+00
     1    16  0.82759101314405D-02  0.00000000000000D+00
     2    16  0.68460581402267D-02  0.00000000000000D+00
     3    16 -0.13112125510882D-02  0.00000000000000D+00
     1    17  0.46381193003933D-02  0.00000000000000D+00
     2    17 -0.15849719872471D-01  0.00000000000000D+00
     3    17  0.24813346073412D-02  0.00000000000000D+00
     1    18  0.52479791499992D-02  0.00000000000000D+00
     2    18 -0.14394586787359D-01  0.00000000000000D+00
     3    18 -0.24886009176413D-02  0.00000000000000D+00
     1    19 -0.44757171612654D-02  0.00000000000000D+00
     2    19  0.12348899453423D-01  0.00000000000000D+00
     3    19 -0.76680820952825D-03  0.00000000000000D+00
     1    20 -0.51572412973518D-02  0.00000000000000D+00
     2    20  0.10957925344254D-01  0.00000000000000D+00
     3    20  0.76871486251086D-03  0.00000000000000D+00
     1    21  0.36197134430313D-02  0.00000000000000D+00
     2    21 -0.29155906410000D-02  0.00000000000000D+00
     3    21 -0.21830083070486D-02  0.00000000000000D+00
     1    22  0.53184864811734D-02  0.00000000000000D+00
     2    22  0.28322872105809D-02  0.00000000000000D+00
     3    22  0.22488981811306D-02  0.00000000000000D+00
     1    23 -0.66466924362357D-02  0.00000000000000D+00
     2    23  0.25902672429455D-03  0.00000000000000D+00
     3    23 -0.22877308271745D-02  0.00000000000000D+00
     1    24 -0.65452603325346D-02  0.00000000000000D+00
     2    24 -0.28692566150881D-02  0.00000000000000D+00
     3    24  0.23146019741254D-02  0.00000000000000D+00
     1    25 -0.52268660770484D-02  0.00000000000000D+00
     2    25  0.10441111065628D-02  0.00000000000000D+00
     3    25  0.50139481804878D-02  0.00000000000000D+00
     1    26 -0.73910170769080D-02  0.00000000000000D+00
     2    26 -0.39202014484247D-02  0.00000000000000D+00
     3    26 -0.49498006830147D-02  0.00000000000000D+00
     1    27  0.28044474541155D-02  0.00000000000000D+00
     2    27 -0.10016515367177D-01  0.00000000000000D+00
     3    27  0.25201325707183D-03  0.00000000000000D+00
     1    28  0.49534600890873D-02  0.00000000000000D+00
     2    28 -0.50475957614595D-02  0.00000000000000D+00
     3    28 -0.25274694368239D-03  0.00000000000000D+00
     1    29  0.44306826344664D-02  0.00000000000000D+00
     2    29 -0.48245579182518D-01  0.00000000000000D+00
     3    29 -0.45964072051312D-04  0.00000000000000D+00
     1    30 -0.49683747159695D-02  0.00000000000000D+00
     2    30 -0.27074944919687D-01  0.00000000000000D+00
     3    30  0.21297954813548D-03  0.00000000000000D+00
     1    31  0.44324255526779D-02  0.00000000000000D+00
     2    31  0.25438952939710D-01  0.00000000000000D+00
     3    31 -0.28340725623575D-03  0.00000000000000D+00
     1    32  0.53318665331141D-02  0.00000000000000D+00
     2    32  0.25357656401515D-01  0.00000000000000D+00
     3    32  0.33243286070291D-03  0.00000000000000D+00
     1    33  0.22293386665308D-01  0.00000000000000D+00
     2    33 -0.94228239877437D-02  0.00000000000000D+00
     3    33 -0.25914901311124D-04  0.00000000000000D+00
     1    34  0.20723169067124D-01  0.00000000000000D+00
     2    34 -0.70839023407474D-02  0.00000000000000D+00
     3    34  0.27989419501718D-04  0.00000000000000D+00
     1    35 -0.21991570820452D-01  0.00000000000000D+00
     2    35  0.10039889101593D-01  0.00000000000000D+00
     3    35  0.65552591491120D-03  0.00000000000000D+00
     1    36 -0.20447808243093D-01  0.00000000000000D+00
     2    36  0.76960168541091D-02  0.00000000000000D+00
     3    36 -0.65168755903304D-03  0.00000000000000D+00
     1    39  0.26497845737985D-02  0.00000000000000D+00
     2    39  0.26510462338924D-02  0.00000000000000D+00
     3    39  0.24362981218966D-02  0.00000000000000D+00
     1    40  0.36406181932337D-09  0.00000000000000D+00
     2    40 -0.56633670962819D-08  0.00000000000000D+00
     3    40 -0.72744784238763D-06  0.00000000000000D+00
  
 Total energy                 - # elements :           1
 -0.47548223657857D+03  0.00000000000000D+00
