 Fermi (or HOMO) energy (hartree) =   0.22127   Average Vxc (hartree)=  -0.38907
 Eigenvalues (hartree) for nkpt=   1  k points, SPIN UP:
 kpt#   1, nband=115, wtk=  1.00000, kpt=  0.0000  0.0000  0.0000 (reduced coord)
  -1.39325   -1.39276   -1.39270   -1.39266   -1.39263   -1.39254   -1.39247   -1.39242
  -1.22966   -1.05223   -1.04848   -1.04593   -0.48990   -0.48790   -0.47398   -0.46688
  -0.46683   -0.45931   -0.45593   -0.45235   -0.45174   -0.43744   -0.43737   -0.41217
  -0.40838   -0.40161   -0.39275   -0.38869   -0.38542   -0.38133   -0.37662   -0.36996
  -0.35314   -0.31263   -0.30958   -0.30879   -0.30825   -0.30747   -0.30485   -0.30381
  -0.02495   -0.01663   -0.01564   -0.01161   -0.01144    0.01842    0.01884    0.02673
   0.02724    0.02776    0.03937    0.04578    0.04662    0.05408    0.06648    0.06824
   0.06829    0.07123    0.07167    0.07805    0.07860    0.08936    0.08980    0.09500
   0.09957    0.10130    0.10435    0.10482    0.11555    0.11565    0.11736    0.12025
   0.12213    0.12272    0.12365    0.12577    0.13394    0.13397    0.13630    0.13872
   0.13891    0.13922    0.13939    0.13942    0.15269    0.16087    0.16235    0.16586
   0.21496    0.21505    0.21579    0.21616    0.21624    0.21701    0.22127    0.27967
   0.29065    0.29665    0.31768    0.32868    0.33819    0.37144    0.38107    0.38247
   0.38887    0.38901    0.39259    0.39906    0.39994    0.40275    0.40941    0.41090
   0.41935    0.42144    0.42204
 Eigenvalues (hartree) for nkpt=   1  k points, SPIN DOWN:
 kpt#   1, nband=115, wtk=  1.00000, kpt=  0.0000  0.0000  0.0000 (reduced coord)
  -1.39324   -1.39277   -1.39268   -1.39266   -1.39262   -1.39256   -1.39246   -1.39242
  -1.12247   -1.05221   -1.04830   -1.04592   -0.47266   -0.47217   -0.46727   -0.46683
  -0.45937   -0.45601   -0.45265   -0.45194   -0.41247   -0.41069   -0.40838   -0.40644
  -0.39272   -0.38866   -0.38729   -0.38451   -0.37644   -0.36995   -0.36880   -0.36076
  -0.35319   -0.30961   -0.30881   -0.30846   -0.30752   -0.30688   -0.30385   -0.30339
  -0.02466   -0.01591   -0.01546   -0.01136   -0.01028    0.01887    0.01924    0.02741
   0.02777    0.02797    0.03958    0.04637    0.04760    0.05517    0.06730    0.06848
   0.06873    0.07205    0.07265    0.07827    0.07913    0.08997    0.09065    0.09557
   0.10148    0.10175    0.10450    0.10489    0.11575    0.11583    0.11736    0.12104
   0.12356    0.12408    0.12478    0.12585    0.13382    0.13457    0.13897    0.13911
   0.13915    0.13946    0.13953    0.14013    0.15375    0.16256    0.16328    0.16639
   0.28871    0.29193    0.30036    0.32300    0.33665    0.33733    0.37684    0.38579
   0.38814    0.38839    0.39214    0.39414    0.39821    0.40057    0.41058    0.41093
   0.41564    0.42134    0.42233    0.42521    0.42779    0.42938    0.43117    0.45259
   0.45345    0.46472    0.46511
