
 **** DERIVATIVE DATABASE ****    
+DDB, Version number  20230401

  Note : temporary (transfer) database

    usepaw         1
     natom        36
      nkpt         1
    nsppol         2
      nsym         1
    ntypat         6
    occopt         2
     nband       115
     acell  0.10000000000000D+01  0.10000000000000D+01  0.10000000000000D+01
       amu  0.15196500000000D+03  0.87620000000000D+02  0.69410000000000D+01
            0.26981539000000D+02  0.14006740000000D+02  0.15999400000000D+02
   dilatmx  0.10000000000000D+01
      ecut  0.10000000000000D+02
 pawecutdg  0.20000000000000D+02
    ecutsm  0.00000000000000D+00
     intxc         0
      iscf        17
       ixc     -1012
       kpt  0.00000000000000D+00  0.00000000000000D+00  0.00000000000000D+00
    kptnrm  0.10000000000000D+01
     ngfft        45   45   36
    nspden         2
   nspinor         1
       occ  0.10000000000000D+01  0.10000000000000D+01  0.10000000000000D+01
            0.10000000000000D+01  0.10000000000000D+01  0.10000000000000D+01
            0.10000000000000D+01  0.10000000000000D+01  0.10000000000000D+01
            0.10000000000000D+01  0.10000000000000D+01  0.10000000000000D+01
            0.10000000000000D+01  0.10000000000000D+01  0.10000000000000D+01
            0.10000000000000D+01  0.10000000000000D+01  0.10000000000000D+01
            0.10000000000000D+01  0.10000000000000D+01  0.10000000000000D+01
            0.10000000000000D+01  0.10000000000000D+01  0.10000000000000D+01
            0.10000000000000D+01  0.10000000000000D+01  0.10000000000000D+01
            0.10000000000000D+01  0.10000000000000D+01  0.10000000000000D+01
            0.10000000000000D+01  0.10000000000000D+01  0.10000000000000D+01
            0.10000000000000D+01  0.10000000000000D+01  0.10000000000000D+01
            0.10000000000000D+01  0.10000000000000D+01  0.10000000000000D+01
            0.10000000000000D+01  0.10000000000000D+01  0.10000000000000D+01
            0.10000000000000D+01  0.10000000000000D+01  0.10000000000000D+01
            0.10000000000000D+01  0.10000000000000D+01  0.10000000000000D+01
            0.10000000000000D+01  0.10000000000000D+01  0.10000000000000D+01
            0.10000000000000D+01  0.10000000000000D+01  0.10000000000000D+01
            0.10000000000000D+01  0.10000000000000D+01  0.10000000000000D+01
            0.10000000000000D+01  0.10000000000000D+01  0.10000000000000D+01
            0.10000000000000D+01  0.10000000000000D+01  0.10000000000000D+01
            0.10000000000000D+01  0.10000000000000D+01  0.10000000000000D+01
            0.10000000000000D+01  0.10000000000000D+01  0.10000000000000D+01
            0.10000000000000D+01  0.10000000000000D+01  0.10000000000000D+01
            0.10000000000000D+01  0.10000000000000D+01  0.10000000000000D+01
            0.10000000000000D+01  0.10000000000000D+01  0.10000000000000D+01
            0.10000000000000D+01  0.10000000000000D+01  0.10000000000000D+01
            0.10000000000000D+01  0.10000000000000D+01  0.10000000000000D+01
            0.10000000000000D+01  0.10000000000000D+01  0.10000000000000D+01
            0.10000000000000D+01  0.10000000000000D+01  0.10000000000000D+01
            0.10000000000000D+01  0.10000000000000D+01  0.10000000000000D+01
            0.10000000000000D+01  0.10000000000000D+01  0.00000000000000D+00
            0.00000000000000D+00  0.00000000000000D+00  0.00000000000000D+00
            0.00000000000000D+00  0.00000000000000D+00  0.00000000000000D+00
            0.00000000000000D+00  0.00000000000000D+00  0.00000000000000D+00
            0.00000000000000D+00  0.00000000000000D+00  0.00000000000000D+00
            0.00000000000000D+00  0.00000000000000D+00  0.00000000000000D+00
            0.00000000000000D+00  0.00000000000000D+00  0.00000000000000D+00
            0.00000000000000D+00
     rprim  0.15040330225900D+02  0.00000000000000D+00  0.00000000000000D+00
            0.00000000000000D+00  0.15040330225900D+02  0.00000000000000D+00
            0.00000000000000D+00  0.00000000000000D+00  0.12033775961600D+02
  dfpt_sciss  0.00000000000000D+00
    spinat  0.00000000000000D+00  0.00000000000000D+00  0.00000000000000D+00
            0.00000000000000D+00  0.00000000000000D+00  0.00000000000000D+00
            0.00000000000000D+00  0.00000000000000D+00  0.00000000000000D+00
            0.00000000000000D+00  0.00000000000000D+00  0.00000000000000D+00
            0.00000000000000D+00  0.00000000000000D+00  0.00000000000000D+00
            0.00000000000000D+00  0.00000000000000D+00  0.00000000000000D+00
            0.00000000000000D+00  0.00000000000000D+00  0.00000000000000D+00
            0.00000000000000D+00  0.00000000000000D+00  0.00000000000000D+00
            0.00000000000000D+00  0.00000000000000D+00  0.00000000000000D+00
            0.00000000000000D+00  0.00000000000000D+00  0.00000000000000D+00
            0.00000000000000D+00  0.00000000000000D+00  0.00000000000000D+00
            0.00000000000000D+00  0.00000000000000D+00  0.00000000000000D+00
            0.00000000000000D+00  0.00000000000000D+00  0.00000000000000D+00
            0.00000000000000D+00  0.00000000000000D+00  0.00000000000000D+00
            0.00000000000000D+00  0.00000000000000D+00  0.00000000000000D+00
            0.00000000000000D+00  0.00000000000000D+00  0.00000000000000D+00
            0.00000000000000D+00  0.00000000000000D+00  0.00000000000000D+00
            0.00000000000000D+00  0.00000000000000D+00  0.00000000000000D+00
            0.00000000000000D+00  0.00000000000000D+00  0.00000000000000D+00
            0.00000000000000D+00  0.00000000000000D+00  0.00000000000000D+00
            0.00000000000000D+00  0.00000000000000D+00  0.00000000000000D+00
            0.00000000000000D+00  0.00000000000000D+00  0.00000000000000D+00
            0.00000000000000D+00  0.00000000000000D+00  0.00000000000000D+00
            0.00000000000000D+00  0.00000000000000D+00  0.00000000000000D+00
            0.00000000000000D+00  0.00000000000000D+00  0.00000000000000D+00
            0.00000000000000D+00  0.00000000000000D+00  0.00000000000000D+00
            0.00000000000000D+00  0.00000000000000D+00  0.00000000000000D+00
            0.00000000000000D+00  0.00000000000000D+00  0.00000000000000D+00
            0.00000000000000D+00  0.00000000000000D+00  0.00000000000000D+00
            0.00000000000000D+00  0.00000000000000D+00  0.00000000000000D+00
            0.00000000000000D+00  0.00000000000000D+00  0.00000000000000D+00
            0.00000000000000D+00  0.00000000000000D+00  0.00000000000000D+00
            0.00000000000000D+00  0.00000000000000D+00  0.00000000000000D+00
            0.00000000000000D+00  0.00000000000000D+00  0.00000000000000D+00
            0.00000000000000D+00  0.00000000000000D+00  0.00000000000000D+00
            0.00000000000000D+00  0.00000000000000D+00  0.00000000000000D+00
    symafm         1
    symrel         1    0    0    0    1    0    0    0    1
     tnons  0.00000000000000D+00  0.00000000000000D+00  0.00000000000000D+00
    tolwfr  0.10000000000000D+01
   tphysel  0.00000000000000D+00
    tsmear  0.10000000000000D-01
     typat         1    2    2    2    3    3    3    3    3    3    3    3
                   4    4    4    4    4    4    4    4    5    5    5    5
                   5    5    5    5    6    6    6    6    6    6    6    6
       wtk  0.10000000000000D+01
      xred  0.50000000000000D+00  0.00000000000000D+00  0.25000000000000D+00
            0.50000000000000D+00  0.00000000000000D+00  0.75000000000000D+00
            0.10000000000000D+01  0.50000000000000D+00  0.11890596229000D-03
            0.10000000000000D+01  0.50000000000000D+00  0.49988109400000D+00
            0.12744374710000D+00  0.82536213210000D+00  0.25000000000000D+00
            0.12704638640000D+00  0.82502282330000D+00  0.75000000000000D+00
            0.87255625290000D+00  0.17463786790000D+00  0.25000000000000D+00
            0.87295361360000D+00  0.17497717670000D+00  0.75000000000000D+00
            0.17624813770000D+00  0.12728967160000D+00  0.28739574230000D-03
            0.17499169840000D+00  0.12728967160000D+00  0.49971260430000D+00
            0.82500830160000D+00  0.87271032840000D+00  0.28739574230000D-03
            0.82500830160000D+00  0.87271032840000D+00  0.49971260430000D+00
            0.35173806670000D+00  0.68241995630000D+00  0.21289163617000D-03
            0.35173806670000D+00  0.68241995630000D+00  0.49978710840000D+00
            0.64826193330000D+00  0.31758004370000D+00  0.21289163617000D-03
            0.64826193330000D+00  0.31758004370000D+00  0.49978710840000D+00
            0.31780576680000D+00  0.35109081090000D+00  0.25000000000000D+00
            0.31777456060000D+00  0.35154217070000D+00  0.75000000000000D+00
            0.68219423320000D+00  0.64890918910000D+00  0.25000000000000D+00
            0.68222543940000D+00  0.64845782930000D+00  0.75000000000000D+00
            0.58430476540000D+00  0.73091011390000D+00  0.99992821440000D+00
            0.58430476540000D+00  0.73091011390000D+00  0.50007178560000D+00
            0.41569523460000D+00  0.26908988610000D+00  0.99992821440000D+00
            0.41569523460000D+00  0.26908988610000D+00  0.50007178560000D+00
            0.27019712620000D+00  0.58410218790000D+00  0.25000000000000D+00
            0.27041286440000D+00  0.58437089430000D+00  0.75000000000000D+00
            0.72980287380000D+00  0.41589781210000D+00  0.25000000000000D+00
            0.72958713560000D+00  0.41562910570000D+00  0.75000000000000D+00
            0.25250920030000D+00  0.88699605780000D+00  0.99991734080000D+00
            0.25250920030000D+00  0.88699605780000D+00  0.50008265920000D+00
            0.74749079970000D+00  0.11300394220000D+00  0.99991734080000D+00
            0.74749079970000D+00  0.11300394220000D+00  0.50008265920000D+00
            0.11279815010000D+00  0.25309031310000D+00  0.25000000000000D+00
            0.11273121590000D+00  0.25349138290000D+00  0.75000000000000D+00
            0.88720184990000D+00  0.74690968690000D+00  0.25000000000000D+00
            0.88726878410000D+00  0.74650861710000D+00  0.75000000000000D+00
     znucl  0.63000000000000D+02  0.38000000000000D+02  0.30000000000000D+01
            0.13000000000000D+02  0.70000000000000D+01  0.80000000000000D+01
      zion  0.17000000000000D+02  0.10000000000000D+02  0.30000000000000D+01
            0.30000000000000D+01  0.50000000000000D+01  0.60000000000000D+01
 
 No information on the potentials yet 
 
 **** Database of total energy derivatives ****
 Number of data blocks=    2
  
 1st derivatives              - # elements :         114
     1     1 -0.18116317845540D-02  0.00000000000000D+00
     2     1  0.75836656091224D-03  0.00000000000000D+00
     3     1 -0.92057458360016D-03  0.00000000000000D+00
     1     2 -0.17551476278414D-02  0.00000000000000D+00
     2     2  0.76809586098020D-03  0.00000000000000D+00
     3     2  0.90359517800780D-03  0.00000000000000D+00
     1     3 -0.12460367968664D-03  0.00000000000000D+00
     2     3  0.13465130722615D-02  0.00000000000000D+00
     3     3  0.41299742952962D-03  0.00000000000000D+00
     1     4 -0.18018737887035D-03  0.00000000000000D+00
     2     4  0.43537654690641D-03  0.00000000000000D+00
     3     4 -0.41287929105076D-03  0.00000000000000D+00
     1     5  0.36627325512798D-02  0.00000000000000D+00
     2     5  0.32885944664945D-02  0.00000000000000D+00
     3     5  0.11175656745019D-03  0.00000000000000D+00
     1     6  0.26051175946802D-02  0.00000000000000D+00
     2     6  0.33804317000225D-02  0.00000000000000D+00
     3     6 -0.11101275469668D-03  0.00000000000000D+00
     1     7 -0.43494619230074D-02  0.00000000000000D+00
     2     7 -0.33150291742941D-02  0.00000000000000D+00
     3     7  0.85234295072929D-03  0.00000000000000D+00
     1     8 -0.32794647301677D-02  0.00000000000000D+00
     2     8 -0.33908030198518D-02  0.00000000000000D+00
     3     8 -0.85365325453917D-03  0.00000000000000D+00
     1     9  0.76702423278580D-02  0.00000000000000D+00
     2     9  0.43388191696705D-02  0.00000000000000D+00
     3     9  0.72910430935986D-03  0.00000000000000D+00
     1    10 -0.19037835092899D-02  0.00000000000000D+00
     2    10  0.35234619552930D-02  0.00000000000000D+00
     3    10 -0.81146067525767D-03  0.00000000000000D+00
     1    11  0.16933213014676D-02  0.00000000000000D+00
     2    11 -0.42139376558472D-02  0.00000000000000D+00
     3    11  0.82541768245582D-03  0.00000000000000D+00
     1    12  0.21309096149564D-02  0.00000000000000D+00
     2    12 -0.37138709059788D-02  0.00000000000000D+00
     3    12 -0.82681775151735D-03  0.00000000000000D+00
     1    13 -0.80114234187520D-02  0.00000000000000D+00
     2    13 -0.77033662749643D-02  0.00000000000000D+00
     3    13  0.12667678882829D-02  0.00000000000000D+00
     1    14 -0.78495879497334D-02  0.00000000000000D+00
     2    14 -0.76784410349693D-02  0.00000000000000D+00
     3    14 -0.12697071071887D-02  0.00000000000000D+00
     1    15  0.63024876843352D-02  0.00000000000000D+00
     2    15  0.82889570681819D-02  0.00000000000000D+00
     3    15  0.12687238581653D-02  0.00000000000000D+00
     1    16  0.75987757401895D-02  0.00000000000000D+00
     2    16  0.77813618086607D-02  0.00000000000000D+00
     3    16 -0.12711571126250D-02  0.00000000000000D+00
     1    17  0.66118583611069D-02  0.00000000000000D+00
     2    17 -0.13208649457506D-01  0.00000000000000D+00
     3    17 -0.18128404670561D-02  0.00000000000000D+00
     1    18  0.72638258589596D-02  0.00000000000000D+00
     2    18 -0.11815705559713D-01  0.00000000000000D+00
     3    18  0.18001305567435D-02  0.00000000000000D+00
     1    19 -0.58789291329814D-02  0.00000000000000D+00
     2    19  0.11519541128754D-01  0.00000000000000D+00
     3    19 -0.22302720229665D-04  0.00000000000000D+00
     1    20 -0.65247675414197D-02  0.00000000000000D+00
     2    20  0.10076368993338D-01  0.00000000000000D+00
     3    20  0.24084155562922D-04  0.00000000000000D+00
     1    21  0.66638949741938D-02  0.00000000000000D+00
     2    21  0.39834457928168D-02  0.00000000000000D+00
     3    21 -0.22869746712997D-02  0.00000000000000D+00
     1    22  0.65594077057177D-02  0.00000000000000D+00
     2    22  0.36919599901696D-02  0.00000000000000D+00
     3    22  0.22971769371878D-02  0.00000000000000D+00
     1    23 -0.61973696883064D-02  0.00000000000000D+00
     2    23 -0.30473068806135D-02  0.00000000000000D+00
     3    23 -0.22400778436867D-02  0.00000000000000D+00
     1    24 -0.68491983212311D-02  0.00000000000000D+00
     2    24 -0.38347421864814D-02  0.00000000000000D+00
     3    24  0.22691265128922D-02  0.00000000000000D+00
     1    25 -0.32535102555185D-02  0.00000000000000D+00
     2    25  0.96827780997288D-02  0.00000000000000D+00
     3    25  0.23681075475174D-03  0.00000000000000D+00
     1    26 -0.54108433965292D-02  0.00000000000000D+00
     2    26  0.47053229681344D-02  0.00000000000000D+00
     3    26 -0.23183067071530D-03  0.00000000000000D+00
     1    27  0.34169278150629D-02  0.00000000000000D+00
     2    27 -0.98731866494776D-02  0.00000000000000D+00
     3    27  0.13376307874034D-03  0.00000000000000D+00
     1    28  0.55725577627481D-02  0.00000000000000D+00
     2    28 -0.48933274445815D-02  0.00000000000000D+00
     3    28 -0.13114870863184D-03  0.00000000000000D+00
     1    29 -0.67854525507427D-02  0.00000000000000D+00
     2    29 -0.25354761935971D-01  0.00000000000000D+00
     3    29 -0.22647375928739D-03  0.00000000000000D+00
     1    30 -0.51971439454413D-02  0.00000000000000D+00
     2    30 -0.24745695745364D-01  0.00000000000000D+00
     3    30  0.24259239216920D-03  0.00000000000000D+00
     1    31  0.72946935186453D-02  0.00000000000000D+00
     2    31  0.24491065747372D-01  0.00000000000000D+00
     3    31 -0.27007014894560D-03  0.00000000000000D+00
     1    32  0.53581373166533D-02  0.00000000000000D+00
     2    32  0.24871998833910D-01  0.00000000000000D+00
     3    32  0.27161787752951D-03  0.00000000000000D+00
     1    33  0.19299319475458D-01  0.00000000000000D+00
     2    33 -0.11145540509858D-01  0.00000000000000D+00
     3    33  0.38230756628635D-03  0.00000000000000D+00
     1    34  0.17752082349338D-01  0.00000000000000D+00
     2    34 -0.88248712841332D-02  0.00000000000000D+00
     3    34 -0.33006469336942D-03  0.00000000000000D+00
     1    35 -0.21784492730485D-01  0.00000000000000D+00
     2    35  0.11063103467180D-01  0.00000000000000D+00
     3    35 -0.75629112057432D-04  0.00000000000000D+00
     1    36 -0.20236836495544D-01  0.00000000000000D+00
     2    36  0.87233473055521D-02  0.00000000000000D+00
     3    36  0.74719517442580D-04  0.00000000000000D+00
     1    39  0.26500816369143D-02  0.00000000000000D+00
     2    39  0.26526550739549D-02  0.00000000000000D+00
     3    39  0.24355583699475D-02  0.00000000000000D+00
     1    40  0.11791053512426D-08  0.00000000000000D+00
     2    40 -0.15985792016617D-08  0.00000000000000D+00
     3    40 -0.16099605024598D-05  0.00000000000000D+00
  
 Total energy                 - # elements :           1
 -0.47548226029561D+03  0.00000000000000D+00
