
 **** DERIVATIVE DATABASE ****    
+DDB, Version number  20230401

  Note : temporary (transfer) database

    usepaw         1
     natom        36
      nkpt         1
    nsppol         2
      nsym         1
    ntypat         6
    occopt         2
     nband       115
     acell  0.10000000000000D+01  0.10000000000000D+01  0.10000000000000D+01
       amu  0.15196500000000D+03  0.87620000000000D+02  0.69410000000000D+01
            0.26981539000000D+02  0.14006740000000D+02  0.15999400000000D+02
   dilatmx  0.10000000000000D+01
      ecut  0.10000000000000D+02
 pawecutdg  0.20000000000000D+02
    ecutsm  0.00000000000000D+00
     intxc         0
      iscf        17
       ixc     -1012
       kpt  0.00000000000000D+00  0.00000000000000D+00  0.00000000000000D+00
    kptnrm  0.10000000000000D+01
     ngfft        45   45   36
    nspden         2
   nspinor         1
       occ  0.10000000000000D+01  0.10000000000000D+01  0.10000000000000D+01
            0.10000000000000D+01  0.10000000000000D+01  0.10000000000000D+01
            0.10000000000000D+01  0.10000000000000D+01  0.10000000000000D+01
            0.10000000000000D+01  0.10000000000000D+01  0.10000000000000D+01
            0.10000000000000D+01  0.10000000000000D+01  0.10000000000000D+01
            0.10000000000000D+01  0.10000000000000D+01  0.10000000000000D+01
            0.10000000000000D+01  0.10000000000000D+01  0.10000000000000D+01
            0.10000000000000D+01  0.10000000000000D+01  0.10000000000000D+01
            0.10000000000000D+01  0.10000000000000D+01  0.10000000000000D+01
            0.10000000000000D+01  0.10000000000000D+01  0.10000000000000D+01
            0.10000000000000D+01  0.10000000000000D+01  0.10000000000000D+01
            0.10000000000000D+01  0.10000000000000D+01  0.10000000000000D+01
            0.10000000000000D+01  0.10000000000000D+01  0.10000000000000D+01
            0.10000000000000D+01  0.10000000000000D+01  0.10000000000000D+01
            0.10000000000000D+01  0.10000000000000D+01  0.10000000000000D+01
            0.10000000000000D+01  0.10000000000000D+01  0.10000000000000D+01
            0.10000000000000D+01  0.10000000000000D+01  0.10000000000000D+01
            0.10000000000000D+01  0.10000000000000D+01  0.10000000000000D+01
            0.10000000000000D+01  0.10000000000000D+01  0.10000000000000D+01
            0.10000000000000D+01  0.10000000000000D+01  0.10000000000000D+01
            0.10000000000000D+01  0.10000000000000D+01  0.10000000000000D+01
            0.10000000000000D+01  0.10000000000000D+01  0.10000000000000D+01
            0.10000000000000D+01  0.10000000000000D+01  0.10000000000000D+01
            0.10000000000000D+01  0.10000000000000D+01  0.10000000000000D+01
            0.10000000000000D+01  0.10000000000000D+01  0.10000000000000D+01
            0.10000000000000D+01  0.10000000000000D+01  0.10000000000000D+01
            0.10000000000000D+01  0.10000000000000D+01  0.10000000000000D+01
            0.10000000000000D+01  0.10000000000000D+01  0.10000000000000D+01
            0.10000000000000D+01  0.10000000000000D+01  0.10000000000000D+01
            0.10000000000000D+01  0.10000000000000D+01  0.10000000000000D+01
            0.10000000000000D+01  0.10000000000000D+01  0.10000000000000D+01
            0.10000000000000D+01  0.10000000000000D+01  0.00000000000000D+00
            0.00000000000000D+00  0.00000000000000D+00  0.00000000000000D+00
            0.00000000000000D+00  0.00000000000000D+00  0.00000000000000D+00
            0.00000000000000D+00  0.00000000000000D+00  0.00000000000000D+00
            0.00000000000000D+00  0.00000000000000D+00  0.00000000000000D+00
            0.00000000000000D+00  0.00000000000000D+00  0.00000000000000D+00
            0.00000000000000D+00  0.00000000000000D+00  0.00000000000000D+00
            0.00000000000000D+00
     rprim  0.15040330225900D+02  0.00000000000000D+00  0.00000000000000D+00
            0.00000000000000D+00  0.15040330225900D+02  0.00000000000000D+00
            0.00000000000000D+00  0.00000000000000D+00  0.12033775961600D+02
  dfpt_sciss  0.00000000000000D+00
    spinat  0.00000000000000D+00  0.00000000000000D+00  0.00000000000000D+00
            0.00000000000000D+00  0.00000000000000D+00  0.00000000000000D+00
            0.00000000000000D+00  0.00000000000000D+00  0.00000000000000D+00
            0.00000000000000D+00  0.00000000000000D+00  0.00000000000000D+00
            0.00000000000000D+00  0.00000000000000D+00  0.00000000000000D+00
            0.00000000000000D+00  0.00000000000000D+00  0.00000000000000D+00
            0.00000000000000D+00  0.00000000000000D+00  0.00000000000000D+00
            0.00000000000000D+00  0.00000000000000D+00  0.00000000000000D+00
            0.00000000000000D+00  0.00000000000000D+00  0.00000000000000D+00
            0.00000000000000D+00  0.00000000000000D+00  0.00000000000000D+00
            0.00000000000000D+00  0.00000000000000D+00  0.00000000000000D+00
            0.00000000000000D+00  0.00000000000000D+00  0.00000000000000D+00
            0.00000000000000D+00  0.00000000000000D+00  0.00000000000000D+00
            0.00000000000000D+00  0.00000000000000D+00  0.00000000000000D+00
            0.00000000000000D+00  0.00000000000000D+00  0.00000000000000D+00
            0.00000000000000D+00  0.00000000000000D+00  0.00000000000000D+00
            0.00000000000000D+00  0.00000000000000D+00  0.00000000000000D+00
            0.00000000000000D+00  0.00000000000000D+00  0.00000000000000D+00
            0.00000000000000D+00  0.00000000000000D+00  0.00000000000000D+00
            0.00000000000000D+00  0.00000000000000D+00  0.00000000000000D+00
            0.00000000000000D+00  0.00000000000000D+00  0.00000000000000D+00
            0.00000000000000D+00  0.00000000000000D+00  0.00000000000000D+00
            0.00000000000000D+00  0.00000000000000D+00  0.00000000000000D+00
            0.00000000000000D+00  0.00000000000000D+00  0.00000000000000D+00
            0.00000000000000D+00  0.00000000000000D+00  0.00000000000000D+00
            0.00000000000000D+00  0.00000000000000D+00  0.00000000000000D+00
            0.00000000000000D+00  0.00000000000000D+00  0.00000000000000D+00
            0.00000000000000D+00  0.00000000000000D+00  0.00000000000000D+00
            0.00000000000000D+00  0.00000000000000D+00  0.00000000000000D+00
            0.00000000000000D+00  0.00000000000000D+00  0.00000000000000D+00
            0.00000000000000D+00  0.00000000000000D+00  0.00000000000000D+00
            0.00000000000000D+00  0.00000000000000D+00  0.00000000000000D+00
            0.00000000000000D+00  0.00000000000000D+00  0.00000000000000D+00
            0.00000000000000D+00  0.00000000000000D+00  0.00000000000000D+00
            0.00000000000000D+00  0.00000000000000D+00  0.00000000000000D+00
            0.00000000000000D+00  0.00000000000000D+00  0.00000000000000D+00
    symafm         1
    symrel         1    0    0    0    1    0    0    0    1
     tnons  0.00000000000000D+00  0.00000000000000D+00  0.00000000000000D+00
    tolwfr  0.10000000000000D+01
   tphysel  0.00000000000000D+00
    tsmear  0.10000000000000D-01
     typat         1    2    2    2    3    3    3    3    3    3    3    3
                   4    4    4    4    4    4    4    4    5    5    5    5
                   5    5    5    5    6    6    6    6    6    6    6    6
       wtk  0.10000000000000D+01
      xred  0.50000000000000D+00  0.00000000000000D+00  0.25000000000000D+00
            0.50000000000000D+00  0.00000000000000D+00  0.75000000000000D+00
            0.10000000000000D+01  0.50000000000000D+00  0.11890596229000D-03
            0.10000000000000D+01  0.50000000000000D+00  0.49988109400000D+00
            0.12744374710000D+00  0.82536213210000D+00  0.25000000000000D+00
            0.12704638640000D+00  0.82502282330000D+00  0.75000000000000D+00
            0.87255625290000D+00  0.17463786790000D+00  0.25000000000000D+00
            0.87295361360000D+00  0.17497717670000D+00  0.75000000000000D+00
            0.17499169840000D+00  0.12603323230000D+00  0.28739574230000D-03
            0.17499169840000D+00  0.12728967160000D+00  0.49971260430000D+00
            0.82500830160000D+00  0.87271032840000D+00  0.28739574230000D-03
            0.82500830160000D+00  0.87271032840000D+00  0.49971260430000D+00
            0.35173806670000D+00  0.68241995630000D+00  0.21289163617000D-03
            0.35173806670000D+00  0.68241995630000D+00  0.49978710840000D+00
            0.64826193330000D+00  0.31758004370000D+00  0.21289163617000D-03
            0.64826193330000D+00  0.31758004370000D+00  0.49978710840000D+00
            0.31780576680000D+00  0.35109081090000D+00  0.25000000000000D+00
            0.31777456060000D+00  0.35154217070000D+00  0.75000000000000D+00
            0.68219423320000D+00  0.64890918910000D+00  0.25000000000000D+00
            0.68222543940000D+00  0.64845782930000D+00  0.75000000000000D+00
            0.58430476540000D+00  0.73091011390000D+00  0.99992821440000D+00
            0.58430476540000D+00  0.73091011390000D+00  0.50007178560000D+00
            0.41569523460000D+00  0.26908988610000D+00  0.99992821440000D+00
            0.41569523460000D+00  0.26908988610000D+00  0.50007178560000D+00
            0.27019712620000D+00  0.58410218790000D+00  0.25000000000000D+00
            0.27041286440000D+00  0.58437089430000D+00  0.75000000000000D+00
            0.72980287380000D+00  0.41589781210000D+00  0.25000000000000D+00
            0.72958713560000D+00  0.41562910570000D+00  0.75000000000000D+00
            0.25250920030000D+00  0.88699605780000D+00  0.99991734080000D+00
            0.25250920030000D+00  0.88699605780000D+00  0.50008265920000D+00
            0.74749079970000D+00  0.11300394220000D+00  0.99991734080000D+00
            0.74749079970000D+00  0.11300394220000D+00  0.50008265920000D+00
            0.11279815010000D+00  0.25309031310000D+00  0.25000000000000D+00
            0.11273121590000D+00  0.25349138290000D+00  0.75000000000000D+00
            0.88720184990000D+00  0.74690968690000D+00  0.25000000000000D+00
            0.88726878410000D+00  0.74650861710000D+00  0.75000000000000D+00
     znucl  0.63000000000000D+02  0.38000000000000D+02  0.30000000000000D+01
            0.13000000000000D+02  0.70000000000000D+01  0.80000000000000D+01
      zion  0.17000000000000D+02  0.10000000000000D+02  0.30000000000000D+01
            0.30000000000000D+01  0.50000000000000D+01  0.60000000000000D+01
 
 No information on the potentials yet 
 
 **** Database of total energy derivatives ****
 Number of data blocks=    2
  
 1st derivatives              - # elements :         114
     1     1 -0.13041372954437D-02  0.00000000000000D+00
     2     1 -0.88207217245623D-03  0.00000000000000D+00
     3     1 -0.53233764848527D-03  0.00000000000000D+00
     1     2 -0.12011190714798D-02  0.00000000000000D+00
     2     2 -0.78550000260872D-03  0.00000000000000D+00
     3     2  0.50230641652301D-03  0.00000000000000D+00
     1     3 -0.88650821518757D-03  0.00000000000000D+00
     2     3  0.25665932146333D-02  0.00000000000000D+00
     3     3  0.41264117616803D-03  0.00000000000000D+00
     1     4 -0.22058063549425D-03  0.00000000000000D+00
     2     4  0.11033857004467D-02  0.00000000000000D+00
     3     4 -0.41159685060765D-03  0.00000000000000D+00
     1     5  0.35533628143922D-02  0.00000000000000D+00
     2     5  0.48187215272630D-02  0.00000000000000D+00
     3     5 -0.88896762268758D-03  0.00000000000000D+00
     1     6  0.25017000049629D-02  0.00000000000000D+00
     2     6  0.48964256888728D-02  0.00000000000000D+00
     3     6  0.88434238040135D-03  0.00000000000000D+00
     1     7 -0.35856490395381D-02  0.00000000000000D+00
     2     7 -0.41646203675335D-02  0.00000000000000D+00
     3     7  0.56085318411797D-06  0.00000000000000D+00
     1     8 -0.25184617197370D-02  0.00000000000000D+00
     2     8 -0.42404212610322D-02  0.00000000000000D+00
     3     8  0.24700380431699D-06  0.00000000000000D+00
     1     9 -0.28605272605308D-02  0.00000000000000D+00
     2     9 -0.80195653175873D-02  0.00000000000000D+00
     3     9  0.69685502330028D-03  0.00000000000000D+00
     1    10 -0.21015431342670D-02  0.00000000000000D+00
     2    10  0.30145763078843D-02  0.00000000000000D+00
     3    10 -0.81774348404570D-03  0.00000000000000D+00
     1    11  0.27985723310411D-02  0.00000000000000D+00
     2    11 -0.35979054636697D-02  0.00000000000000D+00
     3    11  0.82133341296484D-03  0.00000000000000D+00
     1    12  0.22944171568131D-02  0.00000000000000D+00
     2    12 -0.37903547661071D-02  0.00000000000000D+00
     3    12 -0.82274841748927D-03  0.00000000000000D+00
     1    13 -0.85427443161034D-02  0.00000000000000D+00
     2    13 -0.54533614338102D-02  0.00000000000000D+00
     3    13  0.12553810740609D-02  0.00000000000000D+00
     1    14 -0.79367598658480D-02  0.00000000000000D+00
     2    14 -0.72278909283786D-02  0.00000000000000D+00
     3    14 -0.12605114745814D-02  0.00000000000000D+00
     1    15  0.81785753454279D-02  0.00000000000000D+00
     2    15  0.77663854081304D-02  0.00000000000000D+00
     3    15  0.12770045446524D-02  0.00000000000000D+00
     1    16  0.78435011941129D-02  0.00000000000000D+00
     2    16  0.75229330443883D-02  0.00000000000000D+00
     3    16 -0.12770777790711D-02  0.00000000000000D+00
     1    17  0.75856258714690D-02  0.00000000000000D+00
     2    17 -0.89858757949567D-02  0.00000000000000D+00
     3    17  0.21631903536911D-02  0.00000000000000D+00
     1    18  0.81996764137398D-02  0.00000000000000D+00
     2    18 -0.75770961318063D-02  0.00000000000000D+00
     3    18 -0.21413406937682D-02  0.00000000000000D+00
     1    19 -0.55361293746047D-02  0.00000000000000D+00
     2    19  0.12006584084974D-01  0.00000000000000D+00
     3    19 -0.13019424792788D-03  0.00000000000000D+00
     1    20 -0.61899003180290D-02  0.00000000000000D+00
     2    20  0.10597840100351D-01  0.00000000000000D+00
     3    20  0.13058540440240D-03  0.00000000000000D+00
     1    21  0.69856282650631D-02  0.00000000000000D+00
     2    21  0.33183366074978D-02  0.00000000000000D+00
     3    21 -0.22677841295224D-02  0.00000000000000D+00
     1    22  0.64168915282285D-02  0.00000000000000D+00
     2    22  0.36788836653591D-02  0.00000000000000D+00
     3    22  0.22708177134257D-02  0.00000000000000D+00
     1    23 -0.77601805925433D-02  0.00000000000000D+00
     2    23 -0.29356302416018D-02  0.00000000000000D+00
     3    23 -0.22900095439915D-02  0.00000000000000D+00
     1    24 -0.68357448984976D-02  0.00000000000000D+00
     2    24 -0.38703781639141D-02  0.00000000000000D+00
     3    24  0.22912994536820D-02  0.00000000000000D+00
     1    25 -0.28758964203411D-02  0.00000000000000D+00
     2    25  0.86130961477517D-02  0.00000000000000D+00
     3    25  0.18358506950020D-03  0.00000000000000D+00
     1    26 -0.50403633626201D-02  0.00000000000000D+00
     2    26  0.36356789100150D-02  0.00000000000000D+00
     3    26 -0.18281664057980D-03  0.00000000000000D+00
     1    27  0.28898308887098D-02  0.00000000000000D+00
     2    27 -0.10220216356755D-01  0.00000000000000D+00
     3    27 -0.71046948914395D-04  0.00000000000000D+00
     1    28  0.50481027611814D-02  0.00000000000000D+00
     2    28 -0.52397198981001D-02  0.00000000000000D+00
     3    28  0.71024204468008D-04  0.00000000000000D+00
     1    29 -0.35897277063641D-02  0.00000000000000D+00
     2    29 -0.25029735745474D-01  0.00000000000000D+00
     3    29 -0.20255005262386D-03  0.00000000000000D+00
     1    30 -0.47557217222287D-02  0.00000000000000D+00
     2    30 -0.24936264805617D-01  0.00000000000000D+00
     3    30  0.23711542147461D-03  0.00000000000000D+00
     1    31  0.46511255638499D-02  0.00000000000000D+00
     2    31  0.25602376363447D-01  0.00000000000000D+00
     3    31 -0.26963727185799D-03  0.00000000000000D+00
     1    32  0.52876416909697D-02  0.00000000000000D+00
     2    32  0.25230632279914D-01  0.00000000000000D+00
     3    32  0.28386964546114D-03  0.00000000000000D+00
     1    33  0.22007324176805D-01  0.00000000000000D+00
     2    33 -0.90711266204785D-02  0.00000000000000D+00
     3    33  0.15431097084612D-03  0.00000000000000D+00
     1    34  0.20477464163112D-01  0.00000000000000D+00
     2    34 -0.67934216172407D-02  0.00000000000000D+00
     3    34 -0.71240535921294D-04  0.00000000000000D+00
     1    35 -0.22251177113755D-01  0.00000000000000D+00
     2    35  0.10294784955887D-01  0.00000000000000D+00
     3    35  0.16619080737137D-03  0.00000000000000D+00
     1    36 -0.20693789362992D-01  0.00000000000000D+00
     2    36  0.79493219097882D-02  0.00000000000000D+00
     3    36 -0.16522810289251D-03  0.00000000000000D+00
     1    39  0.26500856048796D-02  0.00000000000000D+00
     2    39  0.26531027472538D-02  0.00000000000000D+00
     3    39  0.24359224202347D-02  0.00000000000000D+00
     1    40  0.48177374890526D-08  0.00000000000000D+00
     2    40 -0.12639779055649D-08  0.00000000000000D+00
     3    40 -0.16154946566721D-05  0.00000000000000D+00
  
 Total energy                 - # elements :           1
 -0.47548226098044D+03  0.00000000000000D+00
