 Fermi (or HOMO) energy (hartree) =   0.22130   Average Vxc (hartree)=  -0.38908
 Eigenvalues (hartree) for nkpt=   1  k points, SPIN UP:
 kpt#   1, nband=115, wtk=  1.00000, kpt=  0.0000  0.0000  0.0000 (reduced coord)
  -1.39336   -1.39290   -1.39280   -1.39277   -1.39275   -1.39258   -1.39254   -1.39249
  -1.22962   -1.05219   -1.04845   -1.04589   -0.48990   -0.48794   -0.47394   -0.46684
  -0.46678   -0.45934   -0.45595   -0.45245   -0.45168   -0.43751   -0.43738   -0.41214
  -0.40834   -0.40155   -0.39271   -0.38865   -0.38540   -0.38133   -0.37657   -0.36992
  -0.35306   -0.31252   -0.30954   -0.30870   -0.30812   -0.30743   -0.30472   -0.30377
  -0.02493   -0.01652   -0.01561   -0.01152   -0.01141    0.01843    0.01888    0.02669
   0.02728    0.02781    0.03935    0.04576    0.04664    0.05408    0.06649    0.06822
   0.06823    0.07124    0.07166    0.07798    0.07860    0.08936    0.08980    0.09504
   0.09947    0.10133    0.10433    0.10491    0.11554    0.11579    0.11730    0.12027
   0.12223    0.12268    0.12367    0.12581    0.13397    0.13404    0.13637    0.13877
   0.13894    0.13928    0.13941    0.13946    0.15276    0.16093    0.16242    0.16593
   0.21500    0.21509    0.21582    0.21619    0.21627    0.21705    0.22130    0.27970
   0.29054    0.29670    0.31765    0.32871    0.33820    0.37144    0.38106    0.38248
   0.38894    0.38906    0.39265    0.39911    0.40003    0.40281    0.40944    0.41092
   0.41918    0.42122    0.42175
 Eigenvalues (hartree) for nkpt=   1  k points, SPIN DOWN:
 kpt#   1, nband=115, wtk=  1.00000, kpt=  0.0000  0.0000  0.0000 (reduced coord)
  -1.39336   -1.39290   -1.39281   -1.39276   -1.39273   -1.39259   -1.39253   -1.39249
  -1.12244   -1.05217   -1.04827   -1.04587   -0.47274   -0.47213   -0.46733   -0.46678
  -0.45941   -0.45603   -0.45275   -0.45189   -0.41244   -0.41063   -0.40833   -0.40644
  -0.39268   -0.38862   -0.38725   -0.38448   -0.37640   -0.36991   -0.36880   -0.36072
  -0.35311   -0.30957   -0.30872   -0.30833   -0.30748   -0.30677   -0.30381   -0.30327
  -0.02463   -0.01580   -0.01543   -0.01133   -0.01019    0.01883    0.01932    0.02737
   0.02780    0.02801    0.03956    0.04636    0.04762    0.05518    0.06731    0.06847
   0.06866    0.07206    0.07264    0.07820    0.07913    0.08997    0.09065    0.09562
   0.10151    0.10166    0.10448    0.10498    0.11582    0.11589    0.11730    0.12106
   0.12366    0.12411    0.12473    0.12588    0.13392    0.13457    0.13898    0.13916
   0.13922    0.13948    0.13957    0.14022    0.15382    0.16263    0.16334    0.16647
   0.28876    0.29181    0.30039    0.32297    0.33668    0.33734    0.37683    0.38582
   0.38821    0.38839    0.39220    0.39420    0.39827    0.40064    0.41059    0.41098
   0.41570    0.42104    0.42206    0.42507    0.42780    0.42940    0.43117    0.45257
   0.45342    0.46481    0.47592
