
 **** DERIVATIVE DATABASE ****    
+DDB, Version number  20230401

  Note : temporary (transfer) database

    usepaw         1
     natom        36
      nkpt         1
    nsppol         2
      nsym         1
    ntypat         6
    occopt         2
     nband       115
     acell  0.10000000000000D+01  0.10000000000000D+01  0.10000000000000D+01
       amu  0.15196500000000D+03  0.87620000000000D+02  0.69410000000000D+01
            0.26981539000000D+02  0.14006740000000D+02  0.15999400000000D+02
   dilatmx  0.10000000000000D+01
      ecut  0.10000000000000D+02
 pawecutdg  0.20000000000000D+02
    ecutsm  0.00000000000000D+00
     intxc         0
      iscf        17
       ixc     -1012
       kpt  0.00000000000000D+00  0.00000000000000D+00  0.00000000000000D+00
    kptnrm  0.10000000000000D+01
     ngfft        45   45   36
    nspden         2
   nspinor         1
       occ  0.10000000000000D+01  0.10000000000000D+01  0.10000000000000D+01
            0.10000000000000D+01  0.10000000000000D+01  0.10000000000000D+01
            0.10000000000000D+01  0.10000000000000D+01  0.10000000000000D+01
            0.10000000000000D+01  0.10000000000000D+01  0.10000000000000D+01
            0.10000000000000D+01  0.10000000000000D+01  0.10000000000000D+01
            0.10000000000000D+01  0.10000000000000D+01  0.10000000000000D+01
            0.10000000000000D+01  0.10000000000000D+01  0.10000000000000D+01
            0.10000000000000D+01  0.10000000000000D+01  0.10000000000000D+01
            0.10000000000000D+01  0.10000000000000D+01  0.10000000000000D+01
            0.10000000000000D+01  0.10000000000000D+01  0.10000000000000D+01
            0.10000000000000D+01  0.10000000000000D+01  0.10000000000000D+01
            0.10000000000000D+01  0.10000000000000D+01  0.10000000000000D+01
            0.10000000000000D+01  0.10000000000000D+01  0.10000000000000D+01
            0.10000000000000D+01  0.10000000000000D+01  0.10000000000000D+01
            0.10000000000000D+01  0.10000000000000D+01  0.10000000000000D+01
            0.10000000000000D+01  0.10000000000000D+01  0.10000000000000D+01
            0.10000000000000D+01  0.10000000000000D+01  0.10000000000000D+01
            0.10000000000000D+01  0.10000000000000D+01  0.10000000000000D+01
            0.10000000000000D+01  0.10000000000000D+01  0.10000000000000D+01
            0.10000000000000D+01  0.10000000000000D+01  0.10000000000000D+01
            0.10000000000000D+01  0.10000000000000D+01  0.10000000000000D+01
            0.10000000000000D+01  0.10000000000000D+01  0.10000000000000D+01
            0.10000000000000D+01  0.10000000000000D+01  0.10000000000000D+01
            0.10000000000000D+01  0.10000000000000D+01  0.10000000000000D+01
            0.10000000000000D+01  0.10000000000000D+01  0.10000000000000D+01
            0.10000000000000D+01  0.10000000000000D+01  0.10000000000000D+01
            0.10000000000000D+01  0.10000000000000D+01  0.10000000000000D+01
            0.10000000000000D+01  0.10000000000000D+01  0.10000000000000D+01
            0.10000000000000D+01  0.10000000000000D+01  0.10000000000000D+01
            0.10000000000000D+01  0.10000000000000D+01  0.10000000000000D+01
            0.10000000000000D+01  0.10000000000000D+01  0.10000000000000D+01
            0.10000000000000D+01  0.10000000000000D+01  0.00000000000000D+00
            0.00000000000000D+00  0.00000000000000D+00  0.00000000000000D+00
            0.00000000000000D+00  0.00000000000000D+00  0.00000000000000D+00
            0.00000000000000D+00  0.00000000000000D+00  0.00000000000000D+00
            0.00000000000000D+00  0.00000000000000D+00  0.00000000000000D+00
            0.00000000000000D+00  0.00000000000000D+00  0.00000000000000D+00
            0.00000000000000D+00  0.00000000000000D+00  0.00000000000000D+00
            0.00000000000000D+00
     rprim  0.15040330225900D+02  0.00000000000000D+00  0.00000000000000D+00
            0.00000000000000D+00  0.15040330225900D+02  0.00000000000000D+00
            0.00000000000000D+00  0.00000000000000D+00  0.12033775961600D+02
  dfpt_sciss  0.00000000000000D+00
    spinat  0.00000000000000D+00  0.00000000000000D+00  0.00000000000000D+00
            0.00000000000000D+00  0.00000000000000D+00  0.00000000000000D+00
            0.00000000000000D+00  0.00000000000000D+00  0.00000000000000D+00
            0.00000000000000D+00  0.00000000000000D+00  0.00000000000000D+00
            0.00000000000000D+00  0.00000000000000D+00  0.00000000000000D+00
            0.00000000000000D+00  0.00000000000000D+00  0.00000000000000D+00
            0.00000000000000D+00  0.00000000000000D+00  0.00000000000000D+00
            0.00000000000000D+00  0.00000000000000D+00  0.00000000000000D+00
            0.00000000000000D+00  0.00000000000000D+00  0.00000000000000D+00
            0.00000000000000D+00  0.00000000000000D+00  0.00000000000000D+00
            0.00000000000000D+00  0.00000000000000D+00  0.00000000000000D+00
            0.00000000000000D+00  0.00000000000000D+00  0.00000000000000D+00
            0.00000000000000D+00  0.00000000000000D+00  0.00000000000000D+00
            0.00000000000000D+00  0.00000000000000D+00  0.00000000000000D+00
            0.00000000000000D+00  0.00000000000000D+00  0.00000000000000D+00
            0.00000000000000D+00  0.00000000000000D+00  0.00000000000000D+00
            0.00000000000000D+00  0.00000000000000D+00  0.00000000000000D+00
            0.00000000000000D+00  0.00000000000000D+00  0.00000000000000D+00
            0.00000000000000D+00  0.00000000000000D+00  0.00000000000000D+00
            0.00000000000000D+00  0.00000000000000D+00  0.00000000000000D+00
            0.00000000000000D+00  0.00000000000000D+00  0.00000000000000D+00
            0.00000000000000D+00  0.00000000000000D+00  0.00000000000000D+00
            0.00000000000000D+00  0.00000000000000D+00  0.00000000000000D+00
            0.00000000000000D+00  0.00000000000000D+00  0.00000000000000D+00
            0.00000000000000D+00  0.00000000000000D+00  0.00000000000000D+00
            0.00000000000000D+00  0.00000000000000D+00  0.00000000000000D+00
            0.00000000000000D+00  0.00000000000000D+00  0.00000000000000D+00
            0.00000000000000D+00  0.00000000000000D+00  0.00000000000000D+00
            0.00000000000000D+00  0.00000000000000D+00  0.00000000000000D+00
            0.00000000000000D+00  0.00000000000000D+00  0.00000000000000D+00
            0.00000000000000D+00  0.00000000000000D+00  0.00000000000000D+00
            0.00000000000000D+00  0.00000000000000D+00  0.00000000000000D+00
            0.00000000000000D+00  0.00000000000000D+00  0.00000000000000D+00
            0.00000000000000D+00  0.00000000000000D+00  0.00000000000000D+00
            0.00000000000000D+00  0.00000000000000D+00  0.00000000000000D+00
            0.00000000000000D+00  0.00000000000000D+00  0.00000000000000D+00
    symafm         1
    symrel         1    0    0    0    1    0    0    0    1
     tnons  0.00000000000000D+00  0.00000000000000D+00  0.00000000000000D+00
    tolwfr  0.10000000000000D+01
   tphysel  0.00000000000000D+00
    tsmear  0.10000000000000D-01
     typat         1    2    2    2    3    3    3    3    3    3    3    3
                   4    4    4    4    4    4    4    4    5    5    5    5
                   5    5    5    5    6    6    6    6    6    6    6    6
       wtk  0.10000000000000D+01
      xred  0.50000000000000D+00  0.00000000000000D+00  0.25000000000000D+00
            0.50000000000000D+00  0.00000000000000D+00  0.75000000000000D+00
            0.10000000000000D+01  0.50125643930000D+00  0.11890596229000D-03
            0.10000000000000D+01  0.50000000000000D+00  0.49988109400000D+00
            0.12744374710000D+00  0.82536213210000D+00  0.25000000000000D+00
            0.12704638640000D+00  0.82502282330000D+00  0.75000000000000D+00
            0.87255625290000D+00  0.17463786790000D+00  0.25000000000000D+00
            0.87295361360000D+00  0.17497717670000D+00  0.75000000000000D+00
            0.17499169840000D+00  0.12728967160000D+00  0.28739574230000D-03
            0.17499169840000D+00  0.12728967160000D+00  0.49971260430000D+00
            0.82500830160000D+00  0.87271032840000D+00  0.28739574230000D-03
            0.82500830160000D+00  0.87271032840000D+00  0.49971260430000D+00
            0.35173806670000D+00  0.68241995630000D+00  0.21289163617000D-03
            0.35173806670000D+00  0.68241995630000D+00  0.49978710840000D+00
            0.64826193330000D+00  0.31758004370000D+00  0.21289163617000D-03
            0.64826193330000D+00  0.31758004370000D+00  0.49978710840000D+00
            0.31780576680000D+00  0.35109081090000D+00  0.25000000000000D+00
            0.31777456060000D+00  0.35154217070000D+00  0.75000000000000D+00
            0.68219423320000D+00  0.64890918910000D+00  0.25000000000000D+00
            0.68222543940000D+00  0.64845782930000D+00  0.75000000000000D+00
            0.58430476540000D+00  0.73091011390000D+00  0.99992821440000D+00
            0.58430476540000D+00  0.73091011390000D+00  0.50007178560000D+00
            0.41569523460000D+00  0.26908988610000D+00  0.99992821440000D+00
            0.41569523460000D+00  0.26908988610000D+00  0.50007178560000D+00
            0.27019712620000D+00  0.58410218790000D+00  0.25000000000000D+00
            0.27041286440000D+00  0.58437089430000D+00  0.75000000000000D+00
            0.72980287380000D+00  0.41589781210000D+00  0.25000000000000D+00
            0.72958713560000D+00  0.41562910570000D+00  0.75000000000000D+00
            0.25250920030000D+00  0.88699605780000D+00  0.99991734080000D+00
            0.25250920030000D+00  0.88699605780000D+00  0.50008265920000D+00
            0.74749079970000D+00  0.11300394220000D+00  0.99991734080000D+00
            0.74749079970000D+00  0.11300394220000D+00  0.50008265920000D+00
            0.11279815010000D+00  0.25309031310000D+00  0.25000000000000D+00
            0.11273121590000D+00  0.25349138290000D+00  0.75000000000000D+00
            0.88720184990000D+00  0.74690968690000D+00  0.25000000000000D+00
            0.88726878410000D+00  0.74650861710000D+00  0.75000000000000D+00
     znucl  0.63000000000000D+02  0.38000000000000D+02  0.30000000000000D+01
            0.13000000000000D+02  0.70000000000000D+01  0.80000000000000D+01
      zion  0.17000000000000D+02  0.10000000000000D+02  0.30000000000000D+01
            0.30000000000000D+01  0.50000000000000D+01  0.60000000000000D+01
 
 No information on the potentials yet 
 
 **** Database of total energy derivatives ****
 Number of data blocks=    2
  
 1st derivatives              - # elements :         114
     1     1 -0.73731384210181D-04  0.00000000000000D+00
     2     1 -0.14139894397094D-02  0.00000000000000D+00
     3     1 -0.19874254795978D-05  0.00000000000000D+00
     1     2  0.15433959377834D-04  0.00000000000000D+00
     2     2 -0.13022678951113D-02  0.00000000000000D+00
     3     2  0.25881657863565D-05  0.00000000000000D+00
     1     3  0.12417075988528D-02  0.00000000000000D+00
     2     3  0.14277156883154D-01  0.00000000000000D+00
     3     3  0.37094714697967D-03  0.00000000000000D+00
     1     4 -0.47260737471899D-03  0.00000000000000D+00
     2     4  0.36598288861963D-02  0.00000000000000D+00
     3     4 -0.41671677366815D-03  0.00000000000000D+00
     1     5  0.20094320495004D-02  0.00000000000000D+00
     2     5  0.19368030363545D-02  0.00000000000000D+00
     3     5 -0.11134059938342D-02  0.00000000000000D+00
     1     6  0.94698253546556D-03  0.00000000000000D+00
     2     6  0.20133119591742D-02  0.00000000000000D+00
     3     6  0.11196827859442D-02  0.00000000000000D+00
     1     7 -0.44954657647812D-02  0.00000000000000D+00
     2     7 -0.55335683536034D-02  0.00000000000000D+00
     3     7  0.10933139341954D-02  0.00000000000000D+00
     1     8 -0.34351286517589D-02  0.00000000000000D+00
     2     8 -0.56219814948197D-02  0.00000000000000D+00
     3     8 -0.11002547114139D-02  0.00000000000000D+00
     1     9 -0.90063898755322D-03  0.00000000000000D+00
     2     9  0.10946973208235D-02  0.00000000000000D+00
     3     9  0.82598773391970D-03  0.00000000000000D+00
     1    10 -0.18085415167042D-02  0.00000000000000D+00
     2    10  0.25590626693245D-02  0.00000000000000D+00
     3    10 -0.82542642015092D-03  0.00000000000000D+00
     1    11  0.35969927777791D-02  0.00000000000000D+00
     2    11 -0.62462382150287D-02  0.00000000000000D+00
     3    11  0.81336461251568D-03  0.00000000000000D+00
     1    12  0.26718430735083D-02  0.00000000000000D+00
     2    12 -0.47630274323421D-02  0.00000000000000D+00
     3    12 -0.81413706714503D-03  0.00000000000000D+00
     1    13 -0.10972612358867D-01  0.00000000000000D+00
     2    13 -0.78447124696759D-02  0.00000000000000D+00
     3    13  0.12560058520814D-02  0.00000000000000D+00
     1    14 -0.79209864094573D-02  0.00000000000000D+00
     2    14 -0.79392296852683D-02  0.00000000000000D+00
     3    14 -0.12585285224830D-02  0.00000000000000D+00
     1    15  0.45556877607164D-02  0.00000000000000D+00
     2    15  0.73458890801634D-02  0.00000000000000D+00
     3    15  0.12831177300349D-02  0.00000000000000D+00
     1    16  0.75905562188926D-02  0.00000000000000D+00
     2    16  0.72740405759368D-02  0.00000000000000D+00
     3    16 -0.12806208029235D-02  0.00000000000000D+00
     1    17  0.87619747158856D-02  0.00000000000000D+00
     2    17 -0.96992496090487D-02  0.00000000000000D+00
     3    17  0.10789822959524D-02  0.00000000000000D+00
     1    18  0.94024106306060D-02  0.00000000000000D+00
     2    18 -0.82403513566863D-02  0.00000000000000D+00
     3    18 -0.10800784260713D-02  0.00000000000000D+00
     1    19 -0.24197835442626D-02  0.00000000000000D+00
     2    19  0.13495654666974D-01  0.00000000000000D+00
     3    19 -0.10814963109895D-02  0.00000000000000D+00
     1    20 -0.30738687326931D-02  0.00000000000000D+00
     2    20  0.12127176339236D-01  0.00000000000000D+00
     3    20  0.10826285745333D-02  0.00000000000000D+00
     1    21  0.53005930182706D-02  0.00000000000000D+00
     2    21  0.37339370764263D-02  0.00000000000000D+00
     3    21 -0.22507348930487D-02  0.00000000000000D+00
     1    22  0.55808696444127D-02  0.00000000000000D+00
     2    22  0.36688713974933D-02  0.00000000000000D+00
     3    22  0.22529178091126D-02  0.00000000000000D+00
     1    23 -0.74986443113864D-02  0.00000000000000D+00
     2    23 -0.39585426539784D-02  0.00000000000000D+00
     3    23 -0.23029509986232D-02  0.00000000000000D+00
     1    24 -0.72223538481398D-02  0.00000000000000D+00
     2    24 -0.40233471241769D-02  0.00000000000000D+00
     3    24  0.23009464465819D-02  0.00000000000000D+00
     1    25 -0.26175016126587D-02  0.00000000000000D+00
     2    25  0.75783454798825D-02  0.00000000000000D+00
     3    25  0.96740010261889D-04  0.00000000000000D+00
     1    26 -0.47711615249535D-02  0.00000000000000D+00
     2    26  0.25998379457437D-02  0.00000000000000D+00
     3    26 -0.98801074025397D-04  0.00000000000000D+00
     1    27  0.32040918908645D-02  0.00000000000000D+00
     2    27 -0.12050312292304D-01  0.00000000000000D+00
     3    27 -0.10111521827272D-03  0.00000000000000D+00
     1    28  0.53778224449340D-02  0.00000000000000D+00
     2    28 -0.70647133811116D-02  0.00000000000000D+00
     3    28  0.10314576877032D-03  0.00000000000000D+00
     1    29 -0.35900322272897D-02  0.00000000000000D+00
     2    29 -0.22868362443465D-01  0.00000000000000D+00
     3    29 -0.24047005223483D-03  0.00000000000000D+00
     1    30 -0.46306839054670D-02  0.00000000000000D+00
     2    30 -0.24046787187973D-01  0.00000000000000D+00
     3    30  0.24146853510945D-03  0.00000000000000D+00
     1    31  0.63260478903138D-02  0.00000000000000D+00
     2    31  0.26877321510691D-01  0.00000000000000D+00
     3    31 -0.26767635750088D-03  0.00000000000000D+00
     1    32  0.53030214584870D-02  0.00000000000000D+00
     2    32  0.25712482424008D-01  0.00000000000000D+00
     3    32  0.26702662694497D-03  0.00000000000000D+00
     1    33  0.20448312962444D-01  0.00000000000000D+00
     2    33 -0.11457025580274D-01  0.00000000000000D+00
     3    33 -0.60068885268243D-03  0.00000000000000D+00
     1    34  0.18911823008722D-01  0.00000000000000D+00
     2    34 -0.91457802773856D-02  0.00000000000000D+00
     3    34  0.59241175202168D-03  0.00000000000000D+00
     1    35 -0.23473353366447D-01  0.00000000000000D+00
     2    35  0.10025247912325D-01  0.00000000000000D+00
     3    35  0.56732162015632D-03  0.00000000000000D+00
     1    36 -0.21895054122406D-01  0.00000000000000D+00
     2    36  0.76384470789049D-02  0.00000000000000D+00
     3    36 -0.55922632442853D-03  0.00000000000000D+00
     1    39  0.26502050764434D-02  0.00000000000000D+00
     2    39  0.26525930769287D-02  0.00000000000000D+00
     3    39  0.24356359807967D-02  0.00000000000000D+00
     1    40  0.22511990148418D-08  0.00000000000000D+00
     2    40 -0.14004892561709D-08  0.00000000000000D+00
     3    40 -0.16459677673915D-05  0.00000000000000D+00
  
 Total energy                 - # elements :           1
 -0.47548225460358D+03  0.00000000000000D+00
