 Fermi (or HOMO) energy (hartree) =   0.22133   Average Vxc (hartree)=  -0.38907
 Eigenvalues (hartree) for nkpt=   1  k points, SPIN UP:
 kpt#   1, nband=115, wtk=  1.00000, kpt=  0.0000  0.0000  0.0000 (reduced coord)
  -1.39336   -1.39295   -1.39291   -1.39286   -1.39253   -1.39247   -1.39242   -1.39237
  -1.22959   -1.05224   -1.04841   -1.04595   -0.48984   -0.48786   -0.47401   -0.46693
  -0.46682   -0.45932   -0.45595   -0.45234   -0.45179   -0.43741   -0.43732   -0.41218
  -0.40841   -0.40153   -0.39276   -0.38871   -0.38536   -0.38128   -0.37664   -0.36997
  -0.35309   -0.31256   -0.30956   -0.30873   -0.30817   -0.30745   -0.30476   -0.30378
  -0.02495   -0.01657   -0.01561   -0.01157   -0.01141    0.01846    0.01882    0.02673
   0.02722    0.02780    0.03935    0.04577    0.04663    0.05408    0.06649    0.06819
   0.06828    0.07124    0.07165    0.07804    0.07855    0.08937    0.08978    0.09500
   0.09956    0.10125    0.10436    0.10479    0.11555    0.11571    0.11733    0.12023
   0.12223    0.12274    0.12363    0.12578    0.13397    0.13398    0.13633    0.13874
   0.13886    0.13930    0.13940    0.13945    0.15273    0.16093    0.16238    0.16591
   0.21503    0.21512    0.21585    0.21622    0.21630    0.21708    0.22133    0.27972
   0.29058    0.29669    0.31767    0.32876    0.33816    0.37146    0.38108    0.38246
   0.38892    0.38906    0.39261    0.39910    0.40000    0.40281    0.40945    0.41091
   0.41935    0.42169    0.42474
 Eigenvalues (hartree) for nkpt=   1  k points, SPIN DOWN:
 kpt#   1, nband=115, wtk=  1.00000, kpt=  0.0000  0.0000  0.0000 (reduced coord)
  -1.39335   -1.39294   -1.39291   -1.39286   -1.39251   -1.39246   -1.39244   -1.39237
  -1.12241   -1.05222   -1.04823   -1.04593   -0.47264   -0.47224   -0.46724   -0.46690
  -0.45939   -0.45604   -0.45264   -0.45200   -0.41248   -0.41062   -0.40840   -0.40639
  -0.39273   -0.38868   -0.38723   -0.38444   -0.37647   -0.36996   -0.36875   -0.36069
  -0.35314   -0.30959   -0.30875   -0.30838   -0.30749   -0.30681   -0.30382   -0.30331
  -0.02465   -0.01585   -0.01543   -0.01133   -0.01024    0.01888    0.01925    0.02741
   0.02775    0.02800    0.03956    0.04637    0.04761    0.05517    0.06732    0.06844
   0.06873    0.07205    0.07263    0.07827    0.07908    0.08998    0.09063    0.09558
   0.10144    0.10175    0.10452    0.10486    0.11581    0.11584    0.11733    0.12102
   0.12366    0.12407    0.12479    0.12586    0.13385    0.13457    0.13884    0.13914
   0.13927    0.13947    0.13956    0.14020    0.15379    0.16259    0.16334    0.16645
   0.28875    0.29185    0.30039    0.32300    0.33673    0.33730    0.37683    0.38581
   0.38819    0.38839    0.39217    0.39420    0.39825    0.40061    0.41059    0.41097
   0.41568    0.42119    0.42214    0.42511    0.42778    0.42940    0.43115    0.45256
   0.45348    0.46476    0.46513
