
 **** DERIVATIVE DATABASE ****    
+DDB, Version number  20230401

  Note : temporary (transfer) database

    usepaw         1
     natom        36
      nkpt         1
    nsppol         2
      nsym         1
    ntypat         6
    occopt         2
     nband       115
     acell  0.10000000000000D+01  0.10000000000000D+01  0.10000000000000D+01
       amu  0.15196500000000D+03  0.87620000000000D+02  0.69410000000000D+01
            0.26981539000000D+02  0.14006740000000D+02  0.15999400000000D+02
   dilatmx  0.10000000000000D+01
      ecut  0.10000000000000D+02
 pawecutdg  0.20000000000000D+02
    ecutsm  0.00000000000000D+00
     intxc         0
      iscf        17
       ixc     -1012
       kpt  0.00000000000000D+00  0.00000000000000D+00  0.00000000000000D+00
    kptnrm  0.10000000000000D+01
     ngfft        45   45   36
    nspden         2
   nspinor         1
       occ  0.10000000000000D+01  0.10000000000000D+01  0.10000000000000D+01
            0.10000000000000D+01  0.10000000000000D+01  0.10000000000000D+01
            0.10000000000000D+01  0.10000000000000D+01  0.10000000000000D+01
            0.10000000000000D+01  0.10000000000000D+01  0.10000000000000D+01
            0.10000000000000D+01  0.10000000000000D+01  0.10000000000000D+01
            0.10000000000000D+01  0.10000000000000D+01  0.10000000000000D+01
            0.10000000000000D+01  0.10000000000000D+01  0.10000000000000D+01
            0.10000000000000D+01  0.10000000000000D+01  0.10000000000000D+01
            0.10000000000000D+01  0.10000000000000D+01  0.10000000000000D+01
            0.10000000000000D+01  0.10000000000000D+01  0.10000000000000D+01
            0.10000000000000D+01  0.10000000000000D+01  0.10000000000000D+01
            0.10000000000000D+01  0.10000000000000D+01  0.10000000000000D+01
            0.10000000000000D+01  0.10000000000000D+01  0.10000000000000D+01
            0.10000000000000D+01  0.10000000000000D+01  0.10000000000000D+01
            0.10000000000000D+01  0.10000000000000D+01  0.10000000000000D+01
            0.10000000000000D+01  0.10000000000000D+01  0.10000000000000D+01
            0.10000000000000D+01  0.10000000000000D+01  0.10000000000000D+01
            0.10000000000000D+01  0.10000000000000D+01  0.10000000000000D+01
            0.10000000000000D+01  0.10000000000000D+01  0.10000000000000D+01
            0.10000000000000D+01  0.10000000000000D+01  0.10000000000000D+01
            0.10000000000000D+01  0.10000000000000D+01  0.10000000000000D+01
            0.10000000000000D+01  0.10000000000000D+01  0.10000000000000D+01
            0.10000000000000D+01  0.10000000000000D+01  0.10000000000000D+01
            0.10000000000000D+01  0.10000000000000D+01  0.10000000000000D+01
            0.10000000000000D+01  0.10000000000000D+01  0.10000000000000D+01
            0.10000000000000D+01  0.10000000000000D+01  0.10000000000000D+01
            0.10000000000000D+01  0.10000000000000D+01  0.10000000000000D+01
            0.10000000000000D+01  0.10000000000000D+01  0.10000000000000D+01
            0.10000000000000D+01  0.10000000000000D+01  0.10000000000000D+01
            0.10000000000000D+01  0.10000000000000D+01  0.10000000000000D+01
            0.10000000000000D+01  0.10000000000000D+01  0.10000000000000D+01
            0.10000000000000D+01  0.10000000000000D+01  0.00000000000000D+00
            0.00000000000000D+00  0.00000000000000D+00  0.00000000000000D+00
            0.00000000000000D+00  0.00000000000000D+00  0.00000000000000D+00
            0.00000000000000D+00  0.00000000000000D+00  0.00000000000000D+00
            0.00000000000000D+00  0.00000000000000D+00  0.00000000000000D+00
            0.00000000000000D+00  0.00000000000000D+00  0.00000000000000D+00
            0.00000000000000D+00  0.00000000000000D+00  0.00000000000000D+00
            0.00000000000000D+00
     rprim  0.15040330225900D+02  0.00000000000000D+00  0.00000000000000D+00
            0.00000000000000D+00  0.15040330225900D+02  0.00000000000000D+00
            0.00000000000000D+00  0.00000000000000D+00  0.12033775961600D+02
  dfpt_sciss  0.00000000000000D+00
    spinat  0.00000000000000D+00  0.00000000000000D+00  0.00000000000000D+00
            0.00000000000000D+00  0.00000000000000D+00  0.00000000000000D+00
            0.00000000000000D+00  0.00000000000000D+00  0.00000000000000D+00
            0.00000000000000D+00  0.00000000000000D+00  0.00000000000000D+00
            0.00000000000000D+00  0.00000000000000D+00  0.00000000000000D+00
            0.00000000000000D+00  0.00000000000000D+00  0.00000000000000D+00
            0.00000000000000D+00  0.00000000000000D+00  0.00000000000000D+00
            0.00000000000000D+00  0.00000000000000D+00  0.00000000000000D+00
            0.00000000000000D+00  0.00000000000000D+00  0.00000000000000D+00
            0.00000000000000D+00  0.00000000000000D+00  0.00000000000000D+00
            0.00000000000000D+00  0.00000000000000D+00  0.00000000000000D+00
            0.00000000000000D+00  0.00000000000000D+00  0.00000000000000D+00
            0.00000000000000D+00  0.00000000000000D+00  0.00000000000000D+00
            0.00000000000000D+00  0.00000000000000D+00  0.00000000000000D+00
            0.00000000000000D+00  0.00000000000000D+00  0.00000000000000D+00
            0.00000000000000D+00  0.00000000000000D+00  0.00000000000000D+00
            0.00000000000000D+00  0.00000000000000D+00  0.00000000000000D+00
            0.00000000000000D+00  0.00000000000000D+00  0.00000000000000D+00
            0.00000000000000D+00  0.00000000000000D+00  0.00000000000000D+00
            0.00000000000000D+00  0.00000000000000D+00  0.00000000000000D+00
            0.00000000000000D+00  0.00000000000000D+00  0.00000000000000D+00
            0.00000000000000D+00  0.00000000000000D+00  0.00000000000000D+00
            0.00000000000000D+00  0.00000000000000D+00  0.00000000000000D+00
            0.00000000000000D+00  0.00000000000000D+00  0.00000000000000D+00
            0.00000000000000D+00  0.00000000000000D+00  0.00000000000000D+00
            0.00000000000000D+00  0.00000000000000D+00  0.00000000000000D+00
            0.00000000000000D+00  0.00000000000000D+00  0.00000000000000D+00
            0.00000000000000D+00  0.00000000000000D+00  0.00000000000000D+00
            0.00000000000000D+00  0.00000000000000D+00  0.00000000000000D+00
            0.00000000000000D+00  0.00000000000000D+00  0.00000000000000D+00
            0.00000000000000D+00  0.00000000000000D+00  0.00000000000000D+00
            0.00000000000000D+00  0.00000000000000D+00  0.00000000000000D+00
            0.00000000000000D+00  0.00000000000000D+00  0.00000000000000D+00
            0.00000000000000D+00  0.00000000000000D+00  0.00000000000000D+00
            0.00000000000000D+00  0.00000000000000D+00  0.00000000000000D+00
            0.00000000000000D+00  0.00000000000000D+00  0.00000000000000D+00
    symafm         1
    symrel         1    0    0    0    1    0    0    0    1
     tnons  0.00000000000000D+00  0.00000000000000D+00  0.00000000000000D+00
    tolwfr  0.10000000000000D+01
   tphysel  0.00000000000000D+00
    tsmear  0.10000000000000D-01
     typat         1    2    2    2    3    3    3    3    3    3    3    3
                   4    4    4    4    4    4    4    4    5    5    5    5
                   5    5    5    5    6    6    6    6    6    6    6    6
       wtk  0.10000000000000D+01
      xred  0.50000000000000D+00  0.00000000000000D+00  0.25000000000000D+00
            0.50000000000000D+00  0.00000000000000D+00  0.75000000000000D+00
            0.10000000000000D+01  0.50000000000000D+00  0.11890596229000D-03
            0.10000000000000D+01  0.50000000000000D+00  0.49988109400000D+00
            0.12744374710000D+00  0.82536213210000D+00  0.25000000000000D+00
            0.12802745250000D+00  0.82502282330000D+00  0.75098106610000D+00
            0.87255625290000D+00  0.17463786790000D+00  0.25000000000000D+00
            0.87295361360000D+00  0.17497717670000D+00  0.75000000000000D+00
            0.17499169840000D+00  0.12728967160000D+00  0.28739574230000D-03
            0.17499169840000D+00  0.12728967160000D+00  0.49971260430000D+00
            0.82500830160000D+00  0.87271032840000D+00  0.28739574230000D-03
            0.82500830160000D+00  0.87271032840000D+00  0.49971260430000D+00
            0.35173806670000D+00  0.68241995630000D+00  0.21289163617000D-03
            0.35173806670000D+00  0.68241995630000D+00  0.49978710840000D+00
            0.64826193330000D+00  0.31758004370000D+00  0.21289163617000D-03
            0.64826193330000D+00  0.31758004370000D+00  0.49978710840000D+00
            0.31780576680000D+00  0.35109081090000D+00  0.25000000000000D+00
            0.31777456060000D+00  0.35154217070000D+00  0.75000000000000D+00
            0.68219423320000D+00  0.64890918910000D+00  0.25000000000000D+00
            0.68222543940000D+00  0.64845782930000D+00  0.75000000000000D+00
            0.58430476540000D+00  0.73091011390000D+00  0.99992821440000D+00
            0.58430476540000D+00  0.73091011390000D+00  0.50007178560000D+00
            0.41569523460000D+00  0.26908988610000D+00  0.99992821440000D+00
            0.41569523460000D+00  0.26908988610000D+00  0.50007178560000D+00
            0.27019712620000D+00  0.58410218790000D+00  0.25000000000000D+00
            0.27041286440000D+00  0.58437089430000D+00  0.75000000000000D+00
            0.72980287380000D+00  0.41589781210000D+00  0.25000000000000D+00
            0.72958713560000D+00  0.41562910570000D+00  0.75000000000000D+00
            0.25250920030000D+00  0.88699605780000D+00  0.99991734080000D+00
            0.25250920030000D+00  0.88699605780000D+00  0.50008265920000D+00
            0.74749079970000D+00  0.11300394220000D+00  0.99991734080000D+00
            0.74749079970000D+00  0.11300394220000D+00  0.50008265920000D+00
            0.11279815010000D+00  0.25309031310000D+00  0.25000000000000D+00
            0.11273121590000D+00  0.25349138290000D+00  0.75000000000000D+00
            0.88720184990000D+00  0.74690968690000D+00  0.25000000000000D+00
            0.88726878410000D+00  0.74650861710000D+00  0.75000000000000D+00
     znucl  0.63000000000000D+02  0.38000000000000D+02  0.30000000000000D+01
            0.13000000000000D+02  0.70000000000000D+01  0.80000000000000D+01
      zion  0.17000000000000D+02  0.10000000000000D+02  0.30000000000000D+01
            0.30000000000000D+01  0.50000000000000D+01  0.60000000000000D+01
 
 No information on the potentials yet 
 
 **** Database of total energy derivatives ****
 Number of data blocks=    2
  
 1st derivatives              - # elements :         114
     1     1 -0.92737449033176D-03  0.00000000000000D+00
     2     1 -0.19017009210547D-03  0.00000000000000D+00
     3     1 -0.36743341913102D-03  0.00000000000000D+00
     1     2 -0.19927171922365D-02  0.00000000000000D+00
     2     2 -0.68932841585590D-03  0.00000000000000D+00
     3     2  0.41068475672962D-03  0.00000000000000D+00
     1     3  0.93134390997256D-03  0.00000000000000D+00
     2     3 -0.10595616946475D-03  0.00000000000000D+00
     3     3  0.63644752835004D-03  0.00000000000000D+00
     1     4  0.31445121722746D-03  0.00000000000000D+00
     2     4 -0.18321547812977D-02  0.00000000000000D+00
     3     4 -0.10274501473637D-02  0.00000000000000D+00
     1     5  0.37550125084666D-02  0.00000000000000D+00
     2     5  0.38434083549451D-02  0.00000000000000D+00
     3     5 -0.10070791061190D-02  0.00000000000000D+00
     1     6  0.11295341384906D-01  0.00000000000000D+00
     2     6  0.34085984189300D-02  0.00000000000000D+00
     3     6  0.77693043971608D-02  0.00000000000000D+00
     1     7 -0.31574828594959D-02  0.00000000000000D+00
     2     7 -0.36985744623277D-02  0.00000000000000D+00
     3     7 -0.45839587348630D-04  0.00000000000000D+00
     1     8 -0.22490170654849D-02  0.00000000000000D+00
     2     8 -0.33838935527656D-02  0.00000000000000D+00
     3     8  0.83193826472581D-04  0.00000000000000D+00
     1     9 -0.20017096175597D-02  0.00000000000000D+00
     2     9  0.27363785810006D-02  0.00000000000000D+00
     3     9  0.67444565984627D-03  0.00000000000000D+00
     1    10 -0.18312402187552D-02  0.00000000000000D+00
     2    10  0.41078759962589D-02  0.00000000000000D+00
     3    10 -0.96391701629546D-03  0.00000000000000D+00
     1    11  0.20596341433043D-02  0.00000000000000D+00
     2    11 -0.34132080622742D-02  0.00000000000000D+00
     3    11  0.13739267952522D-02  0.00000000000000D+00
     1    12  0.72941127504356D-03  0.00000000000000D+00
     2    12 -0.34116866236727D-02  0.00000000000000D+00
     3    12 -0.16582160247759D-02  0.00000000000000D+00
     1    13 -0.11581979193492D-01  0.00000000000000D+00
     2    13 -0.44208131902998D-02  0.00000000000000D+00
     3    13 -0.11016369910989D-02  0.00000000000000D+00
     1    14 -0.79974971046619D-02  0.00000000000000D+00
     2    14 -0.77916380227515D-02  0.00000000000000D+00
     3    14 -0.25431349487083D-03  0.00000000000000D+00
     1    15  0.73938560664498D-02  0.00000000000000D+00
     2    15  0.76335235475735D-02  0.00000000000000D+00
     3    15  0.13728642118233D-02  0.00000000000000D+00
     1    16  0.74599157470800D-02  0.00000000000000D+00
     2    16  0.76392077602098D-02  0.00000000000000D+00
     3    16 -0.13778485315973D-02  0.00000000000000D+00
     1    17  0.56419700846437D-02  0.00000000000000D+00
     2    17 -0.11509660615697D-01  0.00000000000000D+00
     3    17  0.15436367606865D-04  0.00000000000000D+00
     1    18  0.61130181461003D-02  0.00000000000000D+00
     2    18 -0.98402191229858D-02  0.00000000000000D+00
     3    18 -0.10535077749206D-03  0.00000000000000D+00
     1    19 -0.59155770083335D-02  0.00000000000000D+00
     2    19  0.11451480994187D-01  0.00000000000000D+00
     3    19 -0.83967196868691D-04  0.00000000000000D+00
     1    20 -0.79802779093698D-02  0.00000000000000D+00
     2    20  0.95545451025964D-02  0.00000000000000D+00
     3    20  0.20828192668205D-04  0.00000000000000D+00
     1    21  0.77106237029977D-02  0.00000000000000D+00
     2    21  0.36601067150347D-02  0.00000000000000D+00
     3    21 -0.24234837049939D-02  0.00000000000000D+00
     1    22  0.69985118355840D-02  0.00000000000000D+00
     2    22  0.40582960441541D-02  0.00000000000000D+00
     3    22  0.24293380497883D-02  0.00000000000000D+00
     1    23 -0.60529748014885D-02  0.00000000000000D+00
     2    23 -0.36019277289487D-02  0.00000000000000D+00
     3    23 -0.22403141929320D-02  0.00000000000000D+00
     1    24 -0.61212724625965D-02  0.00000000000000D+00
     2    24 -0.41343256655104D-02  0.00000000000000D+00
     3    24  0.21991039255993D-02  0.00000000000000D+00
     1    25 -0.28655632369782D-02  0.00000000000000D+00
     2    25  0.95057403835460D-02  0.00000000000000D+00
     3    25  0.35307497008773D-03  0.00000000000000D+00
     1    26 -0.57633959267725D-02  0.00000000000000D+00
     2    26  0.37918774401163D-02  0.00000000000000D+00
     3    26 -0.92490035718038D-03  0.00000000000000D+00
     1    27  0.30442115304639D-02  0.00000000000000D+00
     2    27 -0.97886802317519D-02  0.00000000000000D+00
     3    27  0.73813303956324D-04  0.00000000000000D+00
     1    28  0.54964137165170D-02  0.00000000000000D+00
     2    28 -0.43528013600661D-02  0.00000000000000D+00
     3    28 -0.54986042932943D-04  0.00000000000000D+00
     1    29 -0.62230777755534D-02  0.00000000000000D+00
     2    29 -0.25007639521898D-01  0.00000000000000D+00
     3    29 -0.19977229314202D-02  0.00000000000000D+00
     1    30 -0.65042987352487D-02  0.00000000000000D+00
     2    30 -0.24746948557734D-01  0.00000000000000D+00
     3    30 -0.10278984935372D-02  0.00000000000000D+00
     1    31  0.51658562494042D-02  0.00000000000000D+00
     2    31  0.24707637900271D-01  0.00000000000000D+00
     3    31 -0.38053425595318D-03  0.00000000000000D+00
     1    32  0.55287506496453D-02  0.00000000000000D+00
     2    32  0.24612947517229D-01  0.00000000000000D+00
     3    32  0.41508470406448D-03  0.00000000000000D+00
     1    33  0.21721862255150D-01  0.00000000000000D+00
     2    33 -0.10553373541991D-01  0.00000000000000D+00
     3    33  0.10071715925501D-03  0.00000000000000D+00
     1    34  0.19849492767866D-01  0.00000000000000D+00
     2    34 -0.86856989277239D-02  0.00000000000000D+00
     3    34 -0.15902909894968D-03  0.00000000000000D+00
     1    35 -0.21906955317308D-01  0.00000000000000D+00
     2    35  0.10916006064681D-01  0.00000000000000D+00
     3    35  0.40307269184346D-03  0.00000000000000D+00
     1    36 -0.20076760384054D-01  0.00000000000000D+00
     2    36  0.95118145326846D-02  0.00000000000000D+00
     3    36 -0.11735453563598D-02  0.00000000000000D+00
     1    39  0.26498362257617D-02  0.00000000000000D+00
     2    39  0.26527367472539D-02  0.00000000000000D+00
     3    39  0.24354381942287D-02  0.00000000000000D+00
     1    40  0.11025901269625D-06  0.00000000000000D+00
     2    40 -0.22886483123833D-06  0.00000000000000D+00
     3    40 -0.16339124437991D-05  0.00000000000000D+00
  
 Total energy                 - # elements :           1
 -0.47548225331845D+03  0.00000000000000D+00
