
 **** DERIVATIVE DATABASE ****    
+DDB, Version number  20230401

  Note : temporary (transfer) database

    usepaw         1
     natom        36
      nkpt         1
    nsppol         2
      nsym         1
    ntypat         6
    occopt         2
     nband       115
     acell  0.10000000000000D+01  0.10000000000000D+01  0.10000000000000D+01
       amu  0.15196500000000D+03  0.87620000000000D+02  0.69410000000000D+01
            0.26981539000000D+02  0.14006740000000D+02  0.15999400000000D+02
   dilatmx  0.10000000000000D+01
      ecut  0.10000000000000D+02
 pawecutdg  0.20000000000000D+02
    ecutsm  0.00000000000000D+00
     intxc         0
      iscf        17
       ixc     -1012
       kpt  0.00000000000000D+00  0.00000000000000D+00  0.00000000000000D+00
    kptnrm  0.10000000000000D+01
     ngfft        45   45   36
    nspden         2
   nspinor         1
       occ  0.10000000000000D+01  0.10000000000000D+01  0.10000000000000D+01
            0.10000000000000D+01  0.10000000000000D+01  0.10000000000000D+01
            0.10000000000000D+01  0.10000000000000D+01  0.10000000000000D+01
            0.10000000000000D+01  0.10000000000000D+01  0.10000000000000D+01
            0.10000000000000D+01  0.10000000000000D+01  0.10000000000000D+01
            0.10000000000000D+01  0.10000000000000D+01  0.10000000000000D+01
            0.10000000000000D+01  0.10000000000000D+01  0.10000000000000D+01
            0.10000000000000D+01  0.10000000000000D+01  0.10000000000000D+01
            0.10000000000000D+01  0.10000000000000D+01  0.10000000000000D+01
            0.10000000000000D+01  0.10000000000000D+01  0.10000000000000D+01
            0.10000000000000D+01  0.10000000000000D+01  0.10000000000000D+01
            0.10000000000000D+01  0.10000000000000D+01  0.10000000000000D+01
            0.10000000000000D+01  0.10000000000000D+01  0.10000000000000D+01
            0.10000000000000D+01  0.10000000000000D+01  0.10000000000000D+01
            0.10000000000000D+01  0.10000000000000D+01  0.10000000000000D+01
            0.10000000000000D+01  0.10000000000000D+01  0.10000000000000D+01
            0.10000000000000D+01  0.10000000000000D+01  0.10000000000000D+01
            0.10000000000000D+01  0.10000000000000D+01  0.10000000000000D+01
            0.10000000000000D+01  0.10000000000000D+01  0.10000000000000D+01
            0.10000000000000D+01  0.10000000000000D+01  0.10000000000000D+01
            0.10000000000000D+01  0.10000000000000D+01  0.10000000000000D+01
            0.10000000000000D+01  0.10000000000000D+01  0.10000000000000D+01
            0.10000000000000D+01  0.10000000000000D+01  0.10000000000000D+01
            0.10000000000000D+01  0.10000000000000D+01  0.10000000000000D+01
            0.10000000000000D+01  0.10000000000000D+01  0.10000000000000D+01
            0.10000000000000D+01  0.10000000000000D+01  0.10000000000000D+01
            0.10000000000000D+01  0.10000000000000D+01  0.10000000000000D+01
            0.10000000000000D+01  0.10000000000000D+01  0.10000000000000D+01
            0.10000000000000D+01  0.10000000000000D+01  0.10000000000000D+01
            0.10000000000000D+01  0.10000000000000D+01  0.10000000000000D+01
            0.10000000000000D+01  0.10000000000000D+01  0.10000000000000D+01
            0.10000000000000D+01  0.10000000000000D+01  0.00000000000000D+00
            0.00000000000000D+00  0.00000000000000D+00  0.00000000000000D+00
            0.00000000000000D+00  0.00000000000000D+00  0.00000000000000D+00
            0.00000000000000D+00  0.00000000000000D+00  0.00000000000000D+00
            0.00000000000000D+00  0.00000000000000D+00  0.00000000000000D+00
            0.00000000000000D+00  0.00000000000000D+00  0.00000000000000D+00
            0.00000000000000D+00  0.00000000000000D+00  0.00000000000000D+00
            0.00000000000000D+00
     rprim  0.15040330225900D+02  0.00000000000000D+00  0.00000000000000D+00
            0.00000000000000D+00  0.15040330225900D+02  0.00000000000000D+00
            0.00000000000000D+00  0.00000000000000D+00  0.12033775961600D+02
  dfpt_sciss  0.00000000000000D+00
    spinat  0.00000000000000D+00  0.00000000000000D+00  0.00000000000000D+00
            0.00000000000000D+00  0.00000000000000D+00  0.00000000000000D+00
            0.00000000000000D+00  0.00000000000000D+00  0.00000000000000D+00
            0.00000000000000D+00  0.00000000000000D+00  0.00000000000000D+00
            0.00000000000000D+00  0.00000000000000D+00  0.00000000000000D+00
            0.00000000000000D+00  0.00000000000000D+00  0.00000000000000D+00
            0.00000000000000D+00  0.00000000000000D+00  0.00000000000000D+00
            0.00000000000000D+00  0.00000000000000D+00  0.00000000000000D+00
            0.00000000000000D+00  0.00000000000000D+00  0.00000000000000D+00
            0.00000000000000D+00  0.00000000000000D+00  0.00000000000000D+00
            0.00000000000000D+00  0.00000000000000D+00  0.00000000000000D+00
            0.00000000000000D+00  0.00000000000000D+00  0.00000000000000D+00
            0.00000000000000D+00  0.00000000000000D+00  0.00000000000000D+00
            0.00000000000000D+00  0.00000000000000D+00  0.00000000000000D+00
            0.00000000000000D+00  0.00000000000000D+00  0.00000000000000D+00
            0.00000000000000D+00  0.00000000000000D+00  0.00000000000000D+00
            0.00000000000000D+00  0.00000000000000D+00  0.00000000000000D+00
            0.00000000000000D+00  0.00000000000000D+00  0.00000000000000D+00
            0.00000000000000D+00  0.00000000000000D+00  0.00000000000000D+00
            0.00000000000000D+00  0.00000000000000D+00  0.00000000000000D+00
            0.00000000000000D+00  0.00000000000000D+00  0.00000000000000D+00
            0.00000000000000D+00  0.00000000000000D+00  0.00000000000000D+00
            0.00000000000000D+00  0.00000000000000D+00  0.00000000000000D+00
            0.00000000000000D+00  0.00000000000000D+00  0.00000000000000D+00
            0.00000000000000D+00  0.00000000000000D+00  0.00000000000000D+00
            0.00000000000000D+00  0.00000000000000D+00  0.00000000000000D+00
            0.00000000000000D+00  0.00000000000000D+00  0.00000000000000D+00
            0.00000000000000D+00  0.00000000000000D+00  0.00000000000000D+00
            0.00000000000000D+00  0.00000000000000D+00  0.00000000000000D+00
            0.00000000000000D+00  0.00000000000000D+00  0.00000000000000D+00
            0.00000000000000D+00  0.00000000000000D+00  0.00000000000000D+00
            0.00000000000000D+00  0.00000000000000D+00  0.00000000000000D+00
            0.00000000000000D+00  0.00000000000000D+00  0.00000000000000D+00
            0.00000000000000D+00  0.00000000000000D+00  0.00000000000000D+00
            0.00000000000000D+00  0.00000000000000D+00  0.00000000000000D+00
            0.00000000000000D+00  0.00000000000000D+00  0.00000000000000D+00
    symafm         1
    symrel         1    0    0    0    1    0    0    0    1
     tnons  0.00000000000000D+00  0.00000000000000D+00  0.00000000000000D+00
    tolwfr  0.10000000000000D+01
   tphysel  0.00000000000000D+00
    tsmear  0.10000000000000D-01
     typat         1    2    2    2    3    3    3    3    3    3    3    3
                   4    4    4    4    4    4    4    4    5    5    5    5
                   5    5    5    5    6    6    6    6    6    6    6    6
       wtk  0.10000000000000D+01
      xred  0.50000000000000D+00  0.00000000000000D+00  0.25000000000000D+00
            0.50000000000000D+00  0.00000000000000D+00  0.75000000000000D+00
            0.10000000000000D+01  0.50000000000000D+00  0.11890596229000D-03
            0.10000000000000D+01  0.50000000000000D+00  0.49988109400000D+00
            0.12744374710000D+00  0.82536213210000D+00  0.25000000000000D+00
            0.12704638640000D+00  0.82502282330000D+00  0.75000000000000D+00
            0.87255625290000D+00  0.17463786790000D+00  0.25000000000000D+00
            0.87295361360000D+00  0.17497717670000D+00  0.75000000000000D+00
            0.17499169840000D+00  0.12728967160000D+00  0.28739574230000D-03
            0.17499169840000D+00  0.12728967160000D+00  0.49971260430000D+00
            0.82500830160000D+00  0.87271032840000D+00  0.28739574230000D-03
            0.82500830160000D+00  0.87271032840000D+00  0.49971260430000D+00
            0.35173806670000D+00  0.68241995630000D+00  0.17832434000000D-02
            0.35173806670000D+00  0.68241995630000D+00  0.49978710840000D+00
            0.64826193330000D+00  0.31758004370000D+00  0.21289163617000D-03
            0.64826193330000D+00  0.31758004370000D+00  0.49978710840000D+00
            0.31780576680000D+00  0.35109081090000D+00  0.25000000000000D+00
            0.31777456060000D+00  0.35154217070000D+00  0.75000000000000D+00
            0.68219423320000D+00  0.64890918910000D+00  0.25000000000000D+00
            0.68222543940000D+00  0.64845782930000D+00  0.75000000000000D+00
            0.58430476540000D+00  0.73091011390000D+00  0.99992821440000D+00
            0.58430476540000D+00  0.73091011390000D+00  0.50007178560000D+00
            0.41569523460000D+00  0.26908988610000D+00  0.99992821440000D+00
            0.41569523460000D+00  0.26908988610000D+00  0.50007178560000D+00
            0.27019712620000D+00  0.58410218790000D+00  0.25000000000000D+00
            0.27041286440000D+00  0.58437089430000D+00  0.75000000000000D+00
            0.72980287380000D+00  0.41589781210000D+00  0.25000000000000D+00
            0.72958713560000D+00  0.41562910570000D+00  0.75000000000000D+00
            0.25250920030000D+00  0.88699605780000D+00  0.99991734080000D+00
            0.25250920030000D+00  0.88699605780000D+00  0.50008265920000D+00
            0.74749079970000D+00  0.11300394220000D+00  0.99991734080000D+00
            0.74749079970000D+00  0.11300394220000D+00  0.50008265920000D+00
            0.11279815010000D+00  0.25309031310000D+00  0.25000000000000D+00
            0.11273121590000D+00  0.25349138290000D+00  0.75000000000000D+00
            0.88720184990000D+00  0.74690968690000D+00  0.25000000000000D+00
            0.88726878410000D+00  0.74650861710000D+00  0.75000000000000D+00
     znucl  0.63000000000000D+02  0.38000000000000D+02  0.30000000000000D+01
            0.13000000000000D+02  0.70000000000000D+01  0.80000000000000D+01
      zion  0.17000000000000D+02  0.10000000000000D+02  0.30000000000000D+01
            0.30000000000000D+01  0.50000000000000D+01  0.60000000000000D+01
 
 No information on the potentials yet 
 
 **** Database of total energy derivatives ****
 Number of data blocks=    2
  
 1st derivatives              - # elements :         114
     1     1 -0.12829914432063D-02  0.00000000000000D+00
     2     1 -0.25774887838244D-02  0.00000000000000D+00
     3     1 -0.70130888931406D-03  0.00000000000000D+00
     1     2  0.13757499161048D-02  0.00000000000000D+00
     2     2  0.27362874921110D-02  0.00000000000000D+00
     3     2 -0.73936627222864D-03  0.00000000000000D+00
     1     3 -0.18442086815461D-04  0.00000000000000D+00
     2     3 -0.24953138045883D-04  0.00000000000000D+00
     3     3  0.24089126425709D-02  0.00000000000000D+00
     1     4 -0.55504528210841D-05  0.00000000000000D+00
     2     4 -0.10337444666121D-04  0.00000000000000D+00
     3     4 -0.18935392812788D-02  0.00000000000000D+00
     1     5  0.59525014518359D-02  0.00000000000000D+00
     2     5  0.14511173049380D-02  0.00000000000000D+00
     3     5 -0.10621188585327D-02  0.00000000000000D+00
     1     6 -0.48002583046563D-03  0.00000000000000D+00
     2     6  0.60698120769720D-02  0.00000000000000D+00
     3     6 -0.10648675549077D-02  0.00000000000000D+00
     1     7 -0.31108478077796D-02  0.00000000000000D+00
     2     7 -0.36952125073586D-02  0.00000000000000D+00
     3     7 -0.73443556302650D-06  0.00000000000000D+00
     1     8 -0.23690627141386D-02  0.00000000000000D+00
     2     8 -0.38772298978112D-02  0.00000000000000D+00
     3     8 -0.46700696795921D-05  0.00000000000000D+00
     1     9 -0.22408904014866D-02  0.00000000000000D+00
     2     9  0.36750895968999D-02  0.00000000000000D+00
     3     9  0.85802833732596D-03  0.00000000000000D+00
     1    10 -0.22363456054365D-02  0.00000000000000D+00
     2    10  0.36653660185495D-02  0.00000000000000D+00
     3    10 -0.95829669858731D-03  0.00000000000000D+00
     1    11  0.22370299030155D-02  0.00000000000000D+00
     2    11 -0.36483388243402D-02  0.00000000000000D+00
     3    11  0.65658197501760D-03  0.00000000000000D+00
     1    12  0.22340145677889D-02  0.00000000000000D+00
     2    12 -0.36488393208699D-02  0.00000000000000D+00
     3    12 -0.80289573224958D-03  0.00000000000000D+00
     1    13 -0.84264796800382D-02  0.00000000000000D+00
     2    13 -0.85496580540422D-02  0.00000000000000D+00
     3    13  0.51376119917070D-01  0.00000000000000D+00
     1    14 -0.77570194796490D-02  0.00000000000000D+00
     2    14 -0.76377578065060D-02  0.00000000000000D+00
     3    14 -0.10520998780352D-01  0.00000000000000D+00
     1    15  0.77470503425509D-02  0.00000000000000D+00
     2    15  0.75645055063264D-02  0.00000000000000D+00
     3    15  0.14968474738566D-02  0.00000000000000D+00
     1    16  0.77356698389355D-02  0.00000000000000D+00
     2    16  0.75581352321380D-02  0.00000000000000D+00
     3    16 -0.14327980658828D-02  0.00000000000000D+00
     1    17  0.46639796123328D-02  0.00000000000000D+00
     2    17 -0.63749209360614D-02  0.00000000000000D+00
     3    17 -0.41096735384161D-03  0.00000000000000D+00
     1    18  0.72259796040966D-02  0.00000000000000D+00
     2    18 -0.15440152871791D-01  0.00000000000000D+00
     3    18 -0.41769655553704D-03  0.00000000000000D+00
     1    19 -0.87517795318409D-02  0.00000000000000D+00
     2    19  0.10896279444475D-01  0.00000000000000D+00
     3    19 -0.40511472852225D-03  0.00000000000000D+00
     1    20 -0.30799792681572D-02  0.00000000000000D+00
     2    20  0.10822727653395D-01  0.00000000000000D+00
     3    20 -0.43957175928049D-03  0.00000000000000D+00
     1    21  0.63804474442775D-02  0.00000000000000D+00
     2    21  0.39250080429029D-02  0.00000000000000D+00
     3    21 -0.80003295822743D-02  0.00000000000000D+00
     1    22  0.63788902430128D-02  0.00000000000000D+00
     2    22  0.38588675444435D-02  0.00000000000000D+00
     3    22  0.40726554349882D-02  0.00000000000000D+00
     1    23 -0.64088946153316D-02  0.00000000000000D+00
     2    23 -0.38296471277546D-02  0.00000000000000D+00
     3    23 -0.34612531969613D-02  0.00000000000000D+00
     1    24 -0.64301998656315D-02  0.00000000000000D+00
     2    24 -0.38186979500754D-02  0.00000000000000D+00
     3    24  0.36410995277918D-02  0.00000000000000D+00
     1    25  0.13998420767037D-02  0.00000000000000D+00
     2    25  0.14578183277783D-01  0.00000000000000D+00
     3    25 -0.14093373026231D-01  0.00000000000000D+00
     1    26 -0.87869020894122D-02  0.00000000000000D+00
     2    26  0.86584335568607D-03  0.00000000000000D+00
     3    26 -0.13133614149292D-01  0.00000000000000D+00
     1    27  0.34597808165751D-02  0.00000000000000D+00
     2    27 -0.97881543199489D-02  0.00000000000000D+00
     3    27 -0.60712418206372D-04  0.00000000000000D+00
     1    28  0.45080924888412D-02  0.00000000000000D+00
     2    28 -0.48162484797411D-02  0.00000000000000D+00
     3    28 -0.46029650054990D-04  0.00000000000000D+00
     1    29 -0.49256948609689D-02  0.00000000000000D+00
     2    29 -0.24819785114764D-01  0.00000000000000D+00
     3    29 -0.64455092825006D-02  0.00000000000000D+00
     1    30 -0.49533772878702D-02  0.00000000000000D+00
     2    30 -0.24890642914501D-01  0.00000000000000D+00
     3    30  0.21342032267679D-02  0.00000000000000D+00
     1    31  0.49886419646447D-02  0.00000000000000D+00
     2    31  0.24880614644107D-01  0.00000000000000D+00
     3    31 -0.31291955437951D-03  0.00000000000000D+00
     1    32  0.49971385674069D-02  0.00000000000000D+00
     2    32  0.24884169379255D-01  0.00000000000000D+00
     3    32  0.30138891886615D-03  0.00000000000000D+00
     1    33  0.21338221748844D-01  0.00000000000000D+00
     2    33 -0.12593753394868D-01  0.00000000000000D+00
     3    33 -0.62191389310096D-04  0.00000000000000D+00
     1    34  0.21035933086549D-01  0.00000000000000D+00
     2    34 -0.66039302756033D-02  0.00000000000000D+00
     3    34 -0.61086759760692D-04  0.00000000000000D+00
     1    35 -0.23528366200849D-01  0.00000000000000D+00
     2    35  0.10997227779214D-01  0.00000000000000D+00
     3    35 -0.17794597943325D-03  0.00000000000000D+00
     1    36 -0.18856664920796D-01  0.00000000000000D+00
     2    36  0.82065690824382D-02  0.00000000000000D+00
     3    36 -0.16259104274481D-03  0.00000000000000D+00
     1    39  0.26502105095537D-02  0.00000000000000D+00
     2    39  0.26526117413804D-02  0.00000000000000D+00
     3    39  0.24356013416973D-02  0.00000000000000D+00
     1    40  0.65904551754725D-06  0.00000000000000D+00
     2    40  0.68510269391285D-06  0.00000000000000D+00
     3    40 -0.16586126953978D-05  0.00000000000000D+00
  
 Total energy                 - # elements :           1
 -0.47548222237943D+03  0.00000000000000D+00
