 Fermi (or HOMO) energy (hartree) =   0.22130   Average Vxc (hartree)=  -0.38907
 Eigenvalues (hartree) for nkpt=   1  k points, SPIN UP:
 kpt#   1, nband=115, wtk=  1.00000, kpt=  0.0000  0.0000  0.0000 (reduced coord)
  -1.39331   -1.39285   -1.39275   -1.39271   -1.39266   -1.39263   -1.39255   -1.39239
  -1.22962   -1.05224   -1.04839   -1.04595   -0.48986   -0.48790   -0.47401   -0.46689
  -0.46685   -0.45933   -0.45596   -0.45234   -0.45181   -0.43741   -0.43734   -0.41218
  -0.40841   -0.40150   -0.39276   -0.38871   -0.38535   -0.38125   -0.37664   -0.36997
  -0.35310   -0.31256   -0.30970   -0.30882   -0.30817   -0.30727   -0.30477   -0.30372
  -0.02495   -0.01657   -0.01561   -0.01158   -0.01140    0.01846    0.01882    0.02671
   0.02723    0.02781    0.03935    0.04577    0.04663    0.05409    0.06648    0.06819
   0.06830    0.07124    0.07165    0.07804    0.07855    0.08936    0.08979    0.09500
   0.09956    0.10125    0.10436    0.10480    0.11550    0.11571    0.11740    0.12023
   0.12223    0.12272    0.12360    0.12582    0.13394    0.13401    0.13627    0.13861
   0.13892    0.13926    0.13943    0.13961    0.15271    0.16093    0.16239    0.16590
   0.21500    0.21508    0.21580    0.21619    0.21627    0.21704    0.22130    0.27970
   0.29057    0.29668    0.31767    0.32870    0.33816    0.37148    0.38107    0.38246
   0.38891    0.38910    0.39262    0.39910    0.40001    0.40281    0.40943    0.41091
   0.41921    0.42137    0.42182
 Eigenvalues (hartree) for nkpt=   1  k points, SPIN DOWN:
 kpt#   1, nband=115, wtk=  1.00000, kpt=  0.0000  0.0000  0.0000 (reduced coord)
  -1.39331   -1.39284   -1.39273   -1.39269   -1.39268   -1.39263   -1.39254   -1.39242
  -1.12244   -1.05222   -1.04821   -1.04593   -0.47264   -0.47223   -0.46724   -0.46688
  -0.45939   -0.45605   -0.45264   -0.45202   -0.41248   -0.41061   -0.40841   -0.40639
  -0.39273   -0.38868   -0.38724   -0.38444   -0.37647   -0.36996   -0.36877   -0.36070
  -0.35315   -0.30971   -0.30885   -0.30838   -0.30732   -0.30682   -0.30376   -0.30331
  -0.02465   -0.01585   -0.01543   -0.01133   -0.01024    0.01887    0.01925    0.02744
   0.02775    0.02798    0.03956    0.04636    0.04761    0.05517    0.06732    0.06844
   0.06873    0.07205    0.07263    0.07827    0.07909    0.08998    0.09064    0.09559
   0.10143    0.10174    0.10452    0.10486    0.11580    0.11581    0.11737    0.12102
   0.12366    0.12405    0.12475    0.12591    0.13385    0.13456    0.13899    0.13901
   0.13909    0.13943    0.13970    0.14025    0.15380    0.16260    0.16335    0.16644
   0.28874    0.29185    0.30039    0.32299    0.33672    0.33730    0.37683    0.38581
   0.38817    0.38840    0.39217    0.39419    0.39825    0.40066    0.41056    0.41097
   0.41568    0.42119    0.42214    0.42512    0.42778    0.42940    0.43115    0.45256
   0.45348    0.46476    0.46514
