 Fermi (or HOMO) energy (hartree) =   0.22134   Average Vxc (hartree)=  -0.38908
 Eigenvalues (hartree) for nkpt=   1  k points, SPIN UP:
 kpt#   1, nband=115, wtk=  1.00000, kpt=  0.0000  0.0000  0.0000 (reduced coord)
  -1.39317   -1.39274   -1.39272   -1.39261   -1.39250   -1.39227   -1.39222   -1.39218
  -1.22959   -1.05248   -1.04838   -1.04619   -0.48982   -0.48782   -0.47392   -0.46690
  -0.46668   -0.45925   -0.45586   -0.45227   -0.45171   -0.43735   -0.43731   -0.41237
  -0.40867   -0.40151   -0.39298   -0.38892   -0.38533   -0.38123   -0.37691   -0.37022
  -0.35317   -0.31259   -0.30969   -0.30880   -0.30820   -0.30756   -0.30480   -0.30390
  -0.02497   -0.01660   -0.01567   -0.01161   -0.01146    0.01846    0.01880    0.02675
   0.02728    0.02774    0.03939    0.04579    0.04669    0.05409    0.06656    0.06826
   0.06834    0.07132    0.07164    0.07809    0.07863    0.08940    0.08988    0.09499
   0.09963    0.10125    0.10437    0.10483    0.11550    0.11570    0.11735    0.12025
   0.12221    0.12276    0.12364    0.12562    0.13390    0.13395    0.13630    0.13871
   0.13892    0.13921    0.13934    0.13935    0.15269    0.16091    0.16231    0.16586
   0.21503    0.21512    0.21586    0.21623    0.21631    0.21708    0.22134    0.27969
   0.29067    0.29660    0.31759    0.32883    0.33810    0.37154    0.38107    0.38236
   0.38874    0.38902    0.39248    0.39903    0.39998    0.40277    0.40942    0.41074
   0.41950    0.42140    0.42197
 Eigenvalues (hartree) for nkpt=   1  k points, SPIN DOWN:
 kpt#   1, nband=115, wtk=  1.00000, kpt=  0.0000  0.0000  0.0000 (reduced coord)
  -1.39316   -1.39273   -1.39271   -1.39262   -1.39250   -1.39230   -1.39220   -1.39217
  -1.12240   -1.05247   -1.04820   -1.04618   -0.47258   -0.47210   -0.46718   -0.46679
  -0.45931   -0.45595   -0.45257   -0.45191   -0.41268   -0.41061   -0.40866   -0.40635
  -0.39296   -0.38889   -0.38722   -0.38440   -0.37674   -0.37021   -0.36872   -0.36067
  -0.35322   -0.30972   -0.30882   -0.30842   -0.30759   -0.30685   -0.30394   -0.30335
  -0.02468   -0.01588   -0.01549   -0.01138   -0.01028    0.01887    0.01924    0.02742
   0.02781    0.02796    0.03960    0.04638    0.04767    0.05518    0.06739    0.06850
   0.06879    0.07214    0.07260    0.07832    0.07916    0.09002    0.09074    0.09557
   0.10143    0.10181    0.10453    0.10489    0.11578    0.11580    0.11736    0.12103
   0.12364    0.12406    0.12482    0.12571    0.13383    0.13450    0.13899    0.13908
   0.13910    0.13940    0.13948    0.14017    0.15375    0.16252    0.16332    0.16639
   0.28867    0.29195    0.30032    0.32294    0.33684    0.33724    0.37679    0.38579
   0.38801    0.38837    0.39204    0.39416    0.39818    0.40060    0.41041    0.41094
   0.41561    0.42150    0.42229    0.42512    0.42776    0.42931    0.43126    0.45237
   0.45356    0.46474    0.46512
