 Fermi (or HOMO) energy (hartree) =   0.22133   Average Vxc (hartree)=  -0.38907
 Eigenvalues (hartree) for nkpt=   1  k points, SPIN UP:
 kpt#   1, nband=115, wtk=  1.00000, kpt=  0.0000  0.0000  0.0000 (reduced coord)
  -1.39342   -1.39303   -1.39291   -1.39276   -1.39269   -1.39263   -1.39254   -1.39242
  -1.22959   -1.05218   -1.04854   -1.04589   -0.48986   -0.48787   -0.47410   -0.46705
  -0.46685   -0.45941   -0.45606   -0.45234   -0.45198   -0.43741   -0.43734   -0.41206
  -0.40842   -0.40174   -0.39267   -0.38867   -0.38546   -0.38138   -0.37665   -0.36991
  -0.35301   -0.31270   -0.30939   -0.30863   -0.30835   -0.30711   -0.30489   -0.30341
  -0.02491   -0.01675   -0.01542   -0.01165   -0.01126    0.01843    0.01887    0.02680
   0.02711    0.02787    0.03932    0.04571    0.04660    0.05403    0.06643    0.06812
   0.06828    0.07118    0.07163    0.07805    0.07844    0.08932    0.08965    0.09496
   0.09956    0.10109    0.10428    0.10476    0.11559    0.11570    0.11733    0.12016
   0.12217    0.12273    0.12355    0.12600    0.13388    0.13415    0.13631    0.13861
   0.13880    0.13926    0.13957    0.13960    0.15272    0.16102    0.16243    0.16597
   0.21503    0.21511    0.21585    0.21622    0.21631    0.21708    0.22133    0.27967
   0.29059    0.29674    0.31768    0.32860    0.33824    0.37144    0.38112    0.38253
   0.38883    0.38910    0.39278    0.39925    0.39994    0.40283    0.40942    0.41093
   0.41928    0.42128    0.42181
 Eigenvalues (hartree) for nkpt=   1  k points, SPIN DOWN:
 kpt#   1, nband=115, wtk=  1.00000, kpt=  0.0000  0.0000  0.0000 (reduced coord)
  -1.39341   -1.39301   -1.39292   -1.39276   -1.39268   -1.39261   -1.39254   -1.39244
  -1.12241   -1.05216   -1.04836   -1.04587   -0.47265   -0.47237   -0.46726   -0.46699
  -0.45947   -0.45616   -0.45265   -0.45220   -0.41236   -0.41077   -0.40842   -0.40645
  -0.39264   -0.38864   -0.38730   -0.38454   -0.37648   -0.36990   -0.36876   -0.36074
  -0.35306   -0.30941   -0.30866   -0.30856   -0.30726   -0.30683   -0.30345   -0.30344
  -0.02462   -0.01603   -0.01524   -0.01118   -0.01032    0.01900    0.01913    0.02750
   0.02763    0.02806    0.03953    0.04630    0.04757    0.05510    0.06727    0.06836
   0.06872    0.07201    0.07261    0.07828    0.07897    0.08993    0.09052    0.09555
   0.10128    0.10174    0.10445    0.10481    0.11568    0.11599    0.11732    0.12093
   0.12360    0.12399    0.12478    0.12609    0.13375    0.13474    0.13866    0.13919
   0.13921    0.13961    0.13969    0.14020    0.15378    0.16264    0.16343    0.16651
   0.28872    0.29186    0.30045    0.32296    0.33658    0.33738    0.37686    0.38582
   0.38810    0.38846    0.39234    0.39429    0.39837    0.40058    0.41061    0.41097
   0.41567    0.42117    0.42213    0.42507    0.42780    0.42939    0.43112    0.45261
   0.45341    0.46469    0.46513
