
 **** DERIVATIVE DATABASE ****    
+DDB, Version number  20230401

  Note : temporary (transfer) database

    usepaw         1
     natom        36
      nkpt         1
    nsppol         2
      nsym         1
    ntypat         6
    occopt         2
     nband       115
     acell  0.10000000000000D+01  0.10000000000000D+01  0.10000000000000D+01
       amu  0.15196500000000D+03  0.87620000000000D+02  0.69410000000000D+01
            0.26981539000000D+02  0.14006740000000D+02  0.15999400000000D+02
   dilatmx  0.10000000000000D+01
      ecut  0.10000000000000D+02
 pawecutdg  0.20000000000000D+02
    ecutsm  0.00000000000000D+00
     intxc         0
      iscf        17
       ixc     -1012
       kpt  0.00000000000000D+00  0.00000000000000D+00  0.00000000000000D+00
    kptnrm  0.10000000000000D+01
     ngfft        45   45   36
    nspden         2
   nspinor         1
       occ  0.10000000000000D+01  0.10000000000000D+01  0.10000000000000D+01
            0.10000000000000D+01  0.10000000000000D+01  0.10000000000000D+01
            0.10000000000000D+01  0.10000000000000D+01  0.10000000000000D+01
            0.10000000000000D+01  0.10000000000000D+01  0.10000000000000D+01
            0.10000000000000D+01  0.10000000000000D+01  0.10000000000000D+01
            0.10000000000000D+01  0.10000000000000D+01  0.10000000000000D+01
            0.10000000000000D+01  0.10000000000000D+01  0.10000000000000D+01
            0.10000000000000D+01  0.10000000000000D+01  0.10000000000000D+01
            0.10000000000000D+01  0.10000000000000D+01  0.10000000000000D+01
            0.10000000000000D+01  0.10000000000000D+01  0.10000000000000D+01
            0.10000000000000D+01  0.10000000000000D+01  0.10000000000000D+01
            0.10000000000000D+01  0.10000000000000D+01  0.10000000000000D+01
            0.10000000000000D+01  0.10000000000000D+01  0.10000000000000D+01
            0.10000000000000D+01  0.10000000000000D+01  0.10000000000000D+01
            0.10000000000000D+01  0.10000000000000D+01  0.10000000000000D+01
            0.10000000000000D+01  0.10000000000000D+01  0.10000000000000D+01
            0.10000000000000D+01  0.10000000000000D+01  0.10000000000000D+01
            0.10000000000000D+01  0.10000000000000D+01  0.10000000000000D+01
            0.10000000000000D+01  0.10000000000000D+01  0.10000000000000D+01
            0.10000000000000D+01  0.10000000000000D+01  0.10000000000000D+01
            0.10000000000000D+01  0.10000000000000D+01  0.10000000000000D+01
            0.10000000000000D+01  0.10000000000000D+01  0.10000000000000D+01
            0.10000000000000D+01  0.10000000000000D+01  0.10000000000000D+01
            0.10000000000000D+01  0.10000000000000D+01  0.10000000000000D+01
            0.10000000000000D+01  0.10000000000000D+01  0.10000000000000D+01
            0.10000000000000D+01  0.10000000000000D+01  0.10000000000000D+01
            0.10000000000000D+01  0.10000000000000D+01  0.10000000000000D+01
            0.10000000000000D+01  0.10000000000000D+01  0.10000000000000D+01
            0.10000000000000D+01  0.10000000000000D+01  0.10000000000000D+01
            0.10000000000000D+01  0.10000000000000D+01  0.10000000000000D+01
            0.10000000000000D+01  0.10000000000000D+01  0.10000000000000D+01
            0.10000000000000D+01  0.10000000000000D+01  0.00000000000000D+00
            0.00000000000000D+00  0.00000000000000D+00  0.00000000000000D+00
            0.00000000000000D+00  0.00000000000000D+00  0.00000000000000D+00
            0.00000000000000D+00  0.00000000000000D+00  0.00000000000000D+00
            0.00000000000000D+00  0.00000000000000D+00  0.00000000000000D+00
            0.00000000000000D+00  0.00000000000000D+00  0.00000000000000D+00
            0.00000000000000D+00  0.00000000000000D+00  0.00000000000000D+00
            0.00000000000000D+00
     rprim  0.15040330225900D+02  0.00000000000000D+00  0.00000000000000D+00
            0.00000000000000D+00  0.15040330225900D+02  0.00000000000000D+00
            0.00000000000000D+00  0.00000000000000D+00  0.12033775961600D+02
  dfpt_sciss  0.00000000000000D+00
    spinat  0.00000000000000D+00  0.00000000000000D+00  0.00000000000000D+00
            0.00000000000000D+00  0.00000000000000D+00  0.00000000000000D+00
            0.00000000000000D+00  0.00000000000000D+00  0.00000000000000D+00
            0.00000000000000D+00  0.00000000000000D+00  0.00000000000000D+00
            0.00000000000000D+00  0.00000000000000D+00  0.00000000000000D+00
            0.00000000000000D+00  0.00000000000000D+00  0.00000000000000D+00
            0.00000000000000D+00  0.00000000000000D+00  0.00000000000000D+00
            0.00000000000000D+00  0.00000000000000D+00  0.00000000000000D+00
            0.00000000000000D+00  0.00000000000000D+00  0.00000000000000D+00
            0.00000000000000D+00  0.00000000000000D+00  0.00000000000000D+00
            0.00000000000000D+00  0.00000000000000D+00  0.00000000000000D+00
            0.00000000000000D+00  0.00000000000000D+00  0.00000000000000D+00
            0.00000000000000D+00  0.00000000000000D+00  0.00000000000000D+00
            0.00000000000000D+00  0.00000000000000D+00  0.00000000000000D+00
            0.00000000000000D+00  0.00000000000000D+00  0.00000000000000D+00
            0.00000000000000D+00  0.00000000000000D+00  0.00000000000000D+00
            0.00000000000000D+00  0.00000000000000D+00  0.00000000000000D+00
            0.00000000000000D+00  0.00000000000000D+00  0.00000000000000D+00
            0.00000000000000D+00  0.00000000000000D+00  0.00000000000000D+00
            0.00000000000000D+00  0.00000000000000D+00  0.00000000000000D+00
            0.00000000000000D+00  0.00000000000000D+00  0.00000000000000D+00
            0.00000000000000D+00  0.00000000000000D+00  0.00000000000000D+00
            0.00000000000000D+00  0.00000000000000D+00  0.00000000000000D+00
            0.00000000000000D+00  0.00000000000000D+00  0.00000000000000D+00
            0.00000000000000D+00  0.00000000000000D+00  0.00000000000000D+00
            0.00000000000000D+00  0.00000000000000D+00  0.00000000000000D+00
            0.00000000000000D+00  0.00000000000000D+00  0.00000000000000D+00
            0.00000000000000D+00  0.00000000000000D+00  0.00000000000000D+00
            0.00000000000000D+00  0.00000000000000D+00  0.00000000000000D+00
            0.00000000000000D+00  0.00000000000000D+00  0.00000000000000D+00
            0.00000000000000D+00  0.00000000000000D+00  0.00000000000000D+00
            0.00000000000000D+00  0.00000000000000D+00  0.00000000000000D+00
            0.00000000000000D+00  0.00000000000000D+00  0.00000000000000D+00
            0.00000000000000D+00  0.00000000000000D+00  0.00000000000000D+00
            0.00000000000000D+00  0.00000000000000D+00  0.00000000000000D+00
            0.00000000000000D+00  0.00000000000000D+00  0.00000000000000D+00
    symafm         1
    symrel         1    0    0    0    1    0    0    0    1
     tnons  0.00000000000000D+00  0.00000000000000D+00  0.00000000000000D+00
    tolwfr  0.10000000000000D+01
   tphysel  0.00000000000000D+00
    tsmear  0.10000000000000D-01
     typat         1    2    2    2    3    3    3    3    3    3    3    3
                   4    4    4    4    4    4    4    4    5    5    5    5
                   5    5    5    5    6    6    6    6    6    6    6    6
       wtk  0.10000000000000D+01
      xred  0.50000000000000D+00  0.00000000000000D+00  0.25000000000000D+00
            0.50000000000000D+00  0.00000000000000D+00  0.75000000000000D+00
            0.99901893390000D+00  0.50000000000000D+00 -0.86216015465000D-03
            0.10000000000000D+01  0.50000000000000D+00  0.49988109400000D+00
            0.12744374710000D+00  0.82536213210000D+00  0.25000000000000D+00
            0.12704638640000D+00  0.82502282330000D+00  0.75000000000000D+00
            0.87255625290000D+00  0.17463786790000D+00  0.25000000000000D+00
            0.87295361360000D+00  0.17497717670000D+00  0.75000000000000D+00
            0.17499169840000D+00  0.12728967160000D+00  0.28739574230000D-03
            0.17499169840000D+00  0.12728967160000D+00  0.49971260430000D+00
            0.82500830160000D+00  0.87271032840000D+00  0.28739574230000D-03
            0.82500830160000D+00  0.87271032840000D+00  0.49971260430000D+00
            0.35173806670000D+00  0.68241995630000D+00  0.21289163617000D-03
            0.35173806670000D+00  0.68241995630000D+00  0.49978710840000D+00
            0.64826193330000D+00  0.31758004370000D+00  0.21289163617000D-03
            0.64826193330000D+00  0.31758004370000D+00  0.49978710840000D+00
            0.31780576680000D+00  0.35109081090000D+00  0.25000000000000D+00
            0.31777456060000D+00  0.35154217070000D+00  0.75000000000000D+00
            0.68219423320000D+00  0.64890918910000D+00  0.25000000000000D+00
            0.68222543940000D+00  0.64845782930000D+00  0.75000000000000D+00
            0.58430476540000D+00  0.73091011390000D+00  0.99992821440000D+00
            0.58430476540000D+00  0.73091011390000D+00  0.50007178560000D+00
            0.41569523460000D+00  0.26908988610000D+00  0.99992821440000D+00
            0.41569523460000D+00  0.26908988610000D+00  0.50007178560000D+00
            0.27019712620000D+00  0.58410218790000D+00  0.25000000000000D+00
            0.27041286440000D+00  0.58437089430000D+00  0.75000000000000D+00
            0.72980287380000D+00  0.41589781210000D+00  0.25000000000000D+00
            0.72958713560000D+00  0.41562910570000D+00  0.75000000000000D+00
            0.25250920030000D+00  0.88699605780000D+00  0.99991734080000D+00
            0.25250920030000D+00  0.88699605780000D+00  0.50008265920000D+00
            0.74749079970000D+00  0.11300394220000D+00  0.99991734080000D+00
            0.74749079970000D+00  0.11300394220000D+00  0.50008265920000D+00
            0.11279815010000D+00  0.25309031310000D+00  0.25000000000000D+00
            0.11273121590000D+00  0.25349138290000D+00  0.75000000000000D+00
            0.88720184990000D+00  0.74690968690000D+00  0.25000000000000D+00
            0.88726878410000D+00  0.74650861710000D+00  0.75000000000000D+00
     znucl  0.63000000000000D+02  0.38000000000000D+02  0.30000000000000D+01
            0.13000000000000D+02  0.70000000000000D+01  0.80000000000000D+01
      zion  0.17000000000000D+02  0.10000000000000D+02  0.30000000000000D+01
            0.30000000000000D+01  0.50000000000000D+01  0.60000000000000D+01
 
 No information on the potentials yet 
 
 **** Database of total energy derivatives ****
 Number of data blocks=    2
  
 1st derivatives              - # elements :         114
     1     1  0.11627579657547D-02  0.00000000000000D+00
     2     1 -0.81407735862318D-05  0.00000000000000D+00
     3     1  0.13462158168654D-04  0.00000000000000D+00
     1     2  0.10127012195521D-02  0.00000000000000D+00
     2     2 -0.28113637192348D-06  0.00000000000000D+00
     3     2  0.16009301590137D-04  0.00000000000000D+00
     1     3 -0.18241725807875D-01  0.00000000000000D+00
     2     3 -0.98688650353160D-03  0.00000000000000D+00
     3     3 -0.10397072170877D-01  0.00000000000000D+00
     1     4 -0.21774310438460D-02  0.00000000000000D+00
     2     4  0.36788393510526D-03  0.00000000000000D+00
     3     4  0.65822936076548D-02  0.00000000000000D+00
     1     5  0.30619658274319D-02  0.00000000000000D+00
     2     5  0.50751451048158D-02  0.00000000000000D+00
     3     5  0.50197915640705D-03  0.00000000000000D+00
     1     6  0.11598782264009D-02  0.00000000000000D+00
     2     6  0.37014601111259D-02  0.00000000000000D+00
     3     6 -0.11564384401028D-03  0.00000000000000D+00
     1     7 -0.42889955824687D-02  0.00000000000000D+00
     2     7 -0.38620911989474D-02  0.00000000000000D+00
     3     7 -0.11162402040406D-03  0.00000000000000D+00
     1     8 -0.24122413320380D-02  0.00000000000000D+00
     2     8 -0.24830074567974D-02  0.00000000000000D+00
     3     8  0.50680663372431D-03  0.00000000000000D+00
     1     9 -0.21381122202519D-02  0.00000000000000D+00
     2     9  0.29569783915288D-02  0.00000000000000D+00
     3     9  0.38510758157374D-03  0.00000000000000D+00
     1    10 -0.20978016278600D-02  0.00000000000000D+00
     2    10  0.34850218726397D-02  0.00000000000000D+00
     3    10 -0.47380151257118D-03  0.00000000000000D+00
     1    11  0.23252523286439D-02  0.00000000000000D+00
     2    11 -0.43555532083415D-02  0.00000000000000D+00
     3    11  0.36728552399816D-03  0.00000000000000D+00
     1    12  0.23755559606885D-02  0.00000000000000D+00
     2    12 -0.38301993423942D-02  0.00000000000000D+00
     3    12 -0.45835302938946D-03  0.00000000000000D+00
     1    13 -0.23282204318187D-02  0.00000000000000D+00
     2    13 -0.44021109404415D-02  0.00000000000000D+00
     3    13  0.36590087372408D-04  0.00000000000000D+00
     1    14 -0.61189623955137D-02  0.00000000000000D+00
     2    14 -0.65653397555788D-02  0.00000000000000D+00
     3    14 -0.35100354924431D-03  0.00000000000000D+00
     1    15  0.13216757116491D-01  0.00000000000000D+00
     2    15  0.10848194547646D-01  0.00000000000000D+00
     3    15  0.84705545151821D-05  0.00000000000000D+00
     1    16  0.94080784094075D-02  0.00000000000000D+00
     2    16  0.86551431082125D-02  0.00000000000000D+00
     3    16 -0.33808061190244D-03  0.00000000000000D+00
     1    17  0.10713024503066D-01  0.00000000000000D+00
     2    17 -0.14707329165981D-01  0.00000000000000D+00
     3    17  0.21152873514567D-02  0.00000000000000D+00
     1    18  0.76265222405148D-02  0.00000000000000D+00
     2    18 -0.11304382858921D-01  0.00000000000000D+00
     3    18 -0.12377130855348D-02  0.00000000000000D+00
     1    19 -0.42512711275603D-02  0.00000000000000D+00
     2    19  0.10430892114953D-01  0.00000000000000D+00
     3    19 -0.12434996321443D-02  0.00000000000000D+00
     1    20 -0.10484794993992D-02  0.00000000000000D+00
     2    20  0.70311682109911D-02  0.00000000000000D+00
     3    20  0.21632643946380D-02  0.00000000000000D+00
     1    21  0.42326950196726D-02  0.00000000000000D+00
     2    21  0.43230674783096D-02  0.00000000000000D+00
     3    21 -0.16908673277423D-02  0.00000000000000D+00
     1    22  0.52196561197063D-02  0.00000000000000D+00
     2    22  0.41439436357974D-02  0.00000000000000D+00
     3    22  0.15768206146373D-02  0.00000000000000D+00
     1    23 -0.85676847952628D-02  0.00000000000000D+00
     2    23 -0.33803784290785D-02  0.00000000000000D+00
     3    23 -0.17000472987329D-02  0.00000000000000D+00
     1    24 -0.75847073504629D-02  0.00000000000000D+00
     2    24 -0.35540716919877D-02  0.00000000000000D+00
     3    24  0.15942575592950D-02  0.00000000000000D+00
     1    25 -0.39330229643795D-02  0.00000000000000D+00
     2    25  0.92834713691361D-02  0.00000000000000D+00
     3    25  0.10356492228572D-03  0.00000000000000D+00
     1    26 -0.54623644102198D-02  0.00000000000000D+00
     2    26  0.47292656737094D-02  0.00000000000000D+00
     3    26  0.51525964208699D-03  0.00000000000000D+00
     1    27  0.24961730003379D-02  0.00000000000000D+00
     2    27 -0.99370006852358D-02  0.00000000000000D+00
     3    27  0.50710693059797D-03  0.00000000000000D+00
     1    28  0.40942534347259D-02  0.00000000000000D+00
     2    28 -0.53522416311708D-02  0.00000000000000D+00
     3    28  0.16307533741201D-03  0.00000000000000D+00
     1    29 -0.56676052217690D-02  0.00000000000000D+00
     2    29 -0.25721449507740D-01  0.00000000000000D+00
     3    29  0.12359486574332D-03  0.00000000000000D+00
     1    30 -0.52231582424247D-02  0.00000000000000D+00
     2    30 -0.25570066913739D-01  0.00000000000000D+00
     3    30 -0.11920668275262D-03  0.00000000000000D+00
     1    31  0.42759787381898D-02  0.00000000000000D+00
     2    31  0.24023150065244D-01  0.00000000000000D+00
     3    31  0.16584734791423D-03  0.00000000000000D+00
     1    32  0.47138280440954D-02  0.00000000000000D+00
     2    32  0.24179466376109D-01  0.00000000000000D+00
     3    32 -0.15386337276108D-03  0.00000000000000D+00
     1    33  0.22594886036527D-01  0.00000000000000D+00
     2    33 -0.98409911379484D-02  0.00000000000000D+00
     3    33 -0.81089711433351D-04  0.00000000000000D+00
     1    34  0.21739179700274D-01  0.00000000000000D+00
     2    34 -0.79205989188865D-02  0.00000000000000D+00
     3    34  0.40059946845109D-03  0.00000000000000D+00
     1    35 -0.20634432524578D-01  0.00000000000000D+00
     2    35  0.11265924909409D-01  0.00000000000000D+00
     3    35  0.39625954038984D-03  0.00000000000000D+00
     1    36 -0.19713676466399D-01  0.00000000000000D+00
     2    36  0.92819488243969D-02  0.00000000000000D+00
     3    36 -0.42702774622631D-04  0.00000000000000D+00
     1    39  0.26501918950367D-02  0.00000000000000D+00
     2    39  0.26525904485243D-02  0.00000000000000D+00
     3    39  0.24356259853308D-02  0.00000000000000D+00
     1    40  0.44772856372782D-08  0.00000000000000D+00
     2    40 -0.42447103060942D-08  0.00000000000000D+00
     3    40 -0.16479597108717D-05  0.00000000000000D+00
  
 Total energy                 - # elements :           1
 -0.47548224977651D+03  0.00000000000000D+00
