 Fermi (or HOMO) energy (hartree) =   0.22133   Average Vxc (hartree)=  -0.38907
 Eigenvalues (hartree) for nkpt=   1  k points, SPIN UP:
 kpt#   1, nband=115, wtk=  1.00000, kpt=  0.0000  0.0000  0.0000 (reduced coord)
  -1.39332   -1.39286   -1.39284   -1.39269   -1.39262   -1.39260   -1.39253   -1.39240
  -1.22959   -1.05224   -1.04841   -1.04595   -0.48984   -0.48786   -0.47399   -0.46691
  -0.46686   -0.45933   -0.45595   -0.45234   -0.45179   -0.43740   -0.43734   -0.41218
  -0.40841   -0.40154   -0.39276   -0.38871   -0.38536   -0.38128   -0.37664   -0.36997
  -0.35309   -0.31255   -0.30957   -0.30872   -0.30817   -0.30746   -0.30477   -0.30377
  -0.02495   -0.01657   -0.01561   -0.01157   -0.01140    0.01846    0.01882    0.02672
   0.02722    0.02780    0.03935    0.04577    0.04663    0.05408    0.06649    0.06820
   0.06828    0.07124    0.07165    0.07804    0.07855    0.08937    0.08978    0.09501
   0.09956    0.10125    0.10436    0.10480    0.11556    0.11571    0.11732    0.12023
   0.12223    0.12274    0.12364    0.12577    0.13397    0.13398    0.13635    0.13879
   0.13892    0.13912    0.13940    0.13949    0.15273    0.16094    0.16238    0.16592
   0.21503    0.21511    0.21585    0.21622    0.21630    0.21708    0.22133    0.27972
   0.29058    0.29669    0.31766    0.32877    0.33816    0.37144    0.38107    0.38245
   0.38887    0.38912    0.39261    0.39909    0.40000    0.40281    0.40943    0.41092
   0.41927    0.42135    0.42182
 Eigenvalues (hartree) for nkpt=   1  k points, SPIN DOWN:
 kpt#   1, nband=115, wtk=  1.00000, kpt=  0.0000  0.0000  0.0000 (reduced coord)
  -1.39331   -1.39287   -1.39282   -1.39270   -1.39262   -1.39260   -1.39251   -1.39240
  -1.12241   -1.05222   -1.04823   -1.04593   -0.47264   -0.47223   -0.46724   -0.46689
  -0.45939   -0.45604   -0.45264   -0.45201   -0.41248   -0.41062   -0.40841   -0.40639
  -0.39273   -0.38868   -0.38723   -0.38444   -0.37647   -0.36996   -0.36875   -0.36069
  -0.35314   -0.30960   -0.30875   -0.30838   -0.30751   -0.30681   -0.30381   -0.30331
  -0.02465   -0.01585   -0.01543   -0.01132   -0.01024    0.01888    0.01925    0.02741
   0.02775    0.02800    0.03956    0.04636    0.04761    0.05517    0.06732    0.06844
   0.06873    0.07206    0.07264    0.07827    0.07907    0.08998    0.09064    0.09558
   0.10143    0.10175    0.10452    0.10486    0.11581    0.11584    0.11733    0.12101
   0.12366    0.12407    0.12480    0.12585    0.13385    0.13458    0.13899    0.13905
   0.13917    0.13953    0.13954    0.14019    0.15379    0.16259    0.16334    0.16645
   0.28875    0.29185    0.30039    0.32299    0.33673    0.33730    0.37683    0.38581
   0.38817    0.38842    0.39217    0.39420    0.39825    0.40058    0.41061    0.41099
   0.41569    0.42119    0.42214    0.42511    0.42778    0.42940    0.43116    0.45256
   0.45348    0.46472    0.46517
