 Fermi (or HOMO) energy (hartree) =   0.22129   Average Vxc (hartree)=  -0.38907
 Eigenvalues (hartree) for nkpt=   1  k points, SPIN UP:
 kpt#   1, nband=115, wtk=  1.00000, kpt=  0.0000  0.0000  0.0000 (reduced coord)
  -1.39342   -1.39303   -1.39286   -1.39279   -1.39268   -1.39259   -1.39255   -1.39248
  -1.22964   -1.05214   -1.04843   -1.04585   -0.48991   -0.48796   -0.47397   -0.46687
  -0.46682   -0.45938   -0.45598   -0.45247   -0.45175   -0.43751   -0.43741   -0.41213
  -0.40834   -0.40154   -0.39267   -0.38863   -0.38538   -0.38132   -0.37657   -0.36988
  -0.35309   -0.31251   -0.30951   -0.30868   -0.30814   -0.30744   -0.30472   -0.30376
  -0.02502   -0.01651   -0.01555   -0.01155   -0.01137    0.01836    0.01886    0.02664
   0.02723    0.02780    0.03937    0.04578    0.04661    0.05408    0.06644    0.06819
   0.06820    0.07122    0.07164    0.07796    0.07855    0.08932    0.08975    0.09505
   0.09945    0.10129    0.10438    0.10482    0.11545    0.11572    0.11732    0.12023
   0.12225    0.12267    0.12369    0.12584    0.13390    0.13398    0.13644    0.13873
   0.13891    0.13925    0.13943    0.13948    0.15281    0.16093    0.16239    0.16590
   0.21498    0.21507    0.21580    0.21617    0.21625    0.21703    0.22129    0.27968
   0.29057    0.29673    0.31771    0.32869    0.33819    0.37145    0.38106    0.38246
   0.38890    0.38921    0.39267    0.39910    0.40001    0.40290    0.40942    0.41092
   0.41920    0.42124    0.42191
 Eigenvalues (hartree) for nkpt=   1  k points, SPIN DOWN:
 kpt#   1, nband=115, wtk=  1.00000, kpt=  0.0000  0.0000  0.0000 (reduced coord)
  -1.39342   -1.39303   -1.39287   -1.39277   -1.39266   -1.39261   -1.39254   -1.39247
  -1.12245   -1.05213   -1.04825   -1.04583   -0.47275   -0.47217   -0.46734   -0.46683
  -0.45944   -0.45607   -0.45277   -0.45196   -0.41243   -0.41063   -0.40833   -0.40644
  -0.39264   -0.38860   -0.38726   -0.38447   -0.37639   -0.36986   -0.36881   -0.36072
  -0.35314   -0.30954   -0.30872   -0.30835   -0.30751   -0.30674   -0.30379   -0.30327
  -0.02472   -0.01579   -0.01537   -0.01129   -0.01022    0.01877    0.01929    0.02732
   0.02776    0.02800    0.03959    0.04638    0.04760    0.05518    0.06726    0.06843
   0.06864    0.07204    0.07261    0.07818    0.07908    0.08993    0.09061    0.09563
   0.10147    0.10163    0.10454    0.10488    0.11573    0.11582    0.11731    0.12103
   0.12369    0.12411    0.12472    0.12593    0.13386    0.13450    0.13896    0.13914
   0.13920    0.13948    0.13957    0.14030    0.15385    0.16260    0.16335    0.16643
   0.28875    0.29185    0.30045    0.32303    0.33663    0.33733    0.37685    0.38580
   0.38817    0.38840    0.39223    0.39433    0.39826    0.40063    0.41059    0.41107
   0.41571    0.42114    0.42219    0.42502    0.42787    0.42936    0.43093    0.45267
   0.45345    0.46479    0.46513
