 Fermi (or HOMO) energy (hartree) =   0.22135   Average Vxc (hartree)=  -0.38908
 Eigenvalues (hartree) for nkpt=   1  k points, SPIN UP:
 kpt#   1, nband=115, wtk=  1.00000, kpt=  0.0000  0.0000  0.0000 (reduced coord)
  -1.39327   -1.39280   -1.39278   -1.39270   -1.39267   -1.39254   -1.39241   -1.39215
  -1.22958   -1.05234   -1.04837   -1.04604   -0.48979   -0.48779   -0.47404   -0.46696
  -0.46685   -0.45929   -0.45593   -0.45220   -0.45185   -0.43730   -0.43727   -0.41222
  -0.40849   -0.40151   -0.39285   -0.38879   -0.38532   -0.38121   -0.37672   -0.37007
  -0.35310   -0.31260   -0.30961   -0.30877   -0.30822   -0.30746   -0.30480   -0.30381
  -0.02488   -0.01664   -0.01566   -0.01159   -0.01145    0.01854    0.01882    0.02682
   0.02722    0.02779    0.03933    0.04576    0.04665    0.05408    0.06652    0.06822
   0.06837    0.07125    0.07167    0.07814    0.07854    0.08941    0.08981    0.09496
   0.09968    0.10121    0.10433    0.10478    0.11565    0.11570    0.11737    0.12021
   0.12219    0.12280    0.12359    0.12572    0.13398    0.13405    0.13629    0.13869
   0.13887    0.13919    0.13938    0.13949    0.15268    0.16093    0.16237    0.16592
   0.21504    0.21513    0.21586    0.21625    0.21632    0.21709    0.22135    0.27974
   0.29057    0.29661    0.31760    0.32886    0.33813    0.37144    0.38109    0.38241
   0.38892    0.38899    0.39256    0.39909    0.39999    0.40271    0.40948    0.41091
   0.41932    0.42142    0.42177
 Eigenvalues (hartree) for nkpt=   1  k points, SPIN DOWN:
 kpt#   1, nband=115, wtk=  1.00000, kpt=  0.0000  0.0000  0.0000 (reduced coord)
  -1.39327   -1.39282   -1.39276   -1.39270   -1.39265   -1.39253   -1.39240   -1.39217
  -1.12239   -1.05232   -1.04819   -1.04603   -0.47253   -0.47228   -0.46713   -0.46694
  -0.45935   -0.45602   -0.45251   -0.45207   -0.41253   -0.41061   -0.40848   -0.40633
  -0.39282   -0.38876   -0.38720   -0.38440   -0.37655   -0.37006   -0.36870   -0.36066
  -0.35315   -0.30964   -0.30881   -0.30843   -0.30754   -0.30680   -0.30385   -0.30335
  -0.02458   -0.01592   -0.01549   -0.01137   -0.01025    0.01896    0.01923    0.02750
   0.02774    0.02800    0.03954    0.04635    0.04763    0.05516    0.06736    0.06846
   0.06882    0.07205    0.07266    0.07837    0.07907    0.09002    0.09067    0.09554
   0.10140    0.10186    0.10449    0.10484    0.11580    0.11594    0.11736    0.12099
   0.12362    0.12402    0.12486    0.12581    0.13385    0.13465    0.13890    0.13908
   0.13921    0.13943    0.13960    0.14010    0.15372    0.16258    0.16333    0.16645
   0.28874    0.29185    0.30034    0.32295    0.33683    0.33727    0.37680    0.38582
   0.38819    0.38840    0.39211    0.39405    0.39824    0.40064    0.41059    0.41088
   0.41565    0.42125    0.42209    0.42519    0.42766    0.42943    0.43139    0.45245
   0.45350    0.46472    0.46514
