 Fermi (or HOMO) energy (hartree) =   0.22137   Average Vxc (hartree)=  -0.38908
 Eigenvalues (hartree) for nkpt=   1  k points, SPIN UP:
 kpt#   1, nband=115, wtk=  1.00000, kpt=  0.0000  0.0000  0.0000 (reduced coord)
  -1.39335   -1.39288   -1.39285   -1.39270   -1.39269   -1.39266   -1.39255   -1.39245
  -1.22956   -1.05227   -1.04836   -1.04597   -0.48979   -0.48781   -0.47404   -0.46697
  -0.46684   -0.45932   -0.45597   -0.45224   -0.45189   -0.43736   -0.43724   -0.41219
  -0.40846   -0.40149   -0.39278   -0.38875   -0.38531   -0.38121   -0.37669   -0.37000
  -0.35307   -0.31254   -0.30953   -0.30871   -0.30816   -0.30741   -0.30475   -0.30375
  -0.02493   -0.01657   -0.01557   -0.01157   -0.01137    0.01849    0.01881    0.02677
   0.02719    0.02781    0.03935    0.04578    0.04663    0.05410    0.06647    0.06815
   0.06831    0.07125    0.07165    0.07808    0.07849    0.08938    0.08977    0.09504
   0.09962    0.10118    0.10442    0.10480    0.11562    0.11570    0.11731    0.12028
   0.12225    0.12276    0.12359    0.12579    0.13397    0.13402    0.13634    0.13876
   0.13892    0.13923    0.13946    0.13947    0.15275    0.16097    0.16238    0.16593
   0.21506    0.21514    0.21588    0.21625    0.21633    0.21711    0.22137    0.27975
   0.29054    0.29668    0.31763    0.32879    0.33812    0.37147    0.38110    0.38245
   0.38891    0.38909    0.39262    0.39912    0.40001    0.40282    0.40945    0.41092
   0.41924    0.42145    0.42835
 Eigenvalues (hartree) for nkpt=   1  k points, SPIN DOWN:
 kpt#   1, nband=115, wtk=  1.00000, kpt=  0.0000  0.0000  0.0000 (reduced coord)
  -1.39335   -1.39289   -1.39283   -1.39270   -1.39268   -1.39267   -1.39253   -1.39245
  -1.12238   -1.05225   -1.04818   -1.04596   -0.47256   -0.47230   -0.46716   -0.46695
  -0.45938   -0.45606   -0.45254   -0.45210   -0.41249   -0.41059   -0.40845   -0.40633
  -0.39275   -0.38872   -0.38718   -0.38439   -0.37651   -0.36999   -0.36870   -0.36065
  -0.35312   -0.30956   -0.30873   -0.30837   -0.30746   -0.30679   -0.30379   -0.30330
  -0.02463   -0.01585   -0.01539   -0.01129   -0.01024    0.01893    0.01922    0.02746
   0.02772    0.02801    0.03956    0.04637    0.04761    0.05518    0.06731    0.06839
   0.06875    0.07206    0.07264    0.07831    0.07902    0.08999    0.09063    0.09561
   0.10136    0.10181    0.10459    0.10486    0.11579    0.11590    0.11731    0.12106
   0.12368    0.12402    0.12482    0.12587    0.13385    0.13462    0.13900    0.13913
   0.13915    0.13952    0.13958    0.14022    0.15381    0.16258    0.16338    0.16646
   0.28876    0.29182    0.30039    0.32297    0.33676    0.33726    0.37683    0.38582
   0.38818    0.38841    0.39218    0.39422    0.39827    0.40063    0.41060    0.41097
   0.41570    0.42114    0.42202    0.42507    0.42779    0.42941    0.43117    0.45252
   0.45348    0.46481    0.46512
