
 **** DERIVATIVE DATABASE ****    
+DDB, Version number  20230401

  Note : temporary (transfer) database

    usepaw         1
     natom        36
      nkpt         1
    nsppol         2
      nsym         1
    ntypat         6
    occopt         2
     nband       115
     acell  0.10000000000000D+01  0.10000000000000D+01  0.10000000000000D+01
       amu  0.15196500000000D+03  0.87620000000000D+02  0.69410000000000D+01
            0.26981539000000D+02  0.14006740000000D+02  0.15999400000000D+02
   dilatmx  0.10000000000000D+01
      ecut  0.10000000000000D+02
 pawecutdg  0.20000000000000D+02
    ecutsm  0.00000000000000D+00
     intxc         0
      iscf        17
       ixc     -1012
       kpt  0.00000000000000D+00  0.00000000000000D+00  0.00000000000000D+00
    kptnrm  0.10000000000000D+01
     ngfft        45   45   36
    nspden         2
   nspinor         1
       occ  0.10000000000000D+01  0.10000000000000D+01  0.10000000000000D+01
            0.10000000000000D+01  0.10000000000000D+01  0.10000000000000D+01
            0.10000000000000D+01  0.10000000000000D+01  0.10000000000000D+01
            0.10000000000000D+01  0.10000000000000D+01  0.10000000000000D+01
            0.10000000000000D+01  0.10000000000000D+01  0.10000000000000D+01
            0.10000000000000D+01  0.10000000000000D+01  0.10000000000000D+01
            0.10000000000000D+01  0.10000000000000D+01  0.10000000000000D+01
            0.10000000000000D+01  0.10000000000000D+01  0.10000000000000D+01
            0.10000000000000D+01  0.10000000000000D+01  0.10000000000000D+01
            0.10000000000000D+01  0.10000000000000D+01  0.10000000000000D+01
            0.10000000000000D+01  0.10000000000000D+01  0.10000000000000D+01
            0.10000000000000D+01  0.10000000000000D+01  0.10000000000000D+01
            0.10000000000000D+01  0.10000000000000D+01  0.10000000000000D+01
            0.10000000000000D+01  0.10000000000000D+01  0.10000000000000D+01
            0.10000000000000D+01  0.10000000000000D+01  0.10000000000000D+01
            0.10000000000000D+01  0.10000000000000D+01  0.10000000000000D+01
            0.10000000000000D+01  0.10000000000000D+01  0.10000000000000D+01
            0.10000000000000D+01  0.10000000000000D+01  0.10000000000000D+01
            0.10000000000000D+01  0.10000000000000D+01  0.10000000000000D+01
            0.10000000000000D+01  0.10000000000000D+01  0.10000000000000D+01
            0.10000000000000D+01  0.10000000000000D+01  0.10000000000000D+01
            0.10000000000000D+01  0.10000000000000D+01  0.10000000000000D+01
            0.10000000000000D+01  0.10000000000000D+01  0.10000000000000D+01
            0.10000000000000D+01  0.10000000000000D+01  0.10000000000000D+01
            0.10000000000000D+01  0.10000000000000D+01  0.10000000000000D+01
            0.10000000000000D+01  0.10000000000000D+01  0.10000000000000D+01
            0.10000000000000D+01  0.10000000000000D+01  0.10000000000000D+01
            0.10000000000000D+01  0.10000000000000D+01  0.10000000000000D+01
            0.10000000000000D+01  0.10000000000000D+01  0.10000000000000D+01
            0.10000000000000D+01  0.10000000000000D+01  0.10000000000000D+01
            0.10000000000000D+01  0.10000000000000D+01  0.10000000000000D+01
            0.10000000000000D+01  0.10000000000000D+01  0.00000000000000D+00
            0.00000000000000D+00  0.00000000000000D+00  0.00000000000000D+00
            0.00000000000000D+00  0.00000000000000D+00  0.00000000000000D+00
            0.00000000000000D+00  0.00000000000000D+00  0.00000000000000D+00
            0.00000000000000D+00  0.00000000000000D+00  0.00000000000000D+00
            0.00000000000000D+00  0.00000000000000D+00  0.00000000000000D+00
            0.00000000000000D+00  0.00000000000000D+00  0.00000000000000D+00
            0.00000000000000D+00
     rprim  0.15040330225900D+02  0.00000000000000D+00  0.00000000000000D+00
            0.00000000000000D+00  0.15040330225900D+02  0.00000000000000D+00
            0.00000000000000D+00  0.00000000000000D+00  0.12033775961600D+02
  dfpt_sciss  0.00000000000000D+00
    spinat  0.00000000000000D+00  0.00000000000000D+00  0.00000000000000D+00
            0.00000000000000D+00  0.00000000000000D+00  0.00000000000000D+00
            0.00000000000000D+00  0.00000000000000D+00  0.00000000000000D+00
            0.00000000000000D+00  0.00000000000000D+00  0.00000000000000D+00
            0.00000000000000D+00  0.00000000000000D+00  0.00000000000000D+00
            0.00000000000000D+00  0.00000000000000D+00  0.00000000000000D+00
            0.00000000000000D+00  0.00000000000000D+00  0.00000000000000D+00
            0.00000000000000D+00  0.00000000000000D+00  0.00000000000000D+00
            0.00000000000000D+00  0.00000000000000D+00  0.00000000000000D+00
            0.00000000000000D+00  0.00000000000000D+00  0.00000000000000D+00
            0.00000000000000D+00  0.00000000000000D+00  0.00000000000000D+00
            0.00000000000000D+00  0.00000000000000D+00  0.00000000000000D+00
            0.00000000000000D+00  0.00000000000000D+00  0.00000000000000D+00
            0.00000000000000D+00  0.00000000000000D+00  0.00000000000000D+00
            0.00000000000000D+00  0.00000000000000D+00  0.00000000000000D+00
            0.00000000000000D+00  0.00000000000000D+00  0.00000000000000D+00
            0.00000000000000D+00  0.00000000000000D+00  0.00000000000000D+00
            0.00000000000000D+00  0.00000000000000D+00  0.00000000000000D+00
            0.00000000000000D+00  0.00000000000000D+00  0.00000000000000D+00
            0.00000000000000D+00  0.00000000000000D+00  0.00000000000000D+00
            0.00000000000000D+00  0.00000000000000D+00  0.00000000000000D+00
            0.00000000000000D+00  0.00000000000000D+00  0.00000000000000D+00
            0.00000000000000D+00  0.00000000000000D+00  0.00000000000000D+00
            0.00000000000000D+00  0.00000000000000D+00  0.00000000000000D+00
            0.00000000000000D+00  0.00000000000000D+00  0.00000000000000D+00
            0.00000000000000D+00  0.00000000000000D+00  0.00000000000000D+00
            0.00000000000000D+00  0.00000000000000D+00  0.00000000000000D+00
            0.00000000000000D+00  0.00000000000000D+00  0.00000000000000D+00
            0.00000000000000D+00  0.00000000000000D+00  0.00000000000000D+00
            0.00000000000000D+00  0.00000000000000D+00  0.00000000000000D+00
            0.00000000000000D+00  0.00000000000000D+00  0.00000000000000D+00
            0.00000000000000D+00  0.00000000000000D+00  0.00000000000000D+00
            0.00000000000000D+00  0.00000000000000D+00  0.00000000000000D+00
            0.00000000000000D+00  0.00000000000000D+00  0.00000000000000D+00
            0.00000000000000D+00  0.00000000000000D+00  0.00000000000000D+00
            0.00000000000000D+00  0.00000000000000D+00  0.00000000000000D+00
    symafm         1
    symrel         1    0    0    0    1    0    0    0    1
     tnons  0.00000000000000D+00  0.00000000000000D+00  0.00000000000000D+00
    tolwfr  0.10000000000000D+01
   tphysel  0.00000000000000D+00
    tsmear  0.10000000000000D-01
     typat         1    2    2    2    3    3    3    3    3    3    3    3
                   4    4    4    4    4    4    4    4    5    5    5    5
                   5    5    5    5    6    6    6    6    6    6    6    6
       wtk  0.10000000000000D+01
      xred  0.50000000000000D+00  0.00000000000000D+00  0.25000000000000D+00
            0.50000000000000D+00  0.00000000000000D+00  0.75000000000000D+00
            0.10000000000000D+01  0.50000000000000D+00  0.11890596229000D-03
            0.10000000000000D+01  0.50000000000000D+00  0.49988109400000D+00
            0.12744374710000D+00  0.82536213210000D+00  0.25000000000000D+00
            0.12606532030000D+00  0.82502282330000D+00  0.74901893390000D+00
            0.87255625290000D+00  0.17463786790000D+00  0.25000000000000D+00
            0.87295361360000D+00  0.17497717670000D+00  0.75000000000000D+00
            0.17499169840000D+00  0.12728967160000D+00  0.28739574230000D-03
            0.17499169840000D+00  0.12728967160000D+00  0.49971260430000D+00
            0.82500830160000D+00  0.87271032840000D+00  0.28739574230000D-03
            0.82500830160000D+00  0.87271032840000D+00  0.49971260430000D+00
            0.35173806670000D+00  0.68241995630000D+00  0.21289163617000D-03
            0.35173806670000D+00  0.68241995630000D+00  0.49978710840000D+00
            0.64826193330000D+00  0.31758004370000D+00  0.21289163617000D-03
            0.64826193330000D+00  0.31758004370000D+00  0.49978710840000D+00
            0.31780576680000D+00  0.35109081090000D+00  0.25000000000000D+00
            0.31777456060000D+00  0.35154217070000D+00  0.75000000000000D+00
            0.68219423320000D+00  0.64890918910000D+00  0.25000000000000D+00
            0.68222543940000D+00  0.64845782930000D+00  0.75000000000000D+00
            0.58430476540000D+00  0.73091011390000D+00  0.99992821440000D+00
            0.58430476540000D+00  0.73091011390000D+00  0.50007178560000D+00
            0.41569523460000D+00  0.26908988610000D+00  0.99992821440000D+00
            0.41569523460000D+00  0.26908988610000D+00  0.50007178560000D+00
            0.27019712620000D+00  0.58410218790000D+00  0.25000000000000D+00
            0.27041286440000D+00  0.58437089430000D+00  0.75000000000000D+00
            0.72980287380000D+00  0.41589781210000D+00  0.25000000000000D+00
            0.72958713560000D+00  0.41562910570000D+00  0.75000000000000D+00
            0.25250920030000D+00  0.88699605780000D+00  0.99991734080000D+00
            0.25250920030000D+00  0.88699605780000D+00  0.50008265920000D+00
            0.74749079970000D+00  0.11300394220000D+00  0.99991734080000D+00
            0.74749079970000D+00  0.11300394220000D+00  0.50008265920000D+00
            0.11279815010000D+00  0.25309031310000D+00  0.25000000000000D+00
            0.11273121590000D+00  0.25349138290000D+00  0.75000000000000D+00
            0.88720184990000D+00  0.74690968690000D+00  0.25000000000000D+00
            0.88726878410000D+00  0.74650861710000D+00  0.75000000000000D+00
     znucl  0.63000000000000D+02  0.38000000000000D+02  0.30000000000000D+01
            0.13000000000000D+02  0.70000000000000D+01  0.80000000000000D+01
      zion  0.17000000000000D+02  0.10000000000000D+02  0.30000000000000D+01
            0.30000000000000D+01  0.50000000000000D+01  0.60000000000000D+01
 
 No information on the potentials yet 
 
 **** Database of total energy derivatives ****
 Number of data blocks=    2
  
 1st derivatives              - # elements :         114
     1     1  0.93060610610229D-03  0.00000000000000D+00
     2     1  0.19508687196578D-03  0.00000000000000D+00
     3     1  0.36766617208675D-03  0.00000000000000D+00
     1     2  0.19779409281181D-02  0.00000000000000D+00
     2     2  0.67981129025325D-03  0.00000000000000D+00
     3     2 -0.40471235578333D-03  0.00000000000000D+00
     1     3 -0.93512616883792D-03  0.00000000000000D+00
     2     3  0.10223155130284D-03  0.00000000000000D+00
     3     3  0.19841315928331D-03  0.00000000000000D+00
     1     4 -0.31787028220402D-03  0.00000000000000D+00
     2     4  0.18472990636197D-02  0.00000000000000D+00
     3     4  0.19741769403353D-03  0.00000000000000D+00
     1     5  0.27573814217499D-02  0.00000000000000D+00
     2     5  0.36402230306483D-02  0.00000000000000D+00
     3     5  0.10117083703485D-02  0.00000000000000D+00
     1     6 -0.67977358536576D-02  0.00000000000000D+00
     2     6  0.42330154019991D-02  0.00000000000000D+00
     3     6 -0.74090950852121D-02  0.00000000000000D+00
     1     7 -0.33643843937718D-02  0.00000000000000D+00
     2     7 -0.37892712546263D-02  0.00000000000000D+00
     3     7  0.47424903463935D-04  0.00000000000000D+00
     1     8 -0.21507478392381D-02  0.00000000000000D+00
     2     8 -0.42676558052660D-02  0.00000000000000D+00
     3     8 -0.85350688201127D-04  0.00000000000000D+00
     1     9 -0.24691646240790D-02  0.00000000000000D+00
     2     9  0.45806461216668D-02  0.00000000000000D+00
     3     9  0.96685993572281D-03  0.00000000000000D+00
     1    10 -0.26434773999501D-02  0.00000000000000D+00
     2    10  0.32110040070792D-02  0.00000000000000D+00
     3    10 -0.67637990419640D-03  0.00000000000000D+00
     1    11  0.24082966212463D-02  0.00000000000000D+00
     2    11 -0.39062646135924D-02  0.00000000000000D+00
     3    11  0.26897628941278D-03  0.00000000000000D+00
     1    12  0.37714461661410D-02  0.00000000000000D+00
     2    12 -0.39079336695912D-02  0.00000000000000D+00
     3    12  0.28697617878971D-04  0.00000000000000D+00
     1    13 -0.39848865074038D-02  0.00000000000000D+00
     2    13 -0.10750005597922D-01  0.00000000000000D+00
     3    13  0.35964054084510D-02  0.00000000000000D+00
     1    14 -0.74946096701625D-02  0.00000000000000D+00
     2    14 -0.74393863571367D-02  0.00000000000000D+00
     3    14 -0.22920865678918D-02  0.00000000000000D+00
     1    15  0.81180734637824D-02  0.00000000000000D+00
     2    15  0.75863483267738D-02  0.00000000000000D+00
     3    15  0.11658945464044D-02  0.00000000000000D+00
     1    16  0.80540134701163D-02  0.00000000000000D+00
     2    16  0.75766413799606D-02  0.00000000000000D+00
     3    16 -0.11613878803191D-02  0.00000000000000D+00
     1    17  0.55552421608055D-02  0.00000000000000D+00
     2    17 -0.11660581384332D-01  0.00000000000000D+00
     3    17 -0.14964074587641D-04  0.00000000000000D+00
     1    18  0.63776613911971D-02  0.00000000000000D+00
     2    18 -0.10507152452641D-01  0.00000000000000D+00
     3    18  0.10353210677297D-03  0.00000000000000D+00
     1    19 -0.52720921935478D-02  0.00000000000000D+00
     2    19  0.11723980145712D-01  0.00000000000000D+00
     3    19  0.82922595914282D-04  0.00000000000000D+00
     1    20 -0.45042149565245D-02  0.00000000000000D+00
     2    20  0.10793561276710D-01  0.00000000000000D+00
     3    20 -0.20580360008682D-04  0.00000000000000D+00
     1    21  0.50939868843882D-02  0.00000000000000D+00
     2    21  0.40328249422518D-02  0.00000000000000D+00
     3    21 -0.21333297679209D-02  0.00000000000000D+00
     1    22  0.58013661044611D-02  0.00000000000000D+00
     2    22  0.36349002092960D-02  0.00000000000000D+00
     3    22  0.21284419137984D-02  0.00000000000000D+00
     1    23 -0.67487513454812D-02  0.00000000000000D+00
     2    23 -0.40898461762823D-02  0.00000000000000D+00
     3    23 -0.23186266531958D-02  0.00000000000000D+00
     1    24 -0.66834184445947D-02  0.00000000000000D+00
     2    24 -0.35611213841639D-02  0.00000000000000D+00
     3    24  0.23591567102146D-02  0.00000000000000D+00
     1    25 -0.29332863878572D-02  0.00000000000000D+00
     2    25  0.10133472472106D-01  0.00000000000000D+00
     3    25 -0.35085127493499D-03  0.00000000000000D+00
     1    26 -0.43798084649365D-02  0.00000000000000D+00
     2    26  0.58854225549596D-02  0.00000000000000D+00
     3    26  0.91705341779463D-03  0.00000000000000D+00
     1    27  0.27570968457485D-02  0.00000000000000D+00
     2    27 -0.98508255273827D-02  0.00000000000000D+00
     3    27 -0.74671430222373D-04  0.00000000000000D+00
     1    28  0.46267086939470D-02  0.00000000000000D+00
     2    28 -0.53221568826651D-02  0.00000000000000D+00
     3    28  0.54362394566187D-04  0.00000000000000D+00
     1    29 -0.39485423831756D-02  0.00000000000000D+00
     2    29 -0.24858462870874D-01  0.00000000000000D+00
     3    29  0.11779676738282D-02  0.00000000000000D+00
     1    30 -0.34304445684823D-02  0.00000000000000D+00
     2    30 -0.25006777803134D-01  0.00000000000000D+00
     3    30  0.15401924764493D-02  0.00000000000000D+00
     1    31  0.47630269171811D-02  0.00000000000000D+00
     2    31  0.25043912371598D-01  0.00000000000000D+00
     3    31 -0.13197209264151D-03  0.00000000000000D+00
     1    32  0.44001764092609D-02  0.00000000000000D+00
     2    32  0.25141069329017D-01  0.00000000000000D+00
     3    32  0.96501534497858D-04  0.00000000000000D+00
     1    33  0.22221322152498D-01  0.00000000000000D+00
     2    33 -0.10987347829843D-01  0.00000000000000D+00
     3    33 -0.10043399331656D-03  0.00000000000000D+00
     1    34  0.20972347499959D-01  0.00000000000000D+00
     2    34 -0.81721344511580D-02  0.00000000000000D+00
     3    34  0.15915276044357D-03  0.00000000000000D+00
     1    35 -0.22035027397428D-01  0.00000000000000D+00
     2    35  0.10627661381225D-01  0.00000000000000D+00
     3    35 -0.40716765162601D-03  0.00000000000000D+00
     1    36 -0.20575405045793D-01  0.00000000000000D+00
     2    36  0.74000040405539D-02  0.00000000000000D+00
     3    36  0.11844182630662D-02  0.00000000000000D+00
     1    39  0.26506021982244D-02  0.00000000000000D+00
     2    39  0.26525125396643D-02  0.00000000000000D+00
     3    39  0.24358711545235D-02  0.00000000000000D+00
     1    40 -0.11487382657912D-06  0.00000000000000D+00
     2    40  0.21225801731881D-06  0.00000000000000D+00
     3    40 -0.16711133883381D-05  0.00000000000000D+00
  
 Total energy                 - # elements :           1
 -0.47548225778214D+03  0.00000000000000D+00
