 Fermi (or HOMO) energy (hartree) =   0.22145   Average Vxc (hartree)=  -0.38907
 Eigenvalues (hartree) for nkpt=   1  k points, SPIN UP:
 kpt#   1, nband=115, wtk=  1.00000, kpt=  0.0000  0.0000  0.0000 (reduced coord)
  -1.39329   -1.39279   -1.39274   -1.39270   -1.39266   -1.39261   -1.39254   -1.39246
  -1.22948   -1.05222   -1.04839   -1.04592   -0.48981   -0.48785   -0.47399   -0.46689
  -0.46680   -0.45936   -0.45599   -0.45238   -0.45183   -0.43741   -0.43731   -0.41216
  -0.40840   -0.40152   -0.39274   -0.38869   -0.38534   -0.38127   -0.37663   -0.36995
  -0.35311   -0.31257   -0.30956   -0.30875   -0.30819   -0.30746   -0.30479   -0.30379
  -0.02495   -0.01658   -0.01561   -0.01158   -0.01142    0.01845    0.01881    0.02672
   0.02721    0.02778    0.03933    0.04575    0.04661    0.05407    0.06647    0.06818
   0.06826    0.07122    0.07163    0.07802    0.07853    0.08934    0.08976    0.09499
   0.09953    0.10123    0.10434    0.10478    0.11554    0.11569    0.11731    0.12020
   0.12221    0.12271    0.12361    0.12577    0.13396    0.13396    0.13632    0.13874
   0.13890    0.13921    0.13938    0.13943    0.15271    0.16092    0.16237    0.16589
   0.21515    0.21524    0.21597    0.21634    0.21643    0.21720    0.22145    0.27973
   0.29058    0.29670    0.31768    0.32877    0.33817    0.37146    0.38109    0.38247
   0.38893    0.38906    0.39262    0.39910    0.40000    0.40282    0.40950    0.41108
   0.41948    0.42173    0.42396
 Eigenvalues (hartree) for nkpt=   1  k points, SPIN DOWN:
 kpt#   1, nband=115, wtk=  1.00000, kpt=  0.0000  0.0000  0.0000 (reduced coord)
  -1.39329   -1.39280   -1.39272   -1.39268   -1.39267   -1.39263   -1.39253   -1.39247
  -1.12229   -1.05222   -1.04822   -1.04593   -0.47266   -0.47224   -0.46725   -0.46690
  -0.45942   -0.45607   -0.45268   -0.45203   -0.41248   -0.41060   -0.40841   -0.40637
  -0.39273   -0.38868   -0.38719   -0.38441   -0.37647   -0.36996   -0.36869   -0.36063
  -0.35314   -0.30958   -0.30874   -0.30836   -0.30748   -0.30679   -0.30382   -0.30330
  -0.02466   -0.01585   -0.01543   -0.01134   -0.01024    0.01887    0.01925    0.02740
   0.02774    0.02799    0.03955    0.04635    0.04760    0.05516    0.06731    0.06843
   0.06871    0.07204    0.07262    0.07825    0.07907    0.08996    0.09062    0.09558
   0.10142    0.10172    0.10450    0.10485    0.11581    0.11583    0.11732    0.12099
   0.12367    0.12405    0.12477    0.12586    0.13385    0.13457    0.13899    0.13912
   0.13914    0.13945    0.13956    0.14020    0.15379    0.16259    0.16335    0.16644
   0.28875    0.29185    0.30039    0.32300    0.33673    0.33729    0.37682    0.38581
   0.38818    0.38840    0.39215    0.39419    0.39824    0.40061    0.41059    0.41098
   0.41568    0.42119    0.42213    0.42511    0.42777    0.42939    0.43115    0.45265
   0.45349    0.46502    0.46564
