
 **** DERIVATIVE DATABASE ****    
+DDB, Version number  20230401

  Note : temporary (transfer) database

    usepaw         1
     natom        36
      nkpt         1
    nsppol         2
      nsym         2
    ntypat         6
    occopt         2
     nband       115
     acell  0.10000000000000D+01  0.10000000000000D+01  0.10000000000000D+01
       amu  0.15196500000000D+03  0.87620000000000D+02  0.69410000000000D+01
            0.26981539000000D+02  0.14006740000000D+02  0.15999400000000D+02
   dilatmx  0.10000000000000D+01
      ecut  0.10000000000000D+02
 pawecutdg  0.20000000000000D+02
    ecutsm  0.00000000000000D+00
     intxc         0
      iscf        17
       ixc     -1012
       kpt  0.00000000000000D+00  0.00000000000000D+00  0.00000000000000D+00
    kptnrm  0.10000000000000D+01
     ngfft        45   45   36
    nspden         2
   nspinor         1
       occ  0.10000000000000D+01  0.10000000000000D+01  0.10000000000000D+01
            0.10000000000000D+01  0.10000000000000D+01  0.10000000000000D+01
            0.10000000000000D+01  0.10000000000000D+01  0.10000000000000D+01
            0.10000000000000D+01  0.10000000000000D+01  0.10000000000000D+01
            0.10000000000000D+01  0.10000000000000D+01  0.10000000000000D+01
            0.10000000000000D+01  0.10000000000000D+01  0.10000000000000D+01
            0.10000000000000D+01  0.10000000000000D+01  0.10000000000000D+01
            0.10000000000000D+01  0.10000000000000D+01  0.10000000000000D+01
            0.10000000000000D+01  0.10000000000000D+01  0.10000000000000D+01
            0.10000000000000D+01  0.10000000000000D+01  0.10000000000000D+01
            0.10000000000000D+01  0.10000000000000D+01  0.10000000000000D+01
            0.10000000000000D+01  0.10000000000000D+01  0.10000000000000D+01
            0.10000000000000D+01  0.10000000000000D+01  0.10000000000000D+01
            0.10000000000000D+01  0.10000000000000D+01  0.10000000000000D+01
            0.10000000000000D+01  0.10000000000000D+01  0.10000000000000D+01
            0.10000000000000D+01  0.10000000000000D+01  0.10000000000000D+01
            0.10000000000000D+01  0.10000000000000D+01  0.10000000000000D+01
            0.10000000000000D+01  0.10000000000000D+01  0.10000000000000D+01
            0.10000000000000D+01  0.10000000000000D+01  0.10000000000000D+01
            0.10000000000000D+01  0.10000000000000D+01  0.10000000000000D+01
            0.10000000000000D+01  0.10000000000000D+01  0.10000000000000D+01
            0.10000000000000D+01  0.10000000000000D+01  0.10000000000000D+01
            0.10000000000000D+01  0.10000000000000D+01  0.10000000000000D+01
            0.10000000000000D+01  0.10000000000000D+01  0.10000000000000D+01
            0.10000000000000D+01  0.10000000000000D+01  0.10000000000000D+01
            0.10000000000000D+01  0.10000000000000D+01  0.10000000000000D+01
            0.10000000000000D+01  0.10000000000000D+01  0.10000000000000D+01
            0.10000000000000D+01  0.10000000000000D+01  0.10000000000000D+01
            0.10000000000000D+01  0.10000000000000D+01  0.10000000000000D+01
            0.10000000000000D+01  0.10000000000000D+01  0.10000000000000D+01
            0.10000000000000D+01  0.10000000000000D+01  0.10000000000000D+01
            0.10000000000000D+01  0.10000000000000D+01  0.00000000000000D+00
            0.00000000000000D+00  0.00000000000000D+00  0.00000000000000D+00
            0.00000000000000D+00  0.00000000000000D+00  0.00000000000000D+00
            0.00000000000000D+00  0.00000000000000D+00  0.00000000000000D+00
            0.00000000000000D+00  0.00000000000000D+00  0.00000000000000D+00
            0.00000000000000D+00  0.00000000000000D+00  0.00000000000000D+00
            0.00000000000000D+00  0.00000000000000D+00  0.00000000000000D+00
            0.00000000000000D+00
     rprim  0.15040330225900D+02  0.00000000000000D+00  0.00000000000000D+00
            0.00000000000000D+00  0.15040330225900D+02  0.00000000000000D+00
            0.00000000000000D+00  0.00000000000000D+00  0.12033775961600D+02
  dfpt_sciss  0.00000000000000D+00
    spinat  0.00000000000000D+00  0.00000000000000D+00  0.00000000000000D+00
            0.00000000000000D+00  0.00000000000000D+00  0.00000000000000D+00
            0.00000000000000D+00  0.00000000000000D+00  0.00000000000000D+00
            0.00000000000000D+00  0.00000000000000D+00  0.00000000000000D+00
            0.00000000000000D+00  0.00000000000000D+00  0.00000000000000D+00
            0.00000000000000D+00  0.00000000000000D+00  0.00000000000000D+00
            0.00000000000000D+00  0.00000000000000D+00  0.00000000000000D+00
            0.00000000000000D+00  0.00000000000000D+00  0.00000000000000D+00
            0.00000000000000D+00  0.00000000000000D+00  0.00000000000000D+00
            0.00000000000000D+00  0.00000000000000D+00  0.00000000000000D+00
            0.00000000000000D+00  0.00000000000000D+00  0.00000000000000D+00
            0.00000000000000D+00  0.00000000000000D+00  0.00000000000000D+00
            0.00000000000000D+00  0.00000000000000D+00  0.00000000000000D+00
            0.00000000000000D+00  0.00000000000000D+00  0.00000000000000D+00
            0.00000000000000D+00  0.00000000000000D+00  0.00000000000000D+00
            0.00000000000000D+00  0.00000000000000D+00  0.00000000000000D+00
            0.00000000000000D+00  0.00000000000000D+00  0.00000000000000D+00
            0.00000000000000D+00  0.00000000000000D+00  0.00000000000000D+00
            0.00000000000000D+00  0.00000000000000D+00  0.00000000000000D+00
            0.00000000000000D+00  0.00000000000000D+00  0.00000000000000D+00
            0.00000000000000D+00  0.00000000000000D+00  0.00000000000000D+00
            0.00000000000000D+00  0.00000000000000D+00  0.00000000000000D+00
            0.00000000000000D+00  0.00000000000000D+00  0.00000000000000D+00
            0.00000000000000D+00  0.00000000000000D+00  0.00000000000000D+00
            0.00000000000000D+00  0.00000000000000D+00  0.00000000000000D+00
            0.00000000000000D+00  0.00000000000000D+00  0.00000000000000D+00
            0.00000000000000D+00  0.00000000000000D+00  0.00000000000000D+00
            0.00000000000000D+00  0.00000000000000D+00  0.00000000000000D+00
            0.00000000000000D+00  0.00000000000000D+00  0.00000000000000D+00
            0.00000000000000D+00  0.00000000000000D+00  0.00000000000000D+00
            0.00000000000000D+00  0.00000000000000D+00  0.00000000000000D+00
            0.00000000000000D+00  0.00000000000000D+00  0.00000000000000D+00
            0.00000000000000D+00  0.00000000000000D+00  0.00000000000000D+00
            0.00000000000000D+00  0.00000000000000D+00  0.00000000000000D+00
            0.00000000000000D+00  0.00000000000000D+00  0.00000000000000D+00
            0.00000000000000D+00  0.00000000000000D+00  0.00000000000000D+00
    symafm         1    1
    symrel         1    0    0    0    1    0    0    0    1
                   1    0    0    0    1    0    0    0   -1
     tnons  0.00000000000000D+00  0.00000000000000D+00  0.00000000000000D+00
            0.00000000000000D+00  0.00000000000000D+00  0.50000000000000D+00
    tolwfr  0.10000000000000D+01
   tphysel  0.00000000000000D+00
    tsmear  0.10000000000000D-01
     typat         1    2    2    2    3    3    3    3    3    3    3    3
                   4    4    4    4    4    4    4    4    5    5    5    5
                   5    5    5    5    6    6    6    6    6    6    6    6
       wtk  0.10000000000000D+01
      xred  0.50000000000000D+00  0.00000000000000D+00  0.25000000000000D+00
            0.50000000000000D+00  0.00000000000000D+00  0.75000000000000D+00
            0.10000000000000D+01  0.50000000000000D+00  0.11890598114499D-03
            0.10000000000000D+01  0.50000000000000D+00  0.49988109401885D+00
            0.12744374710000D+00  0.82536213210000D+00  0.25000000000000D+00
            0.12704638640000D+00  0.82502282330000D+00  0.75000000000000D+00
            0.87255625290000D+00  0.17463786790000D+00  0.25000000000000D+00
            0.87295361360000D+00  0.17497717670000D+00  0.75000000000000D+00
            0.17499169840000D+00  0.12728967160000D+00  0.28739572115001D-03
            0.17499169840000D+00  0.12728967160000D+00  0.49971260427885D+00
            0.82500830160000D+00  0.87271032840000D+00  0.28739572115001D-03
            0.82500830160000D+00  0.87271032840000D+00  0.49971260427885D+00
            0.35173806670000D+00  0.68241995630000D+00  0.21289161808499D-03
            0.35173806670000D+00  0.68241995630000D+00  0.49978710838191D+00
            0.64826193330000D+00  0.31758004370000D+00  0.21289161808499D-03
            0.64826193330000D+00  0.31758004370000D+00  0.49978710838191D+00
            0.31780576680000D+00  0.34983437160000D+00  0.25000000000000D+00
            0.31777456060000D+00  0.35154217070000D+00  0.75000000000000D+00
            0.68219423320000D+00  0.64890918910000D+00  0.25000000000000D+00
            0.68222543940000D+00  0.64845782930000D+00  0.75000000000000D+00
            0.58430476540000D+00  0.73091011390000D+00  0.99992821440000D+00
            0.58430476540000D+00  0.73091011390000D+00  0.50007178560000D+00
            0.41569523460000D+00  0.26908988610000D+00  0.99992821440000D+00
            0.41569523460000D+00  0.26908988610000D+00  0.50007178560000D+00
            0.27019712620000D+00  0.58410218790000D+00  0.25000000000000D+00
            0.27041286440000D+00  0.58437089430000D+00  0.75000000000000D+00
            0.72980287380000D+00  0.41589781210000D+00  0.25000000000000D+00
            0.72958713560000D+00  0.41562910570000D+00  0.75000000000000D+00
            0.25250920030000D+00  0.88699605780000D+00  0.99991734080000D+00
            0.25250920030000D+00  0.88699605780000D+00  0.50008265920000D+00
            0.74749079970000D+00  0.11300394220000D+00  0.99991734080000D+00
            0.74749079970000D+00  0.11300394220000D+00  0.50008265920000D+00
            0.11279815010000D+00  0.25309031310000D+00  0.25000000000000D+00
            0.11273121590000D+00  0.25349138290000D+00  0.75000000000000D+00
            0.88720184990000D+00  0.74690968690000D+00  0.25000000000000D+00
            0.88726878410000D+00  0.74650861710000D+00  0.75000000000000D+00
     znucl  0.63000000000000D+02  0.38000000000000D+02  0.30000000000000D+01
            0.13000000000000D+02  0.70000000000000D+01  0.80000000000000D+01
      zion  0.17000000000000D+02  0.10000000000000D+02  0.30000000000000D+01
            0.30000000000000D+01  0.50000000000000D+01  0.60000000000000D+01
 
 No information on the potentials yet 
 
 **** Database of total energy derivatives ****
 Number of data blocks=    2
  
 1st derivatives              - # elements :         114
     1     1 -0.30684390017614D-02  0.00000000000000D+00
     2     1  0.69515010642953D-02  0.00000000000000D+00
     3     1  0.00000000000000D+00  0.00000000000000D+00
     1     2 -0.10975992135738D-03  0.00000000000000D+00
     2     2  0.19764839022351D-02  0.00000000000000D+00
     3     2  0.00000000000000D+00  0.00000000000000D+00
     1     3 -0.27588264748416D-02  0.00000000000000D+00
     2     3 -0.18882750523736D-02  0.00000000000000D+00
     3     3 -0.86155661198823D-03  0.00000000000000D+00
     1     4 -0.27588264748416D-02  0.00000000000000D+00
     2     4 -0.18882750523736D-02  0.00000000000000D+00
     3     4  0.86155661198823D-03  0.00000000000000D+00
     1     5  0.28230574773447D-02  0.00000000000000D+00
     2     5  0.52425767656018D-02  0.00000000000000D+00
     3     5  0.00000000000000D+00  0.00000000000000D+00
     1     6  0.21018298421403D-02  0.00000000000000D+00
     2     6  0.39966260598495D-02  0.00000000000000D+00
     3     6  0.00000000000000D+00  0.00000000000000D+00
     1     7 -0.24886181578227D-02  0.00000000000000D+00
     2     7 -0.34855111573641D-02  0.00000000000000D+00
     3     7  0.00000000000000D+00  0.00000000000000D+00
     1     8 -0.20256215259442D-02  0.00000000000000D+00
     2     8 -0.36930144323677D-02  0.00000000000000D+00
     3     8  0.00000000000000D+00  0.00000000000000D+00
     1     9 -0.60234875198537D-03  0.00000000000000D+00
     2     9  0.62678900288085D-02  0.00000000000000D+00
     3     9  0.30997285936411D-02  0.00000000000000D+00
     1    10 -0.60234875198537D-03  0.00000000000000D+00
     2    10  0.62678900288085D-02  0.00000000000000D+00
     3    10 -0.30997285936411D-02  0.00000000000000D+00
     1    11  0.23030144418601D-02  0.00000000000000D+00
     2    11 -0.32408644634346D-02  0.00000000000000D+00
     3    11  0.79978860973521D-03  0.00000000000000D+00
     1    12  0.23030144418601D-02  0.00000000000000D+00
     2    12 -0.32408644634346D-02  0.00000000000000D+00
     3    12 -0.79978860973521D-03  0.00000000000000D+00
     1    13 -0.62509490256927D-02  0.00000000000000D+00
     2    13 -0.33622164524532D-02  0.00000000000000D+00
     3    13 -0.28956919420142D-02  0.00000000000000D+00
     1    14 -0.62509490256927D-02  0.00000000000000D+00
     2    14 -0.33622164524532D-02  0.00000000000000D+00
     3    14  0.28956919420142D-02  0.00000000000000D+00
     1    15  0.64740796756077D-02  0.00000000000000D+00
     2    15  0.68429283461324D-02  0.00000000000000D+00
     3    15  0.70887185398451D-03  0.00000000000000D+00
     1    16  0.64740796756077D-02  0.00000000000000D+00
     2    16  0.68429283461324D-02  0.00000000000000D+00
     3    16 -0.70887185398451D-03  0.00000000000000D+00
     1    17  0.82655472952583D-02  0.00000000000000D+00
     2    17 -0.73062449066983D-01  0.00000000000000D+00
     3    17  0.00000000000000D+00  0.00000000000000D+00
     1    18  0.77420511851336D-02  0.00000000000000D+00
     2    18 -0.12462716193387D-01  0.00000000000000D+00
     3    18  0.00000000000000D+00  0.00000000000000D+00
     1    19 -0.40120132900123D-02  0.00000000000000D+00
     2    19  0.11594723614035D-01  0.00000000000000D+00
     3    19  0.00000000000000D+00  0.00000000000000D+00
     1    20 -0.57648846157547D-02  0.00000000000000D+00
     2    20  0.87907877200618D-02  0.00000000000000D+00
     3    20  0.00000000000000D+00  0.00000000000000D+00
     1    21  0.53725930939638D-02  0.00000000000000D+00
     2    21  0.32585765807973D-02  0.00000000000000D+00
     3    21 -0.15436297648923D-02  0.00000000000000D+00
     1    22  0.53725930939638D-02  0.00000000000000D+00
     2    22  0.32585765807973D-02  0.00000000000000D+00
     3    22  0.15436297648923D-02  0.00000000000000D+00
     1    23 -0.87299489476229D-02  0.00000000000000D+00
     2    23  0.38364711993526D-02  0.00000000000000D+00
     3    23  0.17787472908683D-02  0.00000000000000D+00
     1    24 -0.87299489476229D-02  0.00000000000000D+00
     2    24  0.38364711993526D-02  0.00000000000000D+00
     3    24 -0.17787472908683D-02  0.00000000000000D+00
     1    25 -0.55834882398325D-02  0.00000000000000D+00
     2    25  0.30121617897315D-01  0.00000000000000D+00
     3    25  0.00000000000000D+00  0.00000000000000D+00
     1    26 -0.58095800513912D-02  0.00000000000000D+00
     2    26  0.61097640355438D-02  0.00000000000000D+00
     3    26  0.00000000000000D+00  0.00000000000000D+00
     1    27  0.21315267279598D-02  0.00000000000000D+00
     2    27 -0.84357630879231D-02  0.00000000000000D+00
     3    27  0.00000000000000D+00  0.00000000000000D+00
     1    28  0.69089184687319D-02  0.00000000000000D+00
     2    28 -0.34389527887921D-02  0.00000000000000D+00
     3    28  0.00000000000000D+00  0.00000000000000D+00
     1    29 -0.49868116117231D-02  0.00000000000000D+00
     2    29 -0.27373167633534D-01  0.00000000000000D+00
     3    29  0.34543983465494D-03  0.00000000000000D+00
     1    30 -0.49868116117231D-02  0.00000000000000D+00
     2    30 -0.27373167633534D-01  0.00000000000000D+00
     3    30 -0.34543983465494D-03  0.00000000000000D+00
     1    31  0.49523565855663D-02  0.00000000000000D+00
     2    31  0.24413046367005D-01  0.00000000000000D+00
     3    31 -0.32857062070575D-03  0.00000000000000D+00
     1    32  0.49523565855663D-02  0.00000000000000D+00
     2    32  0.24413046367005D-01  0.00000000000000D+00
     3    32  0.32857062070575D-03  0.00000000000000D+00
     1    33  0.29505174163676D-01  0.00000000000000D+00
     2    33  0.88995416946708D-03  0.00000000000000D+00
     3    33  0.00000000000000D+00  0.00000000000000D+00
     1    34  0.19747094490779D-01  0.00000000000000D+00
     2    34 -0.77952514094706D-02  0.00000000000000D+00
     3    34  0.00000000000000D+00  0.00000000000000D+00
     1    35 -0.21029319579514D-01  0.00000000000000D+00
     2    35  0.10441931569251D-01  0.00000000000000D+00
     3    35  0.00000000000000D+00  0.00000000000000D+00
     1    36 -0.20849799898139D-01  0.00000000000000D+00
     2    36  0.87254327801809D-02  0.00000000000000D+00
     3    36  0.00000000000000D+00  0.00000000000000D+00
     1    39  0.26494701315754D-02  0.00000000000000D+00
     2    39  0.26534162654841D-02  0.00000000000000D+00
     3    39  0.24351718818007D-02  0.00000000000000D+00
     1    40  0.00000000000000D+00  0.00000000000000D+00
     2    40  0.00000000000000D+00  0.00000000000000D+00
     3    40 -0.18584459816072D-05  0.00000000000000D+00
  
 Total energy                 - # elements :           1
 -0.47548221036015D+03  0.00000000000000D+00
