 Fermi (or HOMO) energy (hartree) =   0.22118   Average Vxc (hartree)=  -0.38907
 Eigenvalues (hartree) for nkpt=   1  k points, SPIN UP:
 kpt#   1, nband=115, wtk=  1.00000, kpt=  0.0000  0.0000  0.0000 (reduced coord)
  -1.39342   -1.39303   -1.39290   -1.39276   -1.39270   -1.39263   -1.39257   -1.39239
  -1.22973   -1.05218   -1.04841   -1.04589   -0.48992   -0.48792   -0.47418   -0.46705
  -0.46697   -0.45942   -0.45607   -0.45234   -0.45200   -0.43744   -0.43740   -0.41206
  -0.40842   -0.40155   -0.39267   -0.38867   -0.38537   -0.38128   -0.37665   -0.36991
  -0.35301   -0.31269   -0.30939   -0.30864   -0.30835   -0.30710   -0.30489   -0.30341
  -0.02491   -0.01676   -0.01543   -0.01165   -0.01126    0.01843    0.01887    0.02681
   0.02711    0.02786    0.03932    0.04571    0.04659    0.05402    0.06647    0.06810
   0.06827    0.07118    0.07162    0.07805    0.07844    0.08932    0.08966    0.09497
   0.09955    0.10109    0.10428    0.10475    0.11559    0.11573    0.11729    0.12014
   0.12217    0.12275    0.12356    0.12597    0.13388    0.13414    0.13629    0.13868
   0.13895    0.13925    0.13945    0.13956    0.15274    0.16102    0.16242    0.16598
   0.21487    0.21495    0.21571    0.21608    0.21615    0.21694    0.22118    0.27965
   0.29059    0.29670    0.31762    0.32865    0.33824    0.37140    0.38111    0.38255
   0.38885    0.38914    0.39278    0.39925    0.39993    0.40279    0.40940    0.41092
   0.41924    0.42134    0.42181
 Eigenvalues (hartree) for nkpt=   1  k points, SPIN DOWN:
 kpt#   1, nband=115, wtk=  1.00000, kpt=  0.0000  0.0000  0.0000 (reduced coord)
  -1.39341   -1.39301   -1.39291   -1.39277   -1.39268   -1.39262   -1.39259   -1.39239
  -1.12255   -1.05216   -1.04823   -1.04587   -0.47265   -0.47237   -0.46726   -0.46699
  -0.45948   -0.45616   -0.45265   -0.45220   -0.41236   -0.41072   -0.40842   -0.40643
  -0.39264   -0.38864   -0.38733   -0.38450   -0.37648   -0.36990   -0.36884   -0.36076
  -0.35306   -0.30943   -0.30868   -0.30855   -0.30723   -0.30683   -0.30345   -0.30344
  -0.02462   -0.01603   -0.01525   -0.01118   -0.01031    0.01900    0.01913    0.02748
   0.02763    0.02808    0.03953    0.04630    0.04758    0.05510    0.06729    0.06835
   0.06872    0.07200    0.07260    0.07828    0.07897    0.08993    0.09051    0.09554
   0.10128    0.10175    0.10445    0.10481    0.11568    0.11601    0.11730    0.12093
   0.12360    0.12399    0.12482    0.12605    0.13375    0.13474    0.13865    0.13920
   0.13933    0.13957    0.13962    0.14021    0.15377    0.16263    0.16342    0.16651
   0.28872    0.29186    0.30045    0.32295    0.33658    0.33738    0.37686    0.38582
   0.38813    0.38846    0.39234    0.39429    0.39837    0.40060    0.41059    0.41098
   0.41567    0.42117    0.42213    0.42507    0.42780    0.42939    0.43112    0.45261
   0.45341    0.46468    0.46513
