 Fermi (or HOMO) energy (hartree) =   0.22130   Average Vxc (hartree)=  -0.38907
 Eigenvalues (hartree) for nkpt=   1  k points, SPIN UP:
 kpt#   1, nband=115, wtk=  1.00000, kpt=  0.0000  0.0000  0.0000 (reduced coord)
  -1.39357   -1.39324   -1.39307   -1.39282   -1.39271   -1.39268   -1.39267   -1.39255
  -1.22963   -1.05200   -1.04842   -1.04570   -0.48988   -0.48792   -0.47412   -0.46703
  -0.46685   -0.45941   -0.45605   -0.45241   -0.45191   -0.43746   -0.43738   -0.41198
  -0.40815   -0.40153   -0.39253   -0.38850   -0.38537   -0.38130   -0.37637   -0.36973
  -0.35302   -0.31252   -0.30944   -0.30866   -0.30814   -0.30733   -0.30473   -0.30367
  -0.02492   -0.01654   -0.01554   -0.01153   -0.01136    0.01847    0.01885    0.02672
   0.02717    0.02784    0.03930    0.04575    0.04657    0.05407    0.06643    0.06813
   0.06823    0.07115    0.07166    0.07799    0.07847    0.08933    0.08969    0.09502
   0.09950    0.10126    0.10434    0.10476    0.11563    0.11572    0.11729    0.12021
   0.12224    0.12271    0.12364    0.12593    0.13401    0.13404    0.13635    0.13887
   0.13892    0.13926    0.13945    0.13946    0.15277    0.16096    0.16244    0.16596
   0.21499    0.21508    0.21582    0.21618    0.21626    0.21704    0.22130    0.27973
   0.29048    0.29675    0.31777    0.32862    0.33822    0.37143    0.38109    0.38258
   0.38903    0.38915    0.39275    0.39916    0.39999    0.40284    0.40948    0.41108
   0.41924    0.42096    0.42304
 Eigenvalues (hartree) for nkpt=   1  k points, SPIN DOWN:
 kpt#   1, nband=115, wtk=  1.00000, kpt=  0.0000  0.0000  0.0000 (reduced coord)
  -1.39356   -1.39322   -1.39306   -1.39283   -1.39270   -1.39268   -1.39265   -1.39256
  -1.12244   -1.05198   -1.04824   -1.04568   -0.47270   -0.47237   -0.46729   -0.46698
  -0.45947   -0.45614   -0.45271   -0.45211   -0.41227   -0.41063   -0.40815   -0.40642
  -0.39251   -0.38847   -0.38724   -0.38447   -0.37620   -0.36972   -0.36879   -0.36071
  -0.35307   -0.30947   -0.30869   -0.30835   -0.30739   -0.30677   -0.30371   -0.30328
  -0.02462   -0.01582   -0.01536   -0.01128   -0.01020    0.01889    0.01926    0.02739
   0.02769    0.02805    0.03952    0.04634    0.04755    0.05516    0.06725    0.06838
   0.06867    0.07195    0.07264    0.07822    0.07901    0.08994    0.09054    0.09560
   0.10144    0.10168    0.10450    0.10483    0.11582    0.11591    0.11730    0.12100
   0.12367    0.12407    0.12476    0.12601    0.13388    0.13465    0.13899    0.13915
   0.13925    0.13952    0.13958    0.14023    0.15382    0.16265    0.16336    0.16649
   0.28882    0.29175    0.30046    0.32305    0.33661    0.33736    0.37686    0.38583
   0.38839    0.38842    0.39230    0.39423    0.39832    0.40062    0.41076    0.41101
   0.41575    0.42086    0.42199    0.42513    0.42780    0.42949    0.43106    0.45276
   0.45339    0.46477    0.46515
