 Fermi (or HOMO) energy (hartree) =   0.22127   Average Vxc (hartree)=  -0.38908
 Eigenvalues (hartree) for nkpt=   1  k points, SPIN UP:
 kpt#   1, nband=115, wtk=  1.00000, kpt=  0.0000  0.0000  0.0000 (reduced coord)
  -1.39327   -1.39277   -1.39273   -1.39268   -1.39264   -1.39254   -1.39252   -1.39237
  -1.22965   -1.05205   -1.04845   -1.04575   -0.48989   -0.48789   -0.47396   -0.46686
  -0.46679   -0.45930   -0.45591   -0.45233   -0.45174   -0.43743   -0.43736   -0.41208
  -0.40828   -0.40158   -0.39259   -0.38853   -0.38541   -0.38131   -0.37648   -0.36978
  -0.35308   -0.31265   -0.30942   -0.30879   -0.30827   -0.30741   -0.30487   -0.30368
  -0.02494   -0.01667   -0.01557   -0.01159   -0.01135    0.01844    0.01884    0.02675
   0.02722    0.02781    0.03930    0.04577    0.04663    0.05412    0.06648    0.06825
   0.06831    0.07128    0.07164    0.07806    0.07859    0.08941    0.08982    0.09503
   0.09958    0.10132    0.10437    0.10482    0.11561    0.11567    0.11740    0.12024
   0.12214    0.12272    0.12369    0.12566    0.13393    0.13401    0.13627    0.13875
   0.13889    0.13922    0.13941    0.13948    0.15273    0.16088    0.16234    0.16586
   0.21496    0.21505    0.21579    0.21616    0.21624    0.21702    0.22127    0.27968
   0.29059    0.29663    0.31775    0.32871    0.33821    0.37137    0.38106    0.38256
   0.38883    0.38898    0.39267    0.39902    0.39986    0.40281    0.40948    0.41105
   0.41929    0.42131    0.42183
 Eigenvalues (hartree) for nkpt=   1  k points, SPIN DOWN:
 kpt#   1, nband=115, wtk=  1.00000, kpt=  0.0000  0.0000  0.0000 (reduced coord)
  -1.39326   -1.39277   -1.39272   -1.39266   -1.39265   -1.39254   -1.39251   -1.39239
  -1.12247   -1.05203   -1.04828   -1.04573   -0.47264   -0.47214   -0.46725   -0.46679
  -0.45936   -0.45600   -0.45264   -0.45194   -0.41238   -0.41068   -0.40827   -0.40642
  -0.39256   -0.38850   -0.38729   -0.38448   -0.37631   -0.36976   -0.36879   -0.36075
  -0.35314   -0.30945   -0.30881   -0.30849   -0.30747   -0.30689   -0.30372   -0.30341
  -0.02464   -0.01595   -0.01538   -0.01127   -0.01025    0.01890    0.01922    0.02744
   0.02775    0.02800    0.03951    0.04636    0.04761    0.05521    0.06730    0.06849
   0.06875    0.07209    0.07261    0.07829    0.07912    0.09002    0.09068    0.09562
   0.10150    0.10176    0.10453    0.10488    0.11576    0.11590    0.11739    0.12103
   0.12358    0.12414    0.12477    0.12574    0.13380    0.13461    0.13896    0.13910
   0.13920    0.13951    0.13956    0.14009    0.15377    0.16255    0.16328    0.16639
   0.28875    0.29187    0.30034    0.32305    0.33666    0.33735    0.37686    0.38585
   0.38824    0.38838    0.39222    0.39392    0.39820    0.40046    0.41074    0.41099
   0.41571    0.42118    0.42214    0.42514    0.42788    0.42946    0.43109    0.45263
   0.45337    0.46490    0.46513
