
 **** DERIVATIVE DATABASE ****    
+DDB, Version number  20230401

  Note : temporary (transfer) database

    usepaw         1
     natom        36
      nkpt         1
    nsppol         2
      nsym         1
    ntypat         6
    occopt         2
     nband       115
     acell  0.10000000000000D+01  0.10000000000000D+01  0.10000000000000D+01
       amu  0.15196500000000D+03  0.87620000000000D+02  0.69410000000000D+01
            0.26981539000000D+02  0.14006740000000D+02  0.15999400000000D+02
   dilatmx  0.10000000000000D+01
      ecut  0.10000000000000D+02
 pawecutdg  0.20000000000000D+02
    ecutsm  0.00000000000000D+00
     intxc         0
      iscf        17
       ixc     -1012
       kpt  0.00000000000000D+00  0.00000000000000D+00  0.00000000000000D+00
    kptnrm  0.10000000000000D+01
     ngfft        45   45   36
    nspden         2
   nspinor         1
       occ  0.10000000000000D+01  0.10000000000000D+01  0.10000000000000D+01
            0.10000000000000D+01  0.10000000000000D+01  0.10000000000000D+01
            0.10000000000000D+01  0.10000000000000D+01  0.10000000000000D+01
            0.10000000000000D+01  0.10000000000000D+01  0.10000000000000D+01
            0.10000000000000D+01  0.10000000000000D+01  0.10000000000000D+01
            0.10000000000000D+01  0.10000000000000D+01  0.10000000000000D+01
            0.10000000000000D+01  0.10000000000000D+01  0.10000000000000D+01
            0.10000000000000D+01  0.10000000000000D+01  0.10000000000000D+01
            0.10000000000000D+01  0.10000000000000D+01  0.10000000000000D+01
            0.10000000000000D+01  0.10000000000000D+01  0.10000000000000D+01
            0.10000000000000D+01  0.10000000000000D+01  0.10000000000000D+01
            0.10000000000000D+01  0.10000000000000D+01  0.10000000000000D+01
            0.10000000000000D+01  0.10000000000000D+01  0.10000000000000D+01
            0.10000000000000D+01  0.10000000000000D+01  0.10000000000000D+01
            0.10000000000000D+01  0.10000000000000D+01  0.10000000000000D+01
            0.10000000000000D+01  0.10000000000000D+01  0.10000000000000D+01
            0.10000000000000D+01  0.10000000000000D+01  0.10000000000000D+01
            0.10000000000000D+01  0.10000000000000D+01  0.10000000000000D+01
            0.10000000000000D+01  0.10000000000000D+01  0.10000000000000D+01
            0.10000000000000D+01  0.10000000000000D+01  0.10000000000000D+01
            0.10000000000000D+01  0.10000000000000D+01  0.10000000000000D+01
            0.10000000000000D+01  0.10000000000000D+01  0.10000000000000D+01
            0.10000000000000D+01  0.10000000000000D+01  0.10000000000000D+01
            0.10000000000000D+01  0.10000000000000D+01  0.10000000000000D+01
            0.10000000000000D+01  0.10000000000000D+01  0.10000000000000D+01
            0.10000000000000D+01  0.10000000000000D+01  0.10000000000000D+01
            0.10000000000000D+01  0.10000000000000D+01  0.10000000000000D+01
            0.10000000000000D+01  0.10000000000000D+01  0.10000000000000D+01
            0.10000000000000D+01  0.10000000000000D+01  0.10000000000000D+01
            0.10000000000000D+01  0.10000000000000D+01  0.10000000000000D+01
            0.10000000000000D+01  0.10000000000000D+01  0.10000000000000D+01
            0.10000000000000D+01  0.10000000000000D+01  0.00000000000000D+00
            0.00000000000000D+00  0.00000000000000D+00  0.00000000000000D+00
            0.00000000000000D+00  0.00000000000000D+00  0.00000000000000D+00
            0.00000000000000D+00  0.00000000000000D+00  0.00000000000000D+00
            0.00000000000000D+00  0.00000000000000D+00  0.00000000000000D+00
            0.00000000000000D+00  0.00000000000000D+00  0.00000000000000D+00
            0.00000000000000D+00  0.00000000000000D+00  0.00000000000000D+00
            0.00000000000000D+00
     rprim  0.15040330225900D+02  0.00000000000000D+00  0.00000000000000D+00
            0.00000000000000D+00  0.15040330225900D+02  0.00000000000000D+00
            0.00000000000000D+00  0.00000000000000D+00  0.12033775961600D+02
  dfpt_sciss  0.00000000000000D+00
    spinat  0.00000000000000D+00  0.00000000000000D+00  0.00000000000000D+00
            0.00000000000000D+00  0.00000000000000D+00  0.00000000000000D+00
            0.00000000000000D+00  0.00000000000000D+00  0.00000000000000D+00
            0.00000000000000D+00  0.00000000000000D+00  0.00000000000000D+00
            0.00000000000000D+00  0.00000000000000D+00  0.00000000000000D+00
            0.00000000000000D+00  0.00000000000000D+00  0.00000000000000D+00
            0.00000000000000D+00  0.00000000000000D+00  0.00000000000000D+00
            0.00000000000000D+00  0.00000000000000D+00  0.00000000000000D+00
            0.00000000000000D+00  0.00000000000000D+00  0.00000000000000D+00
            0.00000000000000D+00  0.00000000000000D+00  0.00000000000000D+00
            0.00000000000000D+00  0.00000000000000D+00  0.00000000000000D+00
            0.00000000000000D+00  0.00000000000000D+00  0.00000000000000D+00
            0.00000000000000D+00  0.00000000000000D+00  0.00000000000000D+00
            0.00000000000000D+00  0.00000000000000D+00  0.00000000000000D+00
            0.00000000000000D+00  0.00000000000000D+00  0.00000000000000D+00
            0.00000000000000D+00  0.00000000000000D+00  0.00000000000000D+00
            0.00000000000000D+00  0.00000000000000D+00  0.00000000000000D+00
            0.00000000000000D+00  0.00000000000000D+00  0.00000000000000D+00
            0.00000000000000D+00  0.00000000000000D+00  0.00000000000000D+00
            0.00000000000000D+00  0.00000000000000D+00  0.00000000000000D+00
            0.00000000000000D+00  0.00000000000000D+00  0.00000000000000D+00
            0.00000000000000D+00  0.00000000000000D+00  0.00000000000000D+00
            0.00000000000000D+00  0.00000000000000D+00  0.00000000000000D+00
            0.00000000000000D+00  0.00000000000000D+00  0.00000000000000D+00
            0.00000000000000D+00  0.00000000000000D+00  0.00000000000000D+00
            0.00000000000000D+00  0.00000000000000D+00  0.00000000000000D+00
            0.00000000000000D+00  0.00000000000000D+00  0.00000000000000D+00
            0.00000000000000D+00  0.00000000000000D+00  0.00000000000000D+00
            0.00000000000000D+00  0.00000000000000D+00  0.00000000000000D+00
            0.00000000000000D+00  0.00000000000000D+00  0.00000000000000D+00
            0.00000000000000D+00  0.00000000000000D+00  0.00000000000000D+00
            0.00000000000000D+00  0.00000000000000D+00  0.00000000000000D+00
            0.00000000000000D+00  0.00000000000000D+00  0.00000000000000D+00
            0.00000000000000D+00  0.00000000000000D+00  0.00000000000000D+00
            0.00000000000000D+00  0.00000000000000D+00  0.00000000000000D+00
            0.00000000000000D+00  0.00000000000000D+00  0.00000000000000D+00
    symafm         1
    symrel         1    0    0    0    1    0    0    0    1
     tnons  0.00000000000000D+00  0.00000000000000D+00  0.00000000000000D+00
    tolwfr  0.10000000000000D+01
   tphysel  0.00000000000000D+00
    tsmear  0.10000000000000D-01
     typat         1    2    2    2    3    3    3    3    3    3    3    3
                   4    4    4    4    4    4    4    4    5    5    5    5
                   5    5    5    5    6    6    6    6    6    6    6    6
       wtk  0.10000000000000D+01
      xred  0.50000000000000D+00  0.00000000000000D+00  0.25000000000000D+00
            0.50000000000000D+00  0.00000000000000D+00  0.75000000000000D+00
            0.10000000000000D+01  0.50000000000000D+00  0.11890596229000D-03
            0.10000000000000D+01  0.50000000000000D+00  0.49988109400000D+00
            0.12744374710000D+00  0.82536213210000D+00  0.25000000000000D+00
            0.12704638640000D+00  0.82502282330000D+00  0.75000000000000D+00
            0.87255625290000D+00  0.17463786790000D+00  0.25000000000000D+00
            0.87295361360000D+00  0.17497717670000D+00  0.75000000000000D+00
            0.17499169840000D+00  0.12728967160000D+00  0.28739574230000D-03
            0.17499169840000D+00  0.12728967160000D+00  0.49971260430000D+00
            0.82500830160000D+00  0.87271032840000D+00  0.28739574230000D-03
            0.82500830160000D+00  0.87271032840000D+00  0.49971260430000D+00
            0.35173806670000D+00  0.68241995630000D+00  0.21289163617000D-03
            0.35173806670000D+00  0.68241995630000D+00  0.49978710840000D+00
            0.64826193330000D+00  0.31758004370000D+00  0.21289163617000D-03
            0.64826193330000D+00  0.31758004370000D+00  0.49978710840000D+00
            0.31780576680000D+00  0.35109081090000D+00  0.25000000000000D+00
            0.31777456060000D+00  0.35154217070000D+00  0.75000000000000D+00
            0.68219423320000D+00  0.64890918910000D+00  0.25000000000000D+00
            0.68222543940000D+00  0.64845782930000D+00  0.75000000000000D+00
            0.58430476540000D+00  0.73091011390000D+00  0.99992821440000D+00
            0.58430476540000D+00  0.73091011390000D+00  0.50007178560000D+00
            0.41569523460000D+00  0.26908988610000D+00  0.99992821440000D+00
            0.41569523460000D+00  0.26908988610000D+00  0.50007178560000D+00
            0.27019712620000D+00  0.58410218790000D+00  0.25000000000000D+00
            0.26943179830000D+00  0.58437089430000D+00  0.74901893390000D+00
            0.72980287380000D+00  0.41589781210000D+00  0.25000000000000D+00
            0.72958713560000D+00  0.41562910570000D+00  0.75000000000000D+00
            0.25250920030000D+00  0.88699605780000D+00  0.99991734080000D+00
            0.25250920030000D+00  0.88699605780000D+00  0.50008265920000D+00
            0.74749079970000D+00  0.11300394220000D+00  0.99991734080000D+00
            0.74749079970000D+00  0.11300394220000D+00  0.50008265920000D+00
            0.11279815010000D+00  0.25309031310000D+00  0.25000000000000D+00
            0.11273121590000D+00  0.25349138290000D+00  0.75000000000000D+00
            0.88720184990000D+00  0.74690968690000D+00  0.25000000000000D+00
            0.88726878410000D+00  0.74650861710000D+00  0.75000000000000D+00
     znucl  0.63000000000000D+02  0.38000000000000D+02  0.30000000000000D+01
            0.13000000000000D+02  0.70000000000000D+01  0.80000000000000D+01
      zion  0.17000000000000D+02  0.10000000000000D+02  0.30000000000000D+01
            0.30000000000000D+01  0.50000000000000D+01  0.60000000000000D+01
 
 No information on the potentials yet 
 
 **** Database of total energy derivatives ****
 Number of data blocks=    2
  
 1st derivatives              - # elements :         114
     1     1  0.14166977125133D-03  0.00000000000000D+00
     2     1 -0.20609906632857D-03  0.00000000000000D+00
     3     1 -0.72055829728046D-03  0.00000000000000D+00
     1     2  0.10814814906202D-03  0.00000000000000D+00
     2     2 -0.43726892419163D-03  0.00000000000000D+00
     3     2  0.51200061813210D-03  0.00000000000000D+00
     1     3 -0.51559100329758D-03  0.00000000000000D+00
     2     3 -0.15785234275383D-03  0.00000000000000D+00
     3     3  0.10297278245484D-02  0.00000000000000D+00
     1     4 -0.85129335776885D-03  0.00000000000000D+00
     2     4 -0.29928741639403D-03  0.00000000000000D+00
     3     4 -0.36394668371390D-03  0.00000000000000D+00
     1     5  0.32222157319368D-02  0.00000000000000D+00
     2     5  0.37570282273709D-02  0.00000000000000D+00
     3     5 -0.35031895142679D-03  0.00000000000000D+00
     1     6  0.28966626550043D-02  0.00000000000000D+00
     2     6  0.45465003151950D-02  0.00000000000000D+00
     3     6  0.91957778637280D-03  0.00000000000000D+00
     1     7 -0.33984079023576D-02  0.00000000000000D+00
     2     7 -0.38385514894955D-02  0.00000000000000D+00
     3     7 -0.72646159548024D-04  0.00000000000000D+00
     1     8 -0.26326240767069D-02  0.00000000000000D+00
     2     8 -0.37010539915870D-02  0.00000000000000D+00
     3     8  0.53414375064933D-04  0.00000000000000D+00
     1     9 -0.17865532806075D-02  0.00000000000000D+00
     2     9  0.35331302392179D-02  0.00000000000000D+00
     3     9  0.10262538054341D-02  0.00000000000000D+00
     1    10 -0.21471832162756D-02  0.00000000000000D+00
     2    10  0.38167327900649D-02  0.00000000000000D+00
     3    10 -0.10274716611616D-02  0.00000000000000D+00
     1    11  0.17379687750112D-02  0.00000000000000D+00
     2    11 -0.37240621638876D-02  0.00000000000000D+00
     3    11  0.11093217978383D-02  0.00000000000000D+00
     1    12  0.19410439962860D-02  0.00000000000000D+00
     2    12 -0.36142591375743D-02  0.00000000000000D+00
     3    12 -0.10656307266543D-02  0.00000000000000D+00
     1    13  0.10972261469975D-02  0.00000000000000D+00
     2    13 -0.20849369085895D-02  0.00000000000000D+00
     3    13  0.11828976221195D-01  0.00000000000000D+00
     1    14 -0.46341184117276D-02  0.00000000000000D+00
     2    14 -0.97108595592647D-02  0.00000000000000D+00
     3    14  0.47381471085317D-02  0.00000000000000D+00
     1    15  0.67794565684818D-02  0.00000000000000D+00
     2    15  0.74982631803476D-02  0.00000000000000D+00
     3    15  0.95149053724598D-03  0.00000000000000D+00
     1    16  0.79960973477385D-02  0.00000000000000D+00
     2    16  0.78922025891757D-02  0.00000000000000D+00
     3    16 -0.89169644297846D-03  0.00000000000000D+00
     1    17  0.64019748511009D-02  0.00000000000000D+00
     2    17 -0.12170159297367D-01  0.00000000000000D+00
     3    17 -0.11019493363544D-02  0.00000000000000D+00
     1    18  0.11624229925315D-01  0.00000000000000D+00
     2    18 -0.12457096017656D-01  0.00000000000000D+00
     3    18  0.35912690512801D-02  0.00000000000000D+00
     1    19 -0.62915141089422D-02  0.00000000000000D+00
     2    19  0.13028574067949D-01  0.00000000000000D+00
     3    19 -0.80171452066763D-03  0.00000000000000D+00
     1    20 -0.94662826547961D-02  0.00000000000000D+00
     2    20  0.95793182385200D-02  0.00000000000000D+00
     3    20  0.69278090004866D-03  0.00000000000000D+00
     1    21  0.91704219778928D-02  0.00000000000000D+00
     2    21  0.55549360554692D-02  0.00000000000000D+00
     3    21 -0.54283539319219D-04  0.00000000000000D+00
     1    22  0.66153176906963D-02  0.00000000000000D+00
     2    22  0.39593175730468D-02  0.00000000000000D+00
     3    22  0.12649182091411D-02  0.00000000000000D+00
     1    23 -0.57161800162226D-02  0.00000000000000D+00
     2    23 -0.63928771673032D-02  0.00000000000000D+00
     3    23 -0.94000296488560D-03  0.00000000000000D+00
     1    24 -0.79966100870291D-02  0.00000000000000D+00
     2    24 -0.31108542714708D-02  0.00000000000000D+00
     3    24  0.21453051561866D-02  0.00000000000000D+00
     1    25 -0.54625542164000D-02  0.00000000000000D+00
     2    25  0.96121486934919D-02  0.00000000000000D+00
     3    25  0.55423092091226D-02  0.00000000000000D+00
     1    26 -0.21863897123538D-01  0.00000000000000D+00
     2    26  0.48199695834596D-02  0.00000000000000D+00
     3    26 -0.27779935499204D-01  0.00000000000000D+00
     1    27  0.40620764875690D-02  0.00000000000000D+00
     2    27 -0.97307995489878D-02  0.00000000000000D+00
     3    27  0.58778901743333D-03  0.00000000000000D+00
     1    28  0.62391138218393D-02  0.00000000000000D+00
     2    28 -0.51150490517081D-02  0.00000000000000D+00
     3    28 -0.37160540273439D-03  0.00000000000000D+00
     1    29 -0.60338164708322D-02  0.00000000000000D+00
     2    29 -0.24355975028193D-01  0.00000000000000D+00
     3    29 -0.26242525766891D-03  0.00000000000000D+00
     1    30 -0.65486125147817D-02  0.00000000000000D+00
     2    30 -0.26555209503796D-01  0.00000000000000D+00
     3    30  0.89762201702664D-03  0.00000000000000D+00
     1    31  0.55852412475322D-02  0.00000000000000D+00
     2    31  0.24943631423903D-01  0.00000000000000D+00
     3    31 -0.31663431571401D-03  0.00000000000000D+00
     1    32  0.51533277309742D-02  0.00000000000000D+00
     2    32  0.24883358229498D-01  0.00000000000000D+00
     3    32  0.32804039918175D-03  0.00000000000000D+00
     1    33  0.21267258308702D-01  0.00000000000000D+00
     2    33 -0.10459901698035D-01  0.00000000000000D+00
     3    33  0.31891295494789D-03  0.00000000000000D+00
     1    34  0.20545956268762D-01  0.00000000000000D+00
     2    34 -0.64484502867636D-02  0.00000000000000D+00
     3    34 -0.66144809658974D-03  0.00000000000000D+00
     1    35 -0.20773371441004D-01  0.00000000000000D+00
     2    35  0.10027354332571D-01  0.00000000000000D+00
     3    35  0.49476153773445D-03  0.00000000000000D+00
     1    36 -0.16907089075859D-01  0.00000000000000D+00
     2    36  0.73370545676267D-02  0.00000000000000D+00
     3    36 -0.50048196236472D-03  0.00000000000000D+00
     1    39  0.26503185340526D-02  0.00000000000000D+00
     2    39  0.26527929647576D-02  0.00000000000000D+00
     3    39  0.24362382656801D-02  0.00000000000000D+00
     1    40  0.75668098123299D-06  0.00000000000000D+00
     2    40  0.85577153104840D-06  0.00000000000000D+00
     3    40 -0.15594038506199D-05  0.00000000000000D+00
  
 Total energy                 - # elements :           1
 -0.47548223680632D+03  0.00000000000000D+00
