
 **** DERIVATIVE DATABASE ****    
+DDB, Version number  20230401

  Note : temporary (transfer) database

    usepaw         1
     natom        36
      nkpt         1
    nsppol         2
      nsym         1
    ntypat         6
    occopt         2
     nband       115
     acell  0.10000000000000D+01  0.10000000000000D+01  0.10000000000000D+01
       amu  0.15196500000000D+03  0.87620000000000D+02  0.69410000000000D+01
            0.26981539000000D+02  0.14006740000000D+02  0.15999400000000D+02
   dilatmx  0.10000000000000D+01
      ecut  0.10000000000000D+02
 pawecutdg  0.20000000000000D+02
    ecutsm  0.00000000000000D+00
     intxc         0
      iscf        17
       ixc     -1012
       kpt  0.00000000000000D+00  0.00000000000000D+00  0.00000000000000D+00
    kptnrm  0.10000000000000D+01
     ngfft        45   45   36
    nspden         2
   nspinor         1
       occ  0.10000000000000D+01  0.10000000000000D+01  0.10000000000000D+01
            0.10000000000000D+01  0.10000000000000D+01  0.10000000000000D+01
            0.10000000000000D+01  0.10000000000000D+01  0.10000000000000D+01
            0.10000000000000D+01  0.10000000000000D+01  0.10000000000000D+01
            0.10000000000000D+01  0.10000000000000D+01  0.10000000000000D+01
            0.10000000000000D+01  0.10000000000000D+01  0.10000000000000D+01
            0.10000000000000D+01  0.10000000000000D+01  0.10000000000000D+01
            0.10000000000000D+01  0.10000000000000D+01  0.10000000000000D+01
            0.10000000000000D+01  0.10000000000000D+01  0.10000000000000D+01
            0.10000000000000D+01  0.10000000000000D+01  0.10000000000000D+01
            0.10000000000000D+01  0.10000000000000D+01  0.10000000000000D+01
            0.10000000000000D+01  0.10000000000000D+01  0.10000000000000D+01
            0.10000000000000D+01  0.10000000000000D+01  0.10000000000000D+01
            0.10000000000000D+01  0.10000000000000D+01  0.10000000000000D+01
            0.10000000000000D+01  0.10000000000000D+01  0.10000000000000D+01
            0.10000000000000D+01  0.10000000000000D+01  0.10000000000000D+01
            0.10000000000000D+01  0.10000000000000D+01  0.10000000000000D+01
            0.10000000000000D+01  0.10000000000000D+01  0.10000000000000D+01
            0.10000000000000D+01  0.10000000000000D+01  0.10000000000000D+01
            0.10000000000000D+01  0.10000000000000D+01  0.10000000000000D+01
            0.10000000000000D+01  0.10000000000000D+01  0.10000000000000D+01
            0.10000000000000D+01  0.10000000000000D+01  0.10000000000000D+01
            0.10000000000000D+01  0.10000000000000D+01  0.10000000000000D+01
            0.10000000000000D+01  0.10000000000000D+01  0.10000000000000D+01
            0.10000000000000D+01  0.10000000000000D+01  0.10000000000000D+01
            0.10000000000000D+01  0.10000000000000D+01  0.10000000000000D+01
            0.10000000000000D+01  0.10000000000000D+01  0.10000000000000D+01
            0.10000000000000D+01  0.10000000000000D+01  0.10000000000000D+01
            0.10000000000000D+01  0.10000000000000D+01  0.10000000000000D+01
            0.10000000000000D+01  0.10000000000000D+01  0.10000000000000D+01
            0.10000000000000D+01  0.10000000000000D+01  0.10000000000000D+01
            0.10000000000000D+01  0.10000000000000D+01  0.00000000000000D+00
            0.00000000000000D+00  0.00000000000000D+00  0.00000000000000D+00
            0.00000000000000D+00  0.00000000000000D+00  0.00000000000000D+00
            0.00000000000000D+00  0.00000000000000D+00  0.00000000000000D+00
            0.00000000000000D+00  0.00000000000000D+00  0.00000000000000D+00
            0.00000000000000D+00  0.00000000000000D+00  0.00000000000000D+00
            0.00000000000000D+00  0.00000000000000D+00  0.00000000000000D+00
            0.00000000000000D+00
     rprim  0.15040330225900D+02  0.00000000000000D+00  0.00000000000000D+00
            0.00000000000000D+00  0.15040330225900D+02  0.00000000000000D+00
            0.00000000000000D+00  0.00000000000000D+00  0.12033775961600D+02
  dfpt_sciss  0.00000000000000D+00
    spinat  0.00000000000000D+00  0.00000000000000D+00  0.00000000000000D+00
            0.00000000000000D+00  0.00000000000000D+00  0.00000000000000D+00
            0.00000000000000D+00  0.00000000000000D+00  0.00000000000000D+00
            0.00000000000000D+00  0.00000000000000D+00  0.00000000000000D+00
            0.00000000000000D+00  0.00000000000000D+00  0.00000000000000D+00
            0.00000000000000D+00  0.00000000000000D+00  0.00000000000000D+00
            0.00000000000000D+00  0.00000000000000D+00  0.00000000000000D+00
            0.00000000000000D+00  0.00000000000000D+00  0.00000000000000D+00
            0.00000000000000D+00  0.00000000000000D+00  0.00000000000000D+00
            0.00000000000000D+00  0.00000000000000D+00  0.00000000000000D+00
            0.00000000000000D+00  0.00000000000000D+00  0.00000000000000D+00
            0.00000000000000D+00  0.00000000000000D+00  0.00000000000000D+00
            0.00000000000000D+00  0.00000000000000D+00  0.00000000000000D+00
            0.00000000000000D+00  0.00000000000000D+00  0.00000000000000D+00
            0.00000000000000D+00  0.00000000000000D+00  0.00000000000000D+00
            0.00000000000000D+00  0.00000000000000D+00  0.00000000000000D+00
            0.00000000000000D+00  0.00000000000000D+00  0.00000000000000D+00
            0.00000000000000D+00  0.00000000000000D+00  0.00000000000000D+00
            0.00000000000000D+00  0.00000000000000D+00  0.00000000000000D+00
            0.00000000000000D+00  0.00000000000000D+00  0.00000000000000D+00
            0.00000000000000D+00  0.00000000000000D+00  0.00000000000000D+00
            0.00000000000000D+00  0.00000000000000D+00  0.00000000000000D+00
            0.00000000000000D+00  0.00000000000000D+00  0.00000000000000D+00
            0.00000000000000D+00  0.00000000000000D+00  0.00000000000000D+00
            0.00000000000000D+00  0.00000000000000D+00  0.00000000000000D+00
            0.00000000000000D+00  0.00000000000000D+00  0.00000000000000D+00
            0.00000000000000D+00  0.00000000000000D+00  0.00000000000000D+00
            0.00000000000000D+00  0.00000000000000D+00  0.00000000000000D+00
            0.00000000000000D+00  0.00000000000000D+00  0.00000000000000D+00
            0.00000000000000D+00  0.00000000000000D+00  0.00000000000000D+00
            0.00000000000000D+00  0.00000000000000D+00  0.00000000000000D+00
            0.00000000000000D+00  0.00000000000000D+00  0.00000000000000D+00
            0.00000000000000D+00  0.00000000000000D+00  0.00000000000000D+00
            0.00000000000000D+00  0.00000000000000D+00  0.00000000000000D+00
            0.00000000000000D+00  0.00000000000000D+00  0.00000000000000D+00
            0.00000000000000D+00  0.00000000000000D+00  0.00000000000000D+00
    symafm         1
    symrel         1    0    0    0    1    0    0    0    1
     tnons  0.00000000000000D+00  0.00000000000000D+00  0.00000000000000D+00
    tolwfr  0.10000000000000D+01
   tphysel  0.00000000000000D+00
    tsmear  0.10000000000000D-01
     typat         1    2    2    2    3    3    3    3    3    3    3    3
                   4    4    4    4    4    4    4    4    5    5    5    5
                   5    5    5    5    6    6    6    6    6    6    6    6
       wtk  0.10000000000000D+01
      xred  0.50000000000000D+00  0.00000000000000D+00  0.25000000000000D+00
            0.50000000000000D+00  0.00000000000000D+00  0.75000000000000D+00
            0.10000000000000D+01  0.50000000000000D+00  0.11890596229000D-03
            0.10000000000000D+01  0.50000000000000D+00  0.49988109400000D+00
            0.12744374710000D+00  0.82536213210000D+00  0.25000000000000D+00
            0.12704638640000D+00  0.82502282330000D+00  0.75000000000000D+00
            0.87255625290000D+00  0.17463786790000D+00  0.25000000000000D+00
            0.87295361360000D+00  0.17497717670000D+00  0.75000000000000D+00
            0.17499169840000D+00  0.12728967160000D+00  0.28739574230000D-03
            0.17499169840000D+00  0.12728967160000D+00  0.49971260430000D+00
            0.82500830160000D+00  0.87271032840000D+00  0.28739574230000D-03
            0.82500830160000D+00  0.87271032840000D+00  0.49971260430000D+00
            0.35173806670000D+00  0.68241995630000D+00  0.21289163617000D-03
            0.35173806670000D+00  0.68241995630000D+00  0.49978710840000D+00
            0.64826193330000D+00  0.31758004370000D+00  0.21289163617000D-03
            0.64826193330000D+00  0.31758004370000D+00  0.49978710840000D+00
            0.31780576680000D+00  0.35109081090000D+00  0.25000000000000D+00
            0.31777456060000D+00  0.35154217070000D+00  0.75000000000000D+00
            0.68219423320000D+00  0.64890918910000D+00  0.25000000000000D+00
            0.68222543940000D+00  0.64845782930000D+00  0.75000000000000D+00
            0.58556120470000D+00  0.73091011390000D+00  0.99992821440000D+00
            0.58430476540000D+00  0.73091011390000D+00  0.50007178560000D+00
            0.41569523460000D+00  0.26908988610000D+00  0.99992821440000D+00
            0.41569523460000D+00  0.26908988610000D+00  0.50007178560000D+00
            0.27019712620000D+00  0.58410218790000D+00  0.25000000000000D+00
            0.27041286440000D+00  0.58437089430000D+00  0.75000000000000D+00
            0.72980287380000D+00  0.41589781210000D+00  0.25000000000000D+00
            0.72958713560000D+00  0.41562910570000D+00  0.75000000000000D+00
            0.25250920030000D+00  0.88699605780000D+00  0.99991734080000D+00
            0.25250920030000D+00  0.88699605780000D+00  0.50008265920000D+00
            0.74749079970000D+00  0.11300394220000D+00  0.99991734080000D+00
            0.74749079970000D+00  0.11300394220000D+00  0.50008265920000D+00
            0.11279815010000D+00  0.25309031310000D+00  0.25000000000000D+00
            0.11273121590000D+00  0.25349138290000D+00  0.75000000000000D+00
            0.88720184990000D+00  0.74690968690000D+00  0.25000000000000D+00
            0.88726878410000D+00  0.74650861710000D+00  0.75000000000000D+00
     znucl  0.63000000000000D+02  0.38000000000000D+02  0.30000000000000D+01
            0.13000000000000D+02  0.70000000000000D+01  0.80000000000000D+01
      zion  0.17000000000000D+02  0.10000000000000D+02  0.30000000000000D+01
            0.30000000000000D+01  0.50000000000000D+01  0.60000000000000D+01
 
 No information on the potentials yet 
 
 **** Database of total energy derivatives ****
 Number of data blocks=    2
  
 1st derivatives              - # elements :         114
     1     1 -0.23725690260237D-02  0.00000000000000D+00
     2     1 -0.27118616395089D-03  0.00000000000000D+00
     3     1 -0.16309870701894D-03  0.00000000000000D+00
     1     2 -0.21878719650609D-02  0.00000000000000D+00
     2     2 -0.35014051626814D-03  0.00000000000000D+00
     3     2  0.13497092391076D-03  0.00000000000000D+00
     1     3  0.27807814831982D-02  0.00000000000000D+00
     2     3 -0.11036130180505D-02  0.00000000000000D+00
     3     3  0.41383983346817D-03  0.00000000000000D+00
     1     4  0.15088772163133D-02  0.00000000000000D+00
     2     4 -0.81858551456211D-03  0.00000000000000D+00
     3     4 -0.41342072406060D-03  0.00000000000000D+00
     1     5  0.44601662030676D-02  0.00000000000000D+00
     2     5  0.38697096469089D-02  0.00000000000000D+00
     3     5 -0.45389914334629D-03  0.00000000000000D+00
     1     6  0.34173883441443D-02  0.00000000000000D+00
     2     6  0.39596713201230D-02  0.00000000000000D+00
     3     6  0.45292635443862D-03  0.00000000000000D+00
     1     7 -0.28660402612356D-02  0.00000000000000D+00
     2     7 -0.36912107101511D-02  0.00000000000000D+00
     3     7  0.41772159851730D-04  0.00000000000000D+00
     1     8 -0.17964383705872D-02  0.00000000000000D+00
     2     8 -0.37611511463783D-02  0.00000000000000D+00
     3     8 -0.43891153751366D-04  0.00000000000000D+00
     1     9 -0.19689877159740D-02  0.00000000000000D+00
     2     9  0.30749145944557D-02  0.00000000000000D+00
     3     9  0.81443489101135D-03  0.00000000000000D+00
     1    10 -0.20755118530573D-02  0.00000000000000D+00
     2    10  0.36424910984725D-02  0.00000000000000D+00
     3    10 -0.81684514520298D-03  0.00000000000000D+00
     1    11  0.24456905856028D-02  0.00000000000000D+00
     2    11 -0.23232898817846D-02  0.00000000000000D+00
     3    11  0.83378034307043D-03  0.00000000000000D+00
     1    12  0.17911921086029D-02  0.00000000000000D+00
     2    12 -0.32277611189256D-02  0.00000000000000D+00
     3    12 -0.83148541828245D-03  0.00000000000000D+00
     1    13 -0.28612526924803D-01  0.00000000000000D+00
     2    13 -0.10200330720702D-01  0.00000000000000D+00
     3    13  0.12115416704185D-02  0.00000000000000D+00
     1    14 -0.90824716914868D-02  0.00000000000000D+00
     2    14 -0.86881221638842D-02  0.00000000000000D+00
     3    14 -0.12493999083288D-02  0.00000000000000D+00
     1    15  0.63272025915008D-02  0.00000000000000D+00
     2    15  0.73626940145835D-02  0.00000000000000D+00
     3    15  0.12756650139354D-02  0.00000000000000D+00
     1    16  0.62916948176788D-02  0.00000000000000D+00
     2    16  0.74710612066232D-02  0.00000000000000D+00
     3    16 -0.12887160810097D-02  0.00000000000000D+00
     1    17  0.53505916999083D-02  0.00000000000000D+00
     2    17 -0.10557453954023D-01  0.00000000000000D+00
     3    17  0.26933910979909D-04  0.00000000000000D+00
     1    18  0.59792596900756D-02  0.00000000000000D+00
     2    18 -0.91327164982128D-02  0.00000000000000D+00
     3    18 -0.32912764465097D-04  0.00000000000000D+00
     1    19 -0.14419235877820D-01  0.00000000000000D+00
     2    19  0.13936665106575D-01  0.00000000000000D+00
     3    19 -0.34557850543296D-02  0.00000000000000D+00
     1    20 -0.15054460640978D-01  0.00000000000000D+00
     2    20  0.12469913342011D-01  0.00000000000000D+00
     3    20  0.34277031180111D-02  0.00000000000000D+00
     1    21  0.50063044315192D-01  0.00000000000000D+00
     2    21  0.36801024816897D-02  0.00000000000000D+00
     3    21 -0.22568127150803D-02  0.00000000000000D+00
     1    22  0.10440785596357D-01  0.00000000000000D+00
     2    22  0.35859497032198D-02  0.00000000000000D+00
     3    22  0.22945088122071D-02  0.00000000000000D+00
     1    23 -0.58284018557411D-02  0.00000000000000D+00
     2    23 -0.42531012895691D-02  0.00000000000000D+00
     3    23 -0.22649557281637D-02  0.00000000000000D+00
     1    24 -0.56917324478805D-02  0.00000000000000D+00
     2    24 -0.36576308199633D-02  0.00000000000000D+00
     3    24  0.23134381507629D-02  0.00000000000000D+00
     1    25 -0.47930982551787D-02  0.00000000000000D+00
     2    25  0.85484790274145D-02  0.00000000000000D+00
     3    25  0.16479389742212D-02  0.00000000000000D+00
     1    26 -0.69652687382473D-02  0.00000000000000D+00
     2    26  0.35641410379169D-02  0.00000000000000D+00
     3    26 -0.16332054939501D-02  0.00000000000000D+00
     1    27  0.35032421204040D-02  0.00000000000000D+00
     2    27 -0.84708382376729D-02  0.00000000000000D+00
     3    27 -0.14462143166275D-02  0.00000000000000D+00
     1    28  0.56391130842680D-02  0.00000000000000D+00
     2    28 -0.35052335816698D-02  0.00000000000000D+00
     3    28  0.14426520202771D-02  0.00000000000000D+00
     1    29 -0.82324264440784D-02  0.00000000000000D+00
     2    29 -0.23596938335058D-01  0.00000000000000D+00
     3    29 -0.19392547098288D-03  0.00000000000000D+00
     1    30 -0.52447195131065D-02  0.00000000000000D+00
     2    30 -0.24574593547986D-01  0.00000000000000D+00
     3    30  0.22991927427695D-03  0.00000000000000D+00
     1    31  0.51397817553748D-02  0.00000000000000D+00
     2    31  0.22995864492646D-01  0.00000000000000D+00
     3    31 -0.28009004052619D-03  0.00000000000000D+00
     1    32  0.58957527170357D-02  0.00000000000000D+00
     2    32  0.25074915576509D-01  0.00000000000000D+00
     3    32  0.28250906196088D-03  0.00000000000000D+00
     1    33  0.21373687613261D-01  0.00000000000000D+00
     2    33 -0.10975019809485D-01  0.00000000000000D+00
     3    33  0.40669653913624D-04  0.00000000000000D+00
     1    34  0.19817181898082D-01  0.00000000000000D+00
     2    34 -0.86336364118700D-02  0.00000000000000D+00
     3    34 -0.38383027294681D-04  0.00000000000000D+00
     1    35 -0.24816400690608D-01  0.00000000000000D+00
     2    35  0.10826310677156D-01  0.00000000000000D+00
     3    35 -0.23653404884839D-02  0.00000000000000D+00
     1    36 -0.23292429965219D-01  0.00000000000000D+00
     2    36  0.85067044691081D-02  0.00000000000000D+00
     3    36  0.23717098335984D-02  0.00000000000000D+00
     1    39  0.26519310945018D-02  0.00000000000000D+00
     2    39  0.26525501929440D-02  0.00000000000000D+00
     3    39  0.24344179054983D-02  0.00000000000000D+00
     1    40  0.10656231707761D-07  0.00000000000000D+00
     2    40  0.15304707723015D-09  0.00000000000000D+00
     3    40 -0.11723046918617D-05  0.00000000000000D+00
  
 Total energy                 - # elements :           1
 -0.47548222783397D+03  0.00000000000000D+00
