 Fermi (or HOMO) energy (hartree) =   0.22124   Average Vxc (hartree)=  -0.38908
 Eigenvalues (hartree) for nkpt=   1  k points, SPIN UP:
 kpt#   1, nband=115, wtk=  1.00000, kpt=  0.0000  0.0000  0.0000 (reduced coord)
  -1.39326   -1.39283   -1.39278   -1.39269   -1.39258   -1.39251   -1.39246   -1.39221
  -1.22968   -1.05221   -1.04851   -1.04592   -0.48992   -0.48793   -0.47394   -0.46686
  -0.46678   -0.45931   -0.45591   -0.45239   -0.45167   -0.43749   -0.43739   -0.41217
  -0.40835   -0.40160   -0.39274   -0.38867   -0.38545   -0.38136   -0.37659   -0.36995
  -0.35309   -0.31260   -0.30962   -0.30876   -0.30818   -0.30749   -0.30479   -0.30382
  -0.02487   -0.01663   -0.01568   -0.01161   -0.01143    0.01843    0.01893    0.02672
   0.02732    0.02779    0.03933    0.04578    0.04661    0.05406    0.06655    0.06828
   0.06830    0.07124    0.07167    0.07804    0.07864    0.08940    0.08983    0.09496
   0.09952    0.10137    0.10434    0.10477    0.11555    0.11581    0.11736    0.12019
   0.12216    0.12270    0.12371    0.12574    0.13397    0.13405    0.13633    0.13865
   0.13892    0.13917    0.13942    0.13945    0.15267    0.16093    0.16237    0.16592
   0.21495    0.21503    0.21576    0.21614    0.21622    0.21699    0.22124    0.27967
   0.29058    0.29665    0.31764    0.32873    0.33825    0.37143    0.38108    0.38248
   0.38889    0.38903    0.39248    0.39908    0.39998    0.40277    0.40940    0.41082
   0.41924    0.42138    0.42208
 Eigenvalues (hartree) for nkpt=   1  k points, SPIN DOWN:
 kpt#   1, nband=115, wtk=  1.00000, kpt=  0.0000  0.0000  0.0000 (reduced coord)
  -1.39326   -1.39282   -1.39277   -1.39270   -1.39260   -1.39249   -1.39246   -1.39219
  -1.12249   -1.05219   -1.04833   -1.04590   -0.47269   -0.47212   -0.46729   -0.46678
  -0.45937   -0.45599   -0.45269   -0.45188   -0.41247   -0.41067   -0.40835   -0.40646
  -0.39271   -0.38864   -0.38732   -0.38451   -0.37641   -0.36993   -0.36882   -0.36078
  -0.35315   -0.30965   -0.30878   -0.30839   -0.30754   -0.30686   -0.30386   -0.30335
  -0.02458   -0.01591   -0.01550   -0.01134   -0.01028    0.01884    0.01936    0.02740
   0.02784    0.02799    0.03954    0.04638    0.04760    0.05516    0.06737    0.06853
   0.06874    0.07207    0.07264    0.07827    0.07917    0.09001    0.09068    0.09553
   0.10156    0.10171    0.10449    0.10483    0.11583    0.11591    0.11736    0.12098
   0.12360    0.12414    0.12475    0.12582    0.13392    0.13457    0.13893    0.13908
   0.13911    0.13947    0.13957    0.14017    0.15372    0.16258    0.16333    0.16645
   0.28873    0.29186    0.30034    0.32296    0.33670    0.33739    0.37681    0.38582
   0.38819    0.38841    0.39203    0.39414    0.39825    0.40059    0.41051    0.41098
   0.41566    0.42114    0.42220    0.42520    0.42800    0.42943    0.43105    0.45258
   0.45337    0.46476    0.46507
