
 **** DERIVATIVE DATABASE ****    
+DDB, Version number  20230401

  Note : temporary (transfer) database

    usepaw         1
     natom        36
      nkpt         1
    nsppol         2
      nsym         1
    ntypat         6
    occopt         2
     nband       115
     acell  0.10000000000000D+01  0.10000000000000D+01  0.10000000000000D+01
       amu  0.15196500000000D+03  0.87620000000000D+02  0.69410000000000D+01
            0.26981539000000D+02  0.14006740000000D+02  0.15999400000000D+02
   dilatmx  0.10000000000000D+01
      ecut  0.10000000000000D+02
 pawecutdg  0.20000000000000D+02
    ecutsm  0.00000000000000D+00
     intxc         0
      iscf        17
       ixc     -1012
       kpt  0.00000000000000D+00  0.00000000000000D+00  0.00000000000000D+00
    kptnrm  0.10000000000000D+01
     ngfft        45   45   36
    nspden         2
   nspinor         1
       occ  0.10000000000000D+01  0.10000000000000D+01  0.10000000000000D+01
            0.10000000000000D+01  0.10000000000000D+01  0.10000000000000D+01
            0.10000000000000D+01  0.10000000000000D+01  0.10000000000000D+01
            0.10000000000000D+01  0.10000000000000D+01  0.10000000000000D+01
            0.10000000000000D+01  0.10000000000000D+01  0.10000000000000D+01
            0.10000000000000D+01  0.10000000000000D+01  0.10000000000000D+01
            0.10000000000000D+01  0.10000000000000D+01  0.10000000000000D+01
            0.10000000000000D+01  0.10000000000000D+01  0.10000000000000D+01
            0.10000000000000D+01  0.10000000000000D+01  0.10000000000000D+01
            0.10000000000000D+01  0.10000000000000D+01  0.10000000000000D+01
            0.10000000000000D+01  0.10000000000000D+01  0.10000000000000D+01
            0.10000000000000D+01  0.10000000000000D+01  0.10000000000000D+01
            0.10000000000000D+01  0.10000000000000D+01  0.10000000000000D+01
            0.10000000000000D+01  0.10000000000000D+01  0.10000000000000D+01
            0.10000000000000D+01  0.10000000000000D+01  0.10000000000000D+01
            0.10000000000000D+01  0.10000000000000D+01  0.10000000000000D+01
            0.10000000000000D+01  0.10000000000000D+01  0.10000000000000D+01
            0.10000000000000D+01  0.10000000000000D+01  0.10000000000000D+01
            0.10000000000000D+01  0.10000000000000D+01  0.10000000000000D+01
            0.10000000000000D+01  0.10000000000000D+01  0.10000000000000D+01
            0.10000000000000D+01  0.10000000000000D+01  0.10000000000000D+01
            0.10000000000000D+01  0.10000000000000D+01  0.10000000000000D+01
            0.10000000000000D+01  0.10000000000000D+01  0.10000000000000D+01
            0.10000000000000D+01  0.10000000000000D+01  0.10000000000000D+01
            0.10000000000000D+01  0.10000000000000D+01  0.10000000000000D+01
            0.10000000000000D+01  0.10000000000000D+01  0.10000000000000D+01
            0.10000000000000D+01  0.10000000000000D+01  0.10000000000000D+01
            0.10000000000000D+01  0.10000000000000D+01  0.10000000000000D+01
            0.10000000000000D+01  0.10000000000000D+01  0.10000000000000D+01
            0.10000000000000D+01  0.10000000000000D+01  0.10000000000000D+01
            0.10000000000000D+01  0.10000000000000D+01  0.10000000000000D+01
            0.10000000000000D+01  0.10000000000000D+01  0.00000000000000D+00
            0.00000000000000D+00  0.00000000000000D+00  0.00000000000000D+00
            0.00000000000000D+00  0.00000000000000D+00  0.00000000000000D+00
            0.00000000000000D+00  0.00000000000000D+00  0.00000000000000D+00
            0.00000000000000D+00  0.00000000000000D+00  0.00000000000000D+00
            0.00000000000000D+00  0.00000000000000D+00  0.00000000000000D+00
            0.00000000000000D+00  0.00000000000000D+00  0.00000000000000D+00
            0.00000000000000D+00
     rprim  0.15040330225900D+02  0.00000000000000D+00  0.00000000000000D+00
            0.00000000000000D+00  0.15040330225900D+02  0.00000000000000D+00
            0.00000000000000D+00  0.00000000000000D+00  0.12033775961600D+02
  dfpt_sciss  0.00000000000000D+00
    spinat  0.00000000000000D+00  0.00000000000000D+00  0.00000000000000D+00
            0.00000000000000D+00  0.00000000000000D+00  0.00000000000000D+00
            0.00000000000000D+00  0.00000000000000D+00  0.00000000000000D+00
            0.00000000000000D+00  0.00000000000000D+00  0.00000000000000D+00
            0.00000000000000D+00  0.00000000000000D+00  0.00000000000000D+00
            0.00000000000000D+00  0.00000000000000D+00  0.00000000000000D+00
            0.00000000000000D+00  0.00000000000000D+00  0.00000000000000D+00
            0.00000000000000D+00  0.00000000000000D+00  0.00000000000000D+00
            0.00000000000000D+00  0.00000000000000D+00  0.00000000000000D+00
            0.00000000000000D+00  0.00000000000000D+00  0.00000000000000D+00
            0.00000000000000D+00  0.00000000000000D+00  0.00000000000000D+00
            0.00000000000000D+00  0.00000000000000D+00  0.00000000000000D+00
            0.00000000000000D+00  0.00000000000000D+00  0.00000000000000D+00
            0.00000000000000D+00  0.00000000000000D+00  0.00000000000000D+00
            0.00000000000000D+00  0.00000000000000D+00  0.00000000000000D+00
            0.00000000000000D+00  0.00000000000000D+00  0.00000000000000D+00
            0.00000000000000D+00  0.00000000000000D+00  0.00000000000000D+00
            0.00000000000000D+00  0.00000000000000D+00  0.00000000000000D+00
            0.00000000000000D+00  0.00000000000000D+00  0.00000000000000D+00
            0.00000000000000D+00  0.00000000000000D+00  0.00000000000000D+00
            0.00000000000000D+00  0.00000000000000D+00  0.00000000000000D+00
            0.00000000000000D+00  0.00000000000000D+00  0.00000000000000D+00
            0.00000000000000D+00  0.00000000000000D+00  0.00000000000000D+00
            0.00000000000000D+00  0.00000000000000D+00  0.00000000000000D+00
            0.00000000000000D+00  0.00000000000000D+00  0.00000000000000D+00
            0.00000000000000D+00  0.00000000000000D+00  0.00000000000000D+00
            0.00000000000000D+00  0.00000000000000D+00  0.00000000000000D+00
            0.00000000000000D+00  0.00000000000000D+00  0.00000000000000D+00
            0.00000000000000D+00  0.00000000000000D+00  0.00000000000000D+00
            0.00000000000000D+00  0.00000000000000D+00  0.00000000000000D+00
            0.00000000000000D+00  0.00000000000000D+00  0.00000000000000D+00
            0.00000000000000D+00  0.00000000000000D+00  0.00000000000000D+00
            0.00000000000000D+00  0.00000000000000D+00  0.00000000000000D+00
            0.00000000000000D+00  0.00000000000000D+00  0.00000000000000D+00
            0.00000000000000D+00  0.00000000000000D+00  0.00000000000000D+00
            0.00000000000000D+00  0.00000000000000D+00  0.00000000000000D+00
    symafm         1
    symrel         1    0    0    0    1    0    0    0    1
     tnons  0.00000000000000D+00  0.00000000000000D+00  0.00000000000000D+00
    tolwfr  0.10000000000000D+01
   tphysel  0.00000000000000D+00
    tsmear  0.10000000000000D-01
     typat         1    2    2    2    3    3    3    3    3    3    3    3
                   4    4    4    4    4    4    4    4    5    5    5    5
                   5    5    5    5    6    6    6    6    6    6    6    6
       wtk  0.10000000000000D+01
      xred  0.50098106610000D+00  0.00000000000000D+00  0.25098106610000D+00
            0.50000000000000D+00  0.00000000000000D+00  0.75000000000000D+00
            0.10000000000000D+01  0.50000000000000D+00  0.11890596229000D-03
            0.10000000000000D+01  0.50000000000000D+00  0.49988109400000D+00
            0.12744374710000D+00  0.82536213210000D+00  0.25000000000000D+00
            0.12704638640000D+00  0.82502282330000D+00  0.75000000000000D+00
            0.87255625290000D+00  0.17463786790000D+00  0.25000000000000D+00
            0.87295361360000D+00  0.17497717670000D+00  0.75000000000000D+00
            0.17499169840000D+00  0.12728967160000D+00  0.28739574230000D-03
            0.17499169840000D+00  0.12728967160000D+00  0.49971260430000D+00
            0.82500830160000D+00  0.87271032840000D+00  0.28739574230000D-03
            0.82500830160000D+00  0.87271032840000D+00  0.49971260430000D+00
            0.35173806670000D+00  0.68241995630000D+00  0.21289163617000D-03
            0.35173806670000D+00  0.68241995630000D+00  0.49978710840000D+00
            0.64826193330000D+00  0.31758004370000D+00  0.21289163617000D-03
            0.64826193330000D+00  0.31758004370000D+00  0.49978710840000D+00
            0.31780576680000D+00  0.35109081090000D+00  0.25000000000000D+00
            0.31777456060000D+00  0.35154217070000D+00  0.75000000000000D+00
            0.68219423320000D+00  0.64890918910000D+00  0.25000000000000D+00
            0.68222543940000D+00  0.64845782930000D+00  0.75000000000000D+00
            0.58430476540000D+00  0.73091011390000D+00  0.99992821440000D+00
            0.58430476540000D+00  0.73091011390000D+00  0.50007178560000D+00
            0.41569523460000D+00  0.26908988610000D+00  0.99992821440000D+00
            0.41569523460000D+00  0.26908988610000D+00  0.50007178560000D+00
            0.27019712620000D+00  0.58410218790000D+00  0.25000000000000D+00
            0.27041286440000D+00  0.58437089430000D+00  0.75000000000000D+00
            0.72980287380000D+00  0.41589781210000D+00  0.25000000000000D+00
            0.72958713560000D+00  0.41562910570000D+00  0.75000000000000D+00
            0.25250920030000D+00  0.88699605780000D+00  0.99991734080000D+00
            0.25250920030000D+00  0.88699605780000D+00  0.50008265920000D+00
            0.74749079970000D+00  0.11300394220000D+00  0.99991734080000D+00
            0.74749079970000D+00  0.11300394220000D+00  0.50008265920000D+00
            0.11279815010000D+00  0.25309031310000D+00  0.25000000000000D+00
            0.11273121590000D+00  0.25349138290000D+00  0.75000000000000D+00
            0.88720184990000D+00  0.74690968690000D+00  0.25000000000000D+00
            0.88726878410000D+00  0.74650861710000D+00  0.75000000000000D+00
     znucl  0.63000000000000D+02  0.38000000000000D+02  0.30000000000000D+01
            0.13000000000000D+02  0.70000000000000D+01  0.80000000000000D+01
      zion  0.17000000000000D+02  0.10000000000000D+02  0.30000000000000D+01
            0.30000000000000D+01  0.50000000000000D+01  0.60000000000000D+01
 
 No information on the potentials yet 
 
 **** Database of total energy derivatives ****
 Number of data blocks=    2
  
 1st derivatives              - # elements :         114
     1     1  0.91331348070615D-02  0.00000000000000D+00
     2     1 -0.10912407816406D-02  0.00000000000000D+00
     3     1  0.99148601511973D-02  0.00000000000000D+00
     1     2  0.34401741664310D-02  0.00000000000000D+00
     2     2  0.48945465001462D-03  0.00000000000000D+00
     3     2 -0.67285518067901D-02  0.00000000000000D+00
     1     3 -0.11619020304296D-02  0.00000000000000D+00
     2     3 -0.59916630877604D-04  0.00000000000000D+00
     3     3  0.40126122999372D-03  0.00000000000000D+00
     1     4 -0.11619703013236D-02  0.00000000000000D+00
     2     4 -0.63642576629336D-04  0.00000000000000D+00
     3     4 -0.43138222157443D-03  0.00000000000000D+00
     1     5  0.12119653471075D-02  0.00000000000000D+00
     2     5  0.26911031243489D-02  0.00000000000000D+00
     3     5  0.47295706212903D-03  0.00000000000000D+00
     1     6  0.12729316058970D-02  0.00000000000000D+00
     2     6  0.34669285052368D-02  0.00000000000000D+00
     3     6 -0.36905717378074D-03  0.00000000000000D+00
     1     7 -0.53207660670278D-02  0.00000000000000D+00
     2     7 -0.48038518711745D-02  0.00000000000000D+00
     3     7  0.48014646346881D-03  0.00000000000000D+00
     1     8 -0.31318668975366D-02  0.00000000000000D+00
     2     8 -0.41894176209040D-02  0.00000000000000D+00
     3     8 -0.37465546189828D-03  0.00000000000000D+00
     1     9 -0.43451111658534D-02  0.00000000000000D+00
     2     9  0.50827418507887D-02  0.00000000000000D+00
     3     9 -0.18618082135019D-03  0.00000000000000D+00
     1    10 -0.29434441108673D-02  0.00000000000000D+00
     2    10  0.42638525292254D-02  0.00000000000000D+00
     3    10 -0.18539101098192D-03  0.00000000000000D+00
     1    11  0.15428946178773D-02  0.00000000000000D+00
     2    11 -0.30555274874711D-02  0.00000000000000D+00
     3    11  0.14567085685622D-02  0.00000000000000D+00
     1    12  0.98047511603939D-04  0.00000000000000D+00
     2    12 -0.22123552176068D-02  0.00000000000000D+00
     3    12 -0.18442359486608D-02  0.00000000000000D+00
     1    13 -0.70368968173198D-02  0.00000000000000D+00
     2    13 -0.12181001499803D-01  0.00000000000000D+00
     3    13  0.30911584436458D-04  0.00000000000000D+00
     1    14 -0.50133718387135D-02  0.00000000000000D+00
     2    14 -0.82644664711535D-02  0.00000000000000D+00
     3    14 -0.90394863190928D-03  0.00000000000000D+00
     1    15  0.10510237082883D-01  0.00000000000000D+00
     2    15  0.69752592768242D-02  0.00000000000000D+00
     3    15  0.16223301508148D-02  0.00000000000000D+00
     1    16  0.84886545002463D-02  0.00000000000000D+00
     2    16  0.29891267002540D-02  0.00000000000000D+00
     3    16 -0.25142565074010D-02  0.00000000000000D+00
     1    17  0.54040147552723D-02  0.00000000000000D+00
     2    17 -0.92137640558346D-02  0.00000000000000D+00
     3    17  0.12809069599426D-02  0.00000000000000D+00
     1    18  0.60255724560838D-02  0.00000000000000D+00
     2    18 -0.10086917163784D-01  0.00000000000000D+00
     3    18 -0.93627194957001D-03  0.00000000000000D+00
     1    19 -0.57679695616267D-02  0.00000000000000D+00
     2    19  0.13959704983184D-01  0.00000000000000D+00
     3    19  0.12891381299649D-02  0.00000000000000D+00
     1    20 -0.64594245160254D-02  0.00000000000000D+00
     2    20  0.10258823853228D-01  0.00000000000000D+00
     3    20 -0.93733268077267D-03  0.00000000000000D+00
     1    21  0.44144025696793D-02  0.00000000000000D+00
     2    21  0.37331618551753D-02  0.00000000000000D+00
     3    21 -0.25693281567244D-02  0.00000000000000D+00
     1    22  0.46629223285223D-02  0.00000000000000D+00
     2    22  0.36943587881228D-02  0.00000000000000D+00
     3    22  0.20213560343945D-02  0.00000000000000D+00
     1    23 -0.81156124050240D-02  0.00000000000000D+00
     2    23 -0.40483849091218D-02  0.00000000000000D+00
     3    23 -0.25070300021415D-02  0.00000000000000D+00
     1    24 -0.83870327253747D-02  0.00000000000000D+00
     2    24 -0.39638759418467D-02  0.00000000000000D+00
     3    24  0.19855111137951D-02  0.00000000000000D+00
     1    25 -0.30665466555265D-02  0.00000000000000D+00
     2    25  0.10749645288481D-01  0.00000000000000D+00
     3    25 -0.56463834581907D-03  0.00000000000000D+00
     1    26 -0.51995599448852D-02  0.00000000000000D+00
     2    26  0.55020962403710D-02  0.00000000000000D+00
     3    26  0.72033159709585D-03  0.00000000000000D+00
     1    27  0.27302638631345D-02  0.00000000000000D+00
     2    27 -0.88902806528852D-02  0.00000000000000D+00
     3    27 -0.56614421359583D-03  0.00000000000000D+00
     1    28  0.49160050507855D-02  0.00000000000000D+00
     2    28 -0.41746519148986D-02  0.00000000000000D+00
     3    28  0.72230329832692D-03  0.00000000000000D+00
     1    29 -0.54017910136957D-02  0.00000000000000D+00
     2    29 -0.23371714867681D-01  0.00000000000000D+00
     3    29  0.39905008808726D-05  0.00000000000000D+00
     1    30 -0.54635995506282D-02  0.00000000000000D+00
     2    30 -0.23890546763668D-01  0.00000000000000D+00
     3    30 -0.22431141267226D-03  0.00000000000000D+00
     1    31  0.44750067847958D-02  0.00000000000000D+00
     2    31  0.25872111053492D-01  0.00000000000000D+00
     3    31 -0.73675941202856D-03  0.00000000000000D+00
     1    32  0.44366592782341D-02  0.00000000000000D+00
     2    32  0.26349759464131D-01  0.00000000000000D+00
     3    32  0.46588059689102D-03  0.00000000000000D+00
     1    33  0.23778896552920D-01  0.00000000000000D+00
     2    33 -0.11788794547933D-01  0.00000000000000D+00
     3    33 -0.41719120332343D-03  0.00000000000000D+00
     1    34  0.21161823569376D-01  0.00000000000000D+00
     2    34 -0.86589222740071D-02  0.00000000000000D+00
     3    34  0.43989562148056D-03  0.00000000000000D+00
     1    35 -0.20168537027999D-01  0.00000000000000D+00
     2    35  0.97474132749225D-02  0.00000000000000D+00
     3    35 -0.42200121232424D-03  0.00000000000000D+00
     1    36 -0.19651448112303D-01  0.00000000000000D+00
     2    36  0.81832512142050D-02  0.00000000000000D+00
     3    36  0.44617663736078D-03  0.00000000000000D+00
     1    39  0.26502029553897D-02  0.00000000000000D+00
     2    39  0.26526068565642D-02  0.00000000000000D+00
     3    39  0.24356422797941D-02  0.00000000000000D+00
     1    40 -0.27892525022771D-08  0.00000000000000D+00
     2    40 -0.10990600261091D-07  0.00000000000000D+00
     3    40 -0.16531075943615D-05  0.00000000000000D+00
  
 Total energy                 - # elements :           1
 -0.47548225436410D+03  0.00000000000000D+00
