
 **** DERIVATIVE DATABASE ****    
+DDB, Version number  20230401

  Note : temporary (transfer) database

    usepaw         1
     natom        36
      nkpt         1
    nsppol         2
      nsym         2
    ntypat         6
    occopt         2
     nband       115
     acell  0.10000000000000D+01  0.10000000000000D+01  0.10000000000000D+01
       amu  0.15196500000000D+03  0.87620000000000D+02  0.69410000000000D+01
            0.26981539000000D+02  0.14006740000000D+02  0.15999400000000D+02
   dilatmx  0.10000000000000D+01
      ecut  0.10000000000000D+02
 pawecutdg  0.20000000000000D+02
    ecutsm  0.00000000000000D+00
     intxc         0
      iscf        17
       ixc     -1012
       kpt  0.00000000000000D+00  0.00000000000000D+00  0.00000000000000D+00
    kptnrm  0.10000000000000D+01
     ngfft        45   45   36
    nspden         2
   nspinor         1
       occ  0.10000000000000D+01  0.10000000000000D+01  0.10000000000000D+01
            0.10000000000000D+01  0.10000000000000D+01  0.10000000000000D+01
            0.10000000000000D+01  0.10000000000000D+01  0.10000000000000D+01
            0.10000000000000D+01  0.10000000000000D+01  0.10000000000000D+01
            0.10000000000000D+01  0.10000000000000D+01  0.10000000000000D+01
            0.10000000000000D+01  0.10000000000000D+01  0.10000000000000D+01
            0.10000000000000D+01  0.10000000000000D+01  0.10000000000000D+01
            0.10000000000000D+01  0.10000000000000D+01  0.10000000000000D+01
            0.10000000000000D+01  0.10000000000000D+01  0.10000000000000D+01
            0.10000000000000D+01  0.10000000000000D+01  0.10000000000000D+01
            0.10000000000000D+01  0.10000000000000D+01  0.10000000000000D+01
            0.10000000000000D+01  0.10000000000000D+01  0.10000000000000D+01
            0.10000000000000D+01  0.10000000000000D+01  0.10000000000000D+01
            0.10000000000000D+01  0.10000000000000D+01  0.10000000000000D+01
            0.10000000000000D+01  0.10000000000000D+01  0.10000000000000D+01
            0.10000000000000D+01  0.10000000000000D+01  0.10000000000000D+01
            0.10000000000000D+01  0.10000000000000D+01  0.10000000000000D+01
            0.10000000000000D+01  0.10000000000000D+01  0.10000000000000D+01
            0.10000000000000D+01  0.10000000000000D+01  0.10000000000000D+01
            0.10000000000000D+01  0.10000000000000D+01  0.10000000000000D+01
            0.10000000000000D+01  0.10000000000000D+01  0.10000000000000D+01
            0.10000000000000D+01  0.10000000000000D+01  0.10000000000000D+01
            0.10000000000000D+01  0.10000000000000D+01  0.10000000000000D+01
            0.10000000000000D+01  0.10000000000000D+01  0.10000000000000D+01
            0.10000000000000D+01  0.10000000000000D+01  0.10000000000000D+01
            0.10000000000000D+01  0.10000000000000D+01  0.10000000000000D+01
            0.10000000000000D+01  0.10000000000000D+01  0.10000000000000D+01
            0.10000000000000D+01  0.10000000000000D+01  0.10000000000000D+01
            0.10000000000000D+01  0.10000000000000D+01  0.10000000000000D+01
            0.10000000000000D+01  0.10000000000000D+01  0.10000000000000D+01
            0.10000000000000D+01  0.10000000000000D+01  0.10000000000000D+01
            0.10000000000000D+01  0.10000000000000D+01  0.00000000000000D+00
            0.00000000000000D+00  0.00000000000000D+00  0.00000000000000D+00
            0.00000000000000D+00  0.00000000000000D+00  0.00000000000000D+00
            0.00000000000000D+00  0.00000000000000D+00  0.00000000000000D+00
            0.00000000000000D+00  0.00000000000000D+00  0.00000000000000D+00
            0.00000000000000D+00  0.00000000000000D+00  0.00000000000000D+00
            0.00000000000000D+00  0.00000000000000D+00  0.00000000000000D+00
            0.00000000000000D+00
     rprim  0.15040330225900D+02  0.00000000000000D+00  0.00000000000000D+00
            0.00000000000000D+00  0.15040330225900D+02  0.00000000000000D+00
            0.00000000000000D+00  0.00000000000000D+00  0.12033775961600D+02
  dfpt_sciss  0.00000000000000D+00
    spinat  0.00000000000000D+00  0.00000000000000D+00  0.00000000000000D+00
            0.00000000000000D+00  0.00000000000000D+00  0.00000000000000D+00
            0.00000000000000D+00  0.00000000000000D+00  0.00000000000000D+00
            0.00000000000000D+00  0.00000000000000D+00  0.00000000000000D+00
            0.00000000000000D+00  0.00000000000000D+00  0.00000000000000D+00
            0.00000000000000D+00  0.00000000000000D+00  0.00000000000000D+00
            0.00000000000000D+00  0.00000000000000D+00  0.00000000000000D+00
            0.00000000000000D+00  0.00000000000000D+00  0.00000000000000D+00
            0.00000000000000D+00  0.00000000000000D+00  0.00000000000000D+00
            0.00000000000000D+00  0.00000000000000D+00  0.00000000000000D+00
            0.00000000000000D+00  0.00000000000000D+00  0.00000000000000D+00
            0.00000000000000D+00  0.00000000000000D+00  0.00000000000000D+00
            0.00000000000000D+00  0.00000000000000D+00  0.00000000000000D+00
            0.00000000000000D+00  0.00000000000000D+00  0.00000000000000D+00
            0.00000000000000D+00  0.00000000000000D+00  0.00000000000000D+00
            0.00000000000000D+00  0.00000000000000D+00  0.00000000000000D+00
            0.00000000000000D+00  0.00000000000000D+00  0.00000000000000D+00
            0.00000000000000D+00  0.00000000000000D+00  0.00000000000000D+00
            0.00000000000000D+00  0.00000000000000D+00  0.00000000000000D+00
            0.00000000000000D+00  0.00000000000000D+00  0.00000000000000D+00
            0.00000000000000D+00  0.00000000000000D+00  0.00000000000000D+00
            0.00000000000000D+00  0.00000000000000D+00  0.00000000000000D+00
            0.00000000000000D+00  0.00000000000000D+00  0.00000000000000D+00
            0.00000000000000D+00  0.00000000000000D+00  0.00000000000000D+00
            0.00000000000000D+00  0.00000000000000D+00  0.00000000000000D+00
            0.00000000000000D+00  0.00000000000000D+00  0.00000000000000D+00
            0.00000000000000D+00  0.00000000000000D+00  0.00000000000000D+00
            0.00000000000000D+00  0.00000000000000D+00  0.00000000000000D+00
            0.00000000000000D+00  0.00000000000000D+00  0.00000000000000D+00
            0.00000000000000D+00  0.00000000000000D+00  0.00000000000000D+00
            0.00000000000000D+00  0.00000000000000D+00  0.00000000000000D+00
            0.00000000000000D+00  0.00000000000000D+00  0.00000000000000D+00
            0.00000000000000D+00  0.00000000000000D+00  0.00000000000000D+00
            0.00000000000000D+00  0.00000000000000D+00  0.00000000000000D+00
            0.00000000000000D+00  0.00000000000000D+00  0.00000000000000D+00
            0.00000000000000D+00  0.00000000000000D+00  0.00000000000000D+00
    symafm         1    1
    symrel         1    0    0    0    1    0    0    0    1
                   1    0    0    0    1    0    0    0   -1
     tnons  0.00000000000000D+00  0.00000000000000D+00  0.00000000000000D+00
            0.00000000000000D+00  0.00000000000000D+00  0.50000000000000D+00
    tolwfr  0.10000000000000D+01
   tphysel  0.00000000000000D+00
    tsmear  0.10000000000000D-01
     typat         1    2    2    2    3    3    3    3    3    3    3    3
                   4    4    4    4    4    4    4    4    5    5    5    5
                   5    5    5    5    6    6    6    6    6    6    6    6
       wtk  0.10000000000000D+01
      xred  0.50000000000000D+00  0.12564393000000D-02  0.25000000000000D+00
            0.50000000000000D+00  0.00000000000000D+00  0.75000000000000D+00
            0.10000000000000D+01  0.50000000000000D+00  0.11890598114499D-03
            0.10000000000000D+01  0.50000000000000D+00  0.49988109401885D+00
            0.12744374710000D+00  0.82536213210000D+00  0.25000000000000D+00
            0.12704638640000D+00  0.82502282330000D+00  0.75000000000000D+00
            0.87255625290000D+00  0.17463786790000D+00  0.25000000000000D+00
            0.87295361360000D+00  0.17497717670000D+00  0.75000000000000D+00
            0.17499169840000D+00  0.12728967160000D+00  0.28739572115001D-03
            0.17499169840000D+00  0.12728967160000D+00  0.49971260427885D+00
            0.82500830160000D+00  0.87271032840000D+00  0.28739572115001D-03
            0.82500830160000D+00  0.87271032840000D+00  0.49971260427885D+00
            0.35173806670000D+00  0.68241995630000D+00  0.21289161808499D-03
            0.35173806670000D+00  0.68241995630000D+00  0.49978710838191D+00
            0.64826193330000D+00  0.31758004370000D+00  0.21289161808499D-03
            0.64826193330000D+00  0.31758004370000D+00  0.49978710838191D+00
            0.31780576680000D+00  0.35109081090000D+00  0.25000000000000D+00
            0.31777456060000D+00  0.35154217070000D+00  0.75000000000000D+00
            0.68219423320000D+00  0.64890918910000D+00  0.25000000000000D+00
            0.68222543940000D+00  0.64845782930000D+00  0.75000000000000D+00
            0.58430476540000D+00  0.73091011390000D+00  0.99992821440000D+00
            0.58430476540000D+00  0.73091011390000D+00  0.50007178560000D+00
            0.41569523460000D+00  0.26908988610000D+00  0.99992821440000D+00
            0.41569523460000D+00  0.26908988610000D+00  0.50007178560000D+00
            0.27019712620000D+00  0.58410218790000D+00  0.25000000000000D+00
            0.27041286440000D+00  0.58437089430000D+00  0.75000000000000D+00
            0.72980287380000D+00  0.41589781210000D+00  0.25000000000000D+00
            0.72958713560000D+00  0.41562910570000D+00  0.75000000000000D+00
            0.25250920030000D+00  0.88699605780000D+00  0.99991734080000D+00
            0.25250920030000D+00  0.88699605780000D+00  0.50008265920000D+00
            0.74749079970000D+00  0.11300394220000D+00  0.99991734080000D+00
            0.74749079970000D+00  0.11300394220000D+00  0.50008265920000D+00
            0.11279815010000D+00  0.25309031310000D+00  0.25000000000000D+00
            0.11273121590000D+00  0.25349138290000D+00  0.75000000000000D+00
            0.88720184990000D+00  0.74690968690000D+00  0.25000000000000D+00
            0.88726878410000D+00  0.74650861710000D+00  0.75000000000000D+00
     znucl  0.63000000000000D+02  0.38000000000000D+02  0.30000000000000D+01
            0.13000000000000D+02  0.70000000000000D+01  0.80000000000000D+01
      zion  0.17000000000000D+02  0.10000000000000D+02  0.30000000000000D+01
            0.30000000000000D+01  0.50000000000000D+01  0.60000000000000D+01
 
 No information on the potentials yet 
 
 **** Database of total energy derivatives ****
 Number of data blocks=    2
  
 1st derivatives              - # elements :         114
     1     1 -0.14021682578850D-02  0.00000000000000D+00
     2     1  0.21441652157572D-01  0.00000000000000D+00
     3     1  0.00000000000000D+00  0.00000000000000D+00
     1     2  0.61865950787942D-03  0.00000000000000D+00
     2     2  0.32040061592326D-02  0.00000000000000D+00
     3     2  0.00000000000000D+00  0.00000000000000D+00
     1     3  0.78429564910089D-05  0.00000000000000D+00
     2     3 -0.14117257431271D-02  0.00000000000000D+00
     3     3  0.41644890211872D-03  0.00000000000000D+00
     1     4  0.78429564910089D-05  0.00000000000000D+00
     2     4 -0.14117257431271D-02  0.00000000000000D+00
     3     4 -0.41644890211872D-03  0.00000000000000D+00
     1     5  0.23616530669116D-02  0.00000000000000D+00
     2     5  0.36116783677418D-02  0.00000000000000D+00
     3     5  0.00000000000000D+00  0.00000000000000D+00
     1     6  0.19466494361421D-02  0.00000000000000D+00
     2     6  0.36567307621792D-02  0.00000000000000D+00
     3     6  0.00000000000000D+00  0.00000000000000D+00
     1     7 -0.41586204702231D-02  0.00000000000000D+00
     2     7 -0.38633176305019D-02  0.00000000000000D+00
     3     7  0.00000000000000D+00  0.00000000000000D+00
     1     8 -0.24434556816079D-02  0.00000000000000D+00
     2     8 -0.39885490542381D-02  0.00000000000000D+00
     3     8  0.00000000000000D+00  0.00000000000000D+00
     1     9 -0.14852177059763D-02  0.00000000000000D+00
     2     9  0.45415676076862D-02  0.00000000000000D+00
     3     9  0.11758914490071D-02  0.00000000000000D+00
     1    10 -0.14852177059763D-02  0.00000000000000D+00
     2    10  0.45415676076862D-02  0.00000000000000D+00
     3    10 -0.11758914490071D-02  0.00000000000000D+00
     1    11  0.29903537618884D-02  0.00000000000000D+00
     2    11 -0.27883981645173D-02  0.00000000000000D+00
     3    11  0.46114579688010D-03  0.00000000000000D+00
     1    12  0.29903537618884D-02  0.00000000000000D+00
     2    12 -0.27883981645173D-02  0.00000000000000D+00
     3    12 -0.46114579688010D-03  0.00000000000000D+00
     1    13 -0.10518751035040D-01  0.00000000000000D+00
     2    13 -0.11869413859867D-01  0.00000000000000D+00
     3    13 -0.76565238929710D-03  0.00000000000000D+00
     1    14 -0.10518751035040D-01  0.00000000000000D+00
     2    14 -0.11869413859867D-01  0.00000000000000D+00
     3    14  0.76565238929710D-03  0.00000000000000D+00
     1    15  0.49559497258380D-02  0.00000000000000D+00
     2    15  0.33273117519840D-02  0.00000000000000D+00
     3    15  0.33438615064584D-02  0.00000000000000D+00
     1    16  0.49559497258380D-02  0.00000000000000D+00
     2    16  0.33273117519840D-02  0.00000000000000D+00
     3    16 -0.33438615064584D-02  0.00000000000000D+00
     1    17  0.98085837090958D-02  0.00000000000000D+00
     2    17 -0.18536309760397D-01  0.00000000000000D+00
     3    17  0.00000000000000D+00  0.00000000000000D+00
     1    18  0.76762277157072D-02  0.00000000000000D+00
     2    18 -0.12393776674142D-01  0.00000000000000D+00
     3    18  0.00000000000000D+00  0.00000000000000D+00
     1    19 -0.14542135318279D-02  0.00000000000000D+00
     2    19  0.47101449849749D-02  0.00000000000000D+00
     3    19  0.00000000000000D+00  0.00000000000000D+00
     1    20 -0.48209737771767D-02  0.00000000000000D+00
     2    20  0.79755644721855D-02  0.00000000000000D+00
     3    20  0.00000000000000D+00  0.00000000000000D+00
     1    21  0.61262208570049D-02  0.00000000000000D+00
     2    21  0.47076098176971D-02  0.00000000000000D+00
     3    21 -0.23409919266437D-02  0.00000000000000D+00
     1    22  0.61262208570049D-02  0.00000000000000D+00
     2    22  0.47076098176971D-02  0.00000000000000D+00
     3    22  0.23409919266437D-02  0.00000000000000D+00
     1    23 -0.66510906919108D-02  0.00000000000000D+00
     2    23 -0.30550883336503D-02  0.00000000000000D+00
     3    23 -0.21581084894670D-02  0.00000000000000D+00
     1    24 -0.66510906919108D-02  0.00000000000000D+00
     2    24 -0.30550883336503D-02  0.00000000000000D+00
     3    24  0.21581084894670D-02  0.00000000000000D+00
     1    25 -0.23747751841828D-02  0.00000000000000D+00
     2    25  0.12676824166016D-01  0.00000000000000D+00
     3    25  0.00000000000000D+00  0.00000000000000D+00
     1    26 -0.47997401854952D-02  0.00000000000000D+00
     2    26  0.64470322068862D-02  0.00000000000000D+00
     3    26  0.00000000000000D+00  0.00000000000000D+00
     1    27  0.34542997441706D-02  0.00000000000000D+00
     2    27 -0.69465256794053D-02  0.00000000000000D+00
     3    27  0.00000000000000D+00  0.00000000000000D+00
     1    28  0.53266240832817D-02  0.00000000000000D+00
     2    28 -0.32256930469739D-02  0.00000000000000D+00
     3    28  0.00000000000000D+00  0.00000000000000D+00
     1    29 -0.41339991643922D-02  0.00000000000000D+00
     2    29 -0.25977293846757D-01  0.00000000000000D+00
     3    29 -0.88908931361267D-04  0.00000000000000D+00
     1    30 -0.41339991643922D-02  0.00000000000000D+00
     2    30 -0.25977293846757D-01  0.00000000000000D+00
     3    30  0.88908931361267D-04  0.00000000000000D+00
     1    31  0.57767567146128D-02  0.00000000000000D+00
     2    31  0.23738630089299D-01  0.00000000000000D+00
     3    31 -0.41574317445426D-03  0.00000000000000D+00
     1    32  0.57767567146128D-02  0.00000000000000D+00
     2    32  0.23738630089299D-01  0.00000000000000D+00
     3    32  0.41574317445426D-03  0.00000000000000D+00
     1    33  0.20915087782652D-01  0.00000000000000D+00
     2    33 -0.97380900763248D-02  0.00000000000000D+00
     3    33  0.00000000000000D+00  0.00000000000000D+00
     1    34  0.19498562803893D-01  0.00000000000000D+00
     2    34 -0.80608102178445D-02  0.00000000000000D+00
     3    34  0.00000000000000D+00  0.00000000000000D+00
     1    35 -0.23017142817573D-01  0.00000000000000D+00
     2    35  0.11818725472371D-01  0.00000000000000D+00
     3    35  0.00000000000000D+00  0.00000000000000D+00
     1    36 -0.21306148913778D-01  0.00000000000000D+00
     2    36  0.87839866568295D-02  0.00000000000000D+00
     3    36  0.00000000000000D+00  0.00000000000000D+00
     1    39  0.26502114929016D-02  0.00000000000000D+00
     2    39  0.26525955466037D-02  0.00000000000000D+00
     3    39  0.24356422049468D-02  0.00000000000000D+00
     1    40  0.00000000000000D+00  0.00000000000000D+00
     2    40  0.00000000000000D+00  0.00000000000000D+00
     3    40 -0.16445824051439D-05  0.00000000000000D+00
  
 Total energy                 - # elements :           1
 -0.47548225025115D+03  0.00000000000000D+00
