
 **** DERIVATIVE DATABASE ****    
+DDB, Version number  20230401

  Note : temporary (transfer) database

    usepaw         1
     natom        36
      nkpt         1
    nsppol         2
      nsym         1
    ntypat         6
    occopt         2
     nband       115
     acell  0.10000000000000D+01  0.10000000000000D+01  0.10000000000000D+01
       amu  0.15196500000000D+03  0.87620000000000D+02  0.69410000000000D+01
            0.26981539000000D+02  0.14006740000000D+02  0.15999400000000D+02
   dilatmx  0.10000000000000D+01
      ecut  0.10000000000000D+02
 pawecutdg  0.20000000000000D+02
    ecutsm  0.00000000000000D+00
     intxc         0
      iscf        17
       ixc     -1012
       kpt  0.00000000000000D+00  0.00000000000000D+00  0.00000000000000D+00
    kptnrm  0.10000000000000D+01
     ngfft        45   45   36
    nspden         2
   nspinor         1
       occ  0.10000000000000D+01  0.10000000000000D+01  0.10000000000000D+01
            0.10000000000000D+01  0.10000000000000D+01  0.10000000000000D+01
            0.10000000000000D+01  0.10000000000000D+01  0.10000000000000D+01
            0.10000000000000D+01  0.10000000000000D+01  0.10000000000000D+01
            0.10000000000000D+01  0.10000000000000D+01  0.10000000000000D+01
            0.10000000000000D+01  0.10000000000000D+01  0.10000000000000D+01
            0.10000000000000D+01  0.10000000000000D+01  0.10000000000000D+01
            0.10000000000000D+01  0.10000000000000D+01  0.10000000000000D+01
            0.10000000000000D+01  0.10000000000000D+01  0.10000000000000D+01
            0.10000000000000D+01  0.10000000000000D+01  0.10000000000000D+01
            0.10000000000000D+01  0.10000000000000D+01  0.10000000000000D+01
            0.10000000000000D+01  0.10000000000000D+01  0.10000000000000D+01
            0.10000000000000D+01  0.10000000000000D+01  0.10000000000000D+01
            0.10000000000000D+01  0.10000000000000D+01  0.10000000000000D+01
            0.10000000000000D+01  0.10000000000000D+01  0.10000000000000D+01
            0.10000000000000D+01  0.10000000000000D+01  0.10000000000000D+01
            0.10000000000000D+01  0.10000000000000D+01  0.10000000000000D+01
            0.10000000000000D+01  0.10000000000000D+01  0.10000000000000D+01
            0.10000000000000D+01  0.10000000000000D+01  0.10000000000000D+01
            0.10000000000000D+01  0.10000000000000D+01  0.10000000000000D+01
            0.10000000000000D+01  0.10000000000000D+01  0.10000000000000D+01
            0.10000000000000D+01  0.10000000000000D+01  0.10000000000000D+01
            0.10000000000000D+01  0.10000000000000D+01  0.10000000000000D+01
            0.10000000000000D+01  0.10000000000000D+01  0.10000000000000D+01
            0.10000000000000D+01  0.10000000000000D+01  0.10000000000000D+01
            0.10000000000000D+01  0.10000000000000D+01  0.10000000000000D+01
            0.10000000000000D+01  0.10000000000000D+01  0.10000000000000D+01
            0.10000000000000D+01  0.10000000000000D+01  0.10000000000000D+01
            0.10000000000000D+01  0.10000000000000D+01  0.10000000000000D+01
            0.10000000000000D+01  0.10000000000000D+01  0.10000000000000D+01
            0.10000000000000D+01  0.10000000000000D+01  0.10000000000000D+01
            0.10000000000000D+01  0.10000000000000D+01  0.00000000000000D+00
            0.00000000000000D+00  0.00000000000000D+00  0.00000000000000D+00
            0.00000000000000D+00  0.00000000000000D+00  0.00000000000000D+00
            0.00000000000000D+00  0.00000000000000D+00  0.00000000000000D+00
            0.00000000000000D+00  0.00000000000000D+00  0.00000000000000D+00
            0.00000000000000D+00  0.00000000000000D+00  0.00000000000000D+00
            0.00000000000000D+00  0.00000000000000D+00  0.00000000000000D+00
            0.00000000000000D+00
     rprim  0.15040330225900D+02  0.00000000000000D+00  0.00000000000000D+00
            0.00000000000000D+00  0.15040330225900D+02  0.00000000000000D+00
            0.00000000000000D+00  0.00000000000000D+00  0.12033775961600D+02
  dfpt_sciss  0.00000000000000D+00
    spinat  0.00000000000000D+00  0.00000000000000D+00  0.00000000000000D+00
            0.00000000000000D+00  0.00000000000000D+00  0.00000000000000D+00
            0.00000000000000D+00  0.00000000000000D+00  0.00000000000000D+00
            0.00000000000000D+00  0.00000000000000D+00  0.00000000000000D+00
            0.00000000000000D+00  0.00000000000000D+00  0.00000000000000D+00
            0.00000000000000D+00  0.00000000000000D+00  0.00000000000000D+00
            0.00000000000000D+00  0.00000000000000D+00  0.00000000000000D+00
            0.00000000000000D+00  0.00000000000000D+00  0.00000000000000D+00
            0.00000000000000D+00  0.00000000000000D+00  0.00000000000000D+00
            0.00000000000000D+00  0.00000000000000D+00  0.00000000000000D+00
            0.00000000000000D+00  0.00000000000000D+00  0.00000000000000D+00
            0.00000000000000D+00  0.00000000000000D+00  0.00000000000000D+00
            0.00000000000000D+00  0.00000000000000D+00  0.00000000000000D+00
            0.00000000000000D+00  0.00000000000000D+00  0.00000000000000D+00
            0.00000000000000D+00  0.00000000000000D+00  0.00000000000000D+00
            0.00000000000000D+00  0.00000000000000D+00  0.00000000000000D+00
            0.00000000000000D+00  0.00000000000000D+00  0.00000000000000D+00
            0.00000000000000D+00  0.00000000000000D+00  0.00000000000000D+00
            0.00000000000000D+00  0.00000000000000D+00  0.00000000000000D+00
            0.00000000000000D+00  0.00000000000000D+00  0.00000000000000D+00
            0.00000000000000D+00  0.00000000000000D+00  0.00000000000000D+00
            0.00000000000000D+00  0.00000000000000D+00  0.00000000000000D+00
            0.00000000000000D+00  0.00000000000000D+00  0.00000000000000D+00
            0.00000000000000D+00  0.00000000000000D+00  0.00000000000000D+00
            0.00000000000000D+00  0.00000000000000D+00  0.00000000000000D+00
            0.00000000000000D+00  0.00000000000000D+00  0.00000000000000D+00
            0.00000000000000D+00  0.00000000000000D+00  0.00000000000000D+00
            0.00000000000000D+00  0.00000000000000D+00  0.00000000000000D+00
            0.00000000000000D+00  0.00000000000000D+00  0.00000000000000D+00
            0.00000000000000D+00  0.00000000000000D+00  0.00000000000000D+00
            0.00000000000000D+00  0.00000000000000D+00  0.00000000000000D+00
            0.00000000000000D+00  0.00000000000000D+00  0.00000000000000D+00
            0.00000000000000D+00  0.00000000000000D+00  0.00000000000000D+00
            0.00000000000000D+00  0.00000000000000D+00  0.00000000000000D+00
            0.00000000000000D+00  0.00000000000000D+00  0.00000000000000D+00
            0.00000000000000D+00  0.00000000000000D+00  0.00000000000000D+00
    symafm         1
    symrel         1    0    0    0    1    0    0    0    1
     tnons  0.00000000000000D+00  0.00000000000000D+00  0.00000000000000D+00
    tolwfr  0.10000000000000D+01
   tphysel  0.00000000000000D+00
    tsmear  0.10000000000000D-01
     typat         1    2    2    2    3    3    3    3    3    3    3    3
                   4    4    4    4    4    4    4    4    5    5    5    5
                   5    5    5    5    6    6    6    6    6    6    6    6
       wtk  0.10000000000000D+01
      xred  0.50000000000000D+00  0.00000000000000D+00  0.25000000000000D+00
            0.50000000000000D+00  0.00000000000000D+00  0.75000000000000D+00
            0.10000000000000D+01  0.50000000000000D+00  0.11890596229000D-03
            0.10000000000000D+01  0.50000000000000D+00  0.49988109400000D+00
            0.12744374710000D+00  0.82536213210000D+00  0.25000000000000D+00
            0.12704638640000D+00  0.82502282330000D+00  0.75000000000000D+00
            0.87255625290000D+00  0.17463786790000D+00  0.25000000000000D+00
            0.87295361360000D+00  0.17497717670000D+00  0.75000000000000D+00
            0.17499169840000D+00  0.12728967160000D+00  0.28739574230000D-03
            0.17499169840000D+00  0.12728967160000D+00  0.49971260430000D+00
            0.82500830160000D+00  0.87271032840000D+00  0.28739574230000D-03
            0.82500830160000D+00  0.87271032840000D+00  0.49971260430000D+00
            0.35048162750000D+00  0.68241995630000D+00  0.21289163617000D-03
            0.35173806670000D+00  0.68241995630000D+00  0.49978710840000D+00
            0.64826193330000D+00  0.31758004370000D+00  0.21289163617000D-03
            0.64826193330000D+00  0.31758004370000D+00  0.49978710840000D+00
            0.31780576680000D+00  0.35109081090000D+00  0.25000000000000D+00
            0.31777456060000D+00  0.35154217070000D+00  0.75000000000000D+00
            0.68219423320000D+00  0.64890918910000D+00  0.25000000000000D+00
            0.68222543940000D+00  0.64845782930000D+00  0.75000000000000D+00
            0.58430476540000D+00  0.73091011390000D+00  0.99992821440000D+00
            0.58430476540000D+00  0.73091011390000D+00  0.50007178560000D+00
            0.41569523460000D+00  0.26908988610000D+00  0.99992821440000D+00
            0.41569523460000D+00  0.26908988610000D+00  0.50007178560000D+00
            0.27019712620000D+00  0.58410218790000D+00  0.25000000000000D+00
            0.27041286440000D+00  0.58437089430000D+00  0.75000000000000D+00
            0.72980287380000D+00  0.41589781210000D+00  0.25000000000000D+00
            0.72958713560000D+00  0.41562910570000D+00  0.75000000000000D+00
            0.25250920030000D+00  0.88699605780000D+00  0.99991734080000D+00
            0.25250920030000D+00  0.88699605780000D+00  0.50008265920000D+00
            0.74749079970000D+00  0.11300394220000D+00  0.99991734080000D+00
            0.74749079970000D+00  0.11300394220000D+00  0.50008265920000D+00
            0.11279815010000D+00  0.25309031310000D+00  0.25000000000000D+00
            0.11273121590000D+00  0.25349138290000D+00  0.75000000000000D+00
            0.88720184990000D+00  0.74690968690000D+00  0.25000000000000D+00
            0.88726878410000D+00  0.74650861710000D+00  0.75000000000000D+00
     znucl  0.63000000000000D+02  0.38000000000000D+02  0.30000000000000D+01
            0.13000000000000D+02  0.70000000000000D+01  0.80000000000000D+01
      zion  0.17000000000000D+02  0.10000000000000D+02  0.30000000000000D+01
            0.30000000000000D+01  0.50000000000000D+01  0.60000000000000D+01
 
 No information on the potentials yet 
 
 **** Database of total energy derivatives ****
 Number of data blocks=    2
  
 1st derivatives              - # elements :         114
     1     1 -0.22123544022350D-02  0.00000000000000D+00
     2     1  0.27869952761853D-02  0.00000000000000D+00
     3     1  0.12976149371917D-02  0.00000000000000D+00
     1     2 -0.18778758932653D-02  0.00000000000000D+00
     2     2  0.26740631692186D-02  0.00000000000000D+00
     3     2 -0.11886180909125D-02  0.00000000000000D+00
     1     3  0.70120398556657D-02  0.00000000000000D+00
     2     3  0.32410290709566D-02  0.00000000000000D+00
     3     3  0.41711438745550D-03  0.00000000000000D+00
     1     4  0.20989415978185D-02  0.00000000000000D+00
     2     4  0.16454694162689D-03  0.00000000000000D+00
     3     4 -0.41615050804508D-03  0.00000000000000D+00
     1     5  0.58621394688744D-02  0.00000000000000D+00
     2     5  0.20583839492213D-02  0.00000000000000D+00
     3     5 -0.22987051582494D-02  0.00000000000000D+00
     1     6  0.47963071627185D-02  0.00000000000000D+00
     2     6  0.21731523444484D-02  0.00000000000000D+00
     3     6  0.22888770192851D-02  0.00000000000000D+00
     1     7 -0.28446164858712D-02  0.00000000000000D+00
     2     7 -0.38473667120861D-02  0.00000000000000D+00
     3     7  0.41207926073071D-04  0.00000000000000D+00
     1     8 -0.17807658365163D-02  0.00000000000000D+00
     2     8 -0.39194164107904D-02  0.00000000000000D+00
     3     8 -0.41331518138015D-04  0.00000000000000D+00
     1     9 -0.19806054078032D-02  0.00000000000000D+00
     2     9  0.28757532914108D-02  0.00000000000000D+00
     3     9  0.81007511039044D-03  0.00000000000000D+00
     1    10 -0.21429577794260D-02  0.00000000000000D+00
     2    10  0.34793732966373D-02  0.00000000000000D+00
     3    10 -0.80871346898012D-03  0.00000000000000D+00
     1    11  0.36957066497863D-02  0.00000000000000D+00
     2    11 -0.32359466445099D-02  0.00000000000000D+00
     3    11  0.83438659390672D-03  0.00000000000000D+00
     1    12  0.23949552324173D-02  0.00000000000000D+00
     2    12 -0.35725370305570D-02  0.00000000000000D+00
     3    12 -0.83041214409747D-03  0.00000000000000D+00
     1    13 -0.69910304280721D-01  0.00000000000000D+00
     2    13 -0.10643604316922D-01  0.00000000000000D+00
     3    13  0.13849236676523D-02  0.00000000000000D+00
     1    14 -0.10018809715296D-01  0.00000000000000D+00
     2    14 -0.91868937277132D-02  0.00000000000000D+00
     3    14 -0.12841407008642D-02  0.00000000000000D+00
     1    15  0.75531994185293D-02  0.00000000000000D+00
     2    15  0.59858643669156D-02  0.00000000000000D+00
     3    15  0.12570689638462D-02  0.00000000000000D+00
     1    16  0.64576017288646D-02  0.00000000000000D+00
     2    16  0.70941834772249D-02  0.00000000000000D+00
     3    16 -0.12510357330441D-02  0.00000000000000D+00
     1    17  0.47491692616027D-02  0.00000000000000D+00
     2    17 -0.10091283272772D-01  0.00000000000000D+00
     3    17  0.46587836136215D-03  0.00000000000000D+00
     1    18  0.54177581267484D-02  0.00000000000000D+00
     2    18 -0.87550607757518D-02  0.00000000000000D+00
     3    18 -0.47076398206358D-03  0.00000000000000D+00
     1    19 -0.15038463003960D-02  0.00000000000000D+00
     2    19  0.10291887978484D-01  0.00000000000000D+00
     3    19  0.41440796198564D-02  0.00000000000000D+00
     1    20 -0.21374590472091D-02  0.00000000000000D+00
     2    20  0.87681608081456D-02  0.00000000000000D+00
     3    20 -0.41444942789208D-02  0.00000000000000D+00
     1    21  0.27245129557056D-01  0.00000000000000D+00
     2    21  0.63844136009362D-02  0.00000000000000D+00
     3    21 -0.24308265953122D-02  0.00000000000000D+00
     1    22  0.77327404919590D-02  0.00000000000000D+00
     2    22  0.45457437271257D-02  0.00000000000000D+00
     3    22  0.23243876199988D-02  0.00000000000000D+00
     1    23 -0.49696904932176D-02  0.00000000000000D+00
     2    23 -0.31714157565948D-02  0.00000000000000D+00
     3    23 -0.22490585782324D-02  0.00000000000000D+00
     1    24 -0.49359366139078D-02  0.00000000000000D+00
     2    24 -0.58565746843125D-02  0.00000000000000D+00
     3    24  0.22177082552775D-02  0.00000000000000D+00
     1    25  0.49343205358684D-02  0.00000000000000D+00
     2    25  0.12145852640900D-01  0.00000000000000D+00
     3    25 -0.38542952447741D-02  0.00000000000000D+00
     1    26  0.27422032902911D-02  0.00000000000000D+00
     2    26  0.71503939384216D-02  0.00000000000000D+00
     3    26  0.37923137608874D-02  0.00000000000000D+00
     1    27  0.24254337973892D-02  0.00000000000000D+00
     2    27 -0.88041063472076D-02  0.00000000000000D+00
     3    27 -0.79317350054584D-03  0.00000000000000D+00
     1    28  0.45922884671575D-02  0.00000000000000D+00
     2    28 -0.38310538983813D-02  0.00000000000000D+00
     3    28  0.77894814975183D-03  0.00000000000000D+00
     1    29  0.68490332975084D-02  0.00000000000000D+00
     2    29 -0.32168918514819D-01  0.00000000000000D+00
     3    29 -0.21586987817885D-03  0.00000000000000D+00
     1    30 -0.43173918766706D-02  0.00000000000000D+00
     2    30 -0.24124637962961D-01  0.00000000000000D+00
     3    30  0.22870182991563D-03  0.00000000000000D+00
     1    31  0.46983503073191D-02  0.00000000000000D+00
     2    31  0.24046591469421D-01  0.00000000000000D+00
     3    31 -0.28423521261572D-03  0.00000000000000D+00
     1    32  0.52830986274989D-02  0.00000000000000D+00
     2    32  0.25417838449611D-01  0.00000000000000D+00
     3    32  0.27986857211562D-03  0.00000000000000D+00
     1    33  0.21500470439794D-01  0.00000000000000D+00
     2    33 -0.10814132370130D-01  0.00000000000000D+00
     3    33  0.84697836303039D-04  0.00000000000000D+00
     1    34  0.19938114534238D-01  0.00000000000000D+00
     2    34 -0.84457651304459D-02  0.00000000000000D+00
     3    34 -0.83236906328032D-04  0.00000000000000D+00
     1    35 -0.24453718693560D-01  0.00000000000000D+00
     2    35  0.10729830028535D-01  0.00000000000000D+00
     3    35 -0.58834534990708D-03  0.00000000000000D+00
     1    36 -0.22893677472408D-01  0.00000000000000D+00
     2    36  0.84032953959263D-02  0.00000000000000D+00
     3    36  0.58769999354290D-03  0.00000000000000D+00
     1    39  0.26510318485211D-02  0.00000000000000D+00
     2    39  0.26518694484852D-02  0.00000000000000D+00
     3    39  0.24352059745392D-02  0.00000000000000D+00
     1    40  0.41951196300864D-08  0.00000000000000D+00
     2    40 -0.51439786610128D-08  0.00000000000000D+00
     3    40 -0.14363931143138D-05  0.00000000000000D+00
  
 Total energy                 - # elements :           1
 -0.47548221474733D+03  0.00000000000000D+00
