 Fermi (or HOMO) energy (hartree) =   0.22140   Average Vxc (hartree)=  -0.38907
 Eigenvalues (hartree) for nkpt=   1  k points, SPIN UP:
 kpt#   1, nband=115, wtk=  1.00000, kpt=  0.0000  0.0000  0.0000 (reduced coord)
  -1.39339   -1.39295   -1.39292   -1.39284   -1.39264   -1.39261   -1.39255   -1.39249
  -1.22953   -1.05230   -1.04835   -1.04601   -0.48984   -0.48792   -0.47398   -0.46691
  -0.46679   -0.45944   -0.45605   -0.45253   -0.45181   -0.43756   -0.43734   -0.41229
  -0.40846   -0.40143   -0.39285   -0.38878   -0.38530   -0.38127   -0.37669   -0.37003
  -0.35300   -0.31231   -0.30972   -0.30869   -0.30783   -0.30762   -0.30439   -0.30391
  -0.02491   -0.01638   -0.01579   -0.01148   -0.01142    0.01843    0.01886    0.02661
   0.02730    0.02787    0.03932    0.04573    0.04656    0.05401    0.06646    0.06819
   0.06820    0.07121    0.07160    0.07794    0.07856    0.08924    0.08974    0.09497
   0.09941    0.10125    0.10424    0.10481    0.11543    0.11587    0.11731    0.12016
   0.12241    0.12268    0.12365    0.12572    0.13387    0.13415    0.13643    0.13874
   0.13895    0.13909    0.13942    0.13952    0.15270    0.16097    0.16246    0.16597
   0.21509    0.21519    0.21592    0.21628    0.21637    0.21715    0.22140    0.27975
   0.29056    0.29676    0.31759    0.32883    0.33801    0.37155    0.38102    0.38241
   0.38897    0.38922    0.39270    0.39900    0.40018    0.40284    0.40944    0.41091
   0.41924    0.42131    0.42179
 Eigenvalues (hartree) for nkpt=   1  k points, SPIN DOWN:
 kpt#   1, nband=115, wtk=  1.00000, kpt=  0.0000  0.0000  0.0000 (reduced coord)
  -1.39339   -1.39297   -1.39291   -1.39283   -1.39263   -1.39262   -1.39255   -1.39247
  -1.12234   -1.05229   -1.04817   -1.04599   -0.47279   -0.47224   -0.46735   -0.46691
  -0.45950   -0.45613   -0.45283   -0.45202   -0.41260   -0.41049   -0.40845   -0.40639
  -0.39282   -0.38875   -0.38714   -0.38440   -0.37651   -0.37002   -0.36875   -0.36063
  -0.35305   -0.30975   -0.30873   -0.30810   -0.30764   -0.30652   -0.30395   -0.30295
  -0.02462   -0.01566   -0.01561   -0.01140   -0.01009    0.01876    0.01937    0.02730
   0.02782    0.02807    0.03953    0.04633    0.04755    0.05510    0.06729    0.06844
   0.06864    0.07202    0.07258    0.07817    0.07909    0.08985    0.09059    0.09554
   0.10144    0.10159    0.10437    0.10490    0.11571    0.11597    0.11731    0.12094
   0.12383    0.12411    0.12472    0.12580    0.13402    0.13447    0.13890    0.13907
   0.13915    0.13950    0.13959    0.14036    0.15377    0.16266    0.16339    0.16651
   0.28875    0.29184    0.30045    0.32295    0.33681    0.33715    0.37686    0.38582
   0.38825    0.38832    0.39225    0.39436    0.39821    0.40075    0.41059    0.41097
   0.41567    0.42119    0.42211    0.42508    0.42774    0.42939    0.43117    0.45250
   0.45352    0.46475    0.46505
