 Fermi (or HOMO) energy (hartree) =   0.22131   Average Vxc (hartree)=  -0.38908
 Eigenvalues (hartree) for nkpt=   1  k points, SPIN UP:
 kpt#   1, nband=115, wtk=  1.00000, kpt=  0.0000  0.0000  0.0000 (reduced coord)
  -1.39336   -1.39286   -1.39283   -1.39275   -1.39271   -1.39266   -1.39259   -1.39253
  -1.22962   -1.05218   -1.04841   -1.04588   -0.48988   -0.48791   -0.47399   -0.46687
  -0.46684   -0.45936   -0.45598   -0.45241   -0.45180   -0.43746   -0.43738   -0.41211
  -0.40836   -0.40153   -0.39270   -0.38864   -0.38537   -0.38129   -0.37659   -0.36991
  -0.35304   -0.31253   -0.30949   -0.30868   -0.30815   -0.30736   -0.30474   -0.30370
  -0.02494   -0.01654   -0.01555   -0.01154   -0.01137    0.01845    0.01887    0.02672
   0.02722    0.02783    0.03933    0.04578    0.04662    0.05407    0.06651    0.06820
   0.06825    0.07121    0.07165    0.07799    0.07854    0.08936    0.08979    0.09501
   0.09952    0.10124    0.10433    0.10481    0.11562    0.11571    0.11731    0.12020
   0.12224    0.12273    0.12365    0.12587    0.13399    0.13401    0.13636    0.13881
   0.13892    0.13921    0.13942    0.13948    0.15276    0.16096    0.16244    0.16596
   0.21500    0.21509    0.21583    0.21620    0.21628    0.21705    0.22131    0.27972
   0.29051    0.29672    0.31767    0.32872    0.33824    0.37143    0.38112    0.38250
   0.38892    0.38908    0.39267    0.39915    0.40002    0.40282    0.40945    0.41096
   0.41932    0.42124    0.42673
 Eigenvalues (hartree) for nkpt=   1  k points, SPIN DOWN:
 kpt#   1, nband=115, wtk=  1.00000, kpt=  0.0000  0.0000  0.0000 (reduced coord)
  -1.39335   -1.39285   -1.39281   -1.39277   -1.39269   -1.39267   -1.39258   -1.39254
  -1.12243   -1.05216   -1.04823   -1.04587   -0.47269   -0.47220   -0.46729   -0.46686
  -0.45942   -0.45606   -0.45271   -0.45201   -0.41241   -0.41062   -0.40836   -0.40641
  -0.39267   -0.38862   -0.38724   -0.38445   -0.37642   -0.36990   -0.36878   -0.36070
  -0.35310   -0.30952   -0.30870   -0.30836   -0.30742   -0.30678   -0.30374   -0.30329
  -0.02464   -0.01582   -0.01537   -0.01129   -0.01021    0.01890    0.01926    0.02739
   0.02775    0.02803    0.03954    0.04637    0.04760    0.05517    0.06734    0.06844
   0.06869    0.07203    0.07263    0.07822    0.07908    0.08997    0.09065    0.09559
   0.10143    0.10170    0.10449    0.10487    0.11581    0.11590    0.11731    0.12098
   0.12367    0.12408    0.12479    0.12594    0.13386    0.13461    0.13899    0.13912
   0.13920    0.13948    0.13959    0.14022    0.15382    0.16265    0.16337    0.16650
   0.28877    0.29178    0.30043    0.32299    0.33670    0.33738    0.37681    0.38583
   0.38820    0.38844    0.39222    0.39422    0.39830    0.40065    0.41064    0.41099
   0.41572    0.42099    0.42198    0.42503    0.42776    0.42941    0.43114    0.45259
   0.45344    0.46478    0.46517
