
 **** DERIVATIVE DATABASE ****    
+DDB, Version number  20230401

  Note : temporary (transfer) database

    usepaw         1
     natom        36
      nkpt         1
    nsppol         2
      nsym         1
    ntypat         6
    occopt         2
     nband       115
     acell  0.10000000000000D+01  0.10000000000000D+01  0.10000000000000D+01
       amu  0.15196500000000D+03  0.87620000000000D+02  0.69410000000000D+01
            0.26981539000000D+02  0.14006740000000D+02  0.15999400000000D+02
   dilatmx  0.10000000000000D+01
      ecut  0.10000000000000D+02
 pawecutdg  0.20000000000000D+02
    ecutsm  0.00000000000000D+00
     intxc         0
      iscf        17
       ixc     -1012
       kpt  0.00000000000000D+00  0.00000000000000D+00  0.00000000000000D+00
    kptnrm  0.10000000000000D+01
     ngfft        45   45   36
    nspden         2
   nspinor         1
       occ  0.10000000000000D+01  0.10000000000000D+01  0.10000000000000D+01
            0.10000000000000D+01  0.10000000000000D+01  0.10000000000000D+01
            0.10000000000000D+01  0.10000000000000D+01  0.10000000000000D+01
            0.10000000000000D+01  0.10000000000000D+01  0.10000000000000D+01
            0.10000000000000D+01  0.10000000000000D+01  0.10000000000000D+01
            0.10000000000000D+01  0.10000000000000D+01  0.10000000000000D+01
            0.10000000000000D+01  0.10000000000000D+01  0.10000000000000D+01
            0.10000000000000D+01  0.10000000000000D+01  0.10000000000000D+01
            0.10000000000000D+01  0.10000000000000D+01  0.10000000000000D+01
            0.10000000000000D+01  0.10000000000000D+01  0.10000000000000D+01
            0.10000000000000D+01  0.10000000000000D+01  0.10000000000000D+01
            0.10000000000000D+01  0.10000000000000D+01  0.10000000000000D+01
            0.10000000000000D+01  0.10000000000000D+01  0.10000000000000D+01
            0.10000000000000D+01  0.10000000000000D+01  0.10000000000000D+01
            0.10000000000000D+01  0.10000000000000D+01  0.10000000000000D+01
            0.10000000000000D+01  0.10000000000000D+01  0.10000000000000D+01
            0.10000000000000D+01  0.10000000000000D+01  0.10000000000000D+01
            0.10000000000000D+01  0.10000000000000D+01  0.10000000000000D+01
            0.10000000000000D+01  0.10000000000000D+01  0.10000000000000D+01
            0.10000000000000D+01  0.10000000000000D+01  0.10000000000000D+01
            0.10000000000000D+01  0.10000000000000D+01  0.10000000000000D+01
            0.10000000000000D+01  0.10000000000000D+01  0.10000000000000D+01
            0.10000000000000D+01  0.10000000000000D+01  0.10000000000000D+01
            0.10000000000000D+01  0.10000000000000D+01  0.10000000000000D+01
            0.10000000000000D+01  0.10000000000000D+01  0.10000000000000D+01
            0.10000000000000D+01  0.10000000000000D+01  0.10000000000000D+01
            0.10000000000000D+01  0.10000000000000D+01  0.10000000000000D+01
            0.10000000000000D+01  0.10000000000000D+01  0.10000000000000D+01
            0.10000000000000D+01  0.10000000000000D+01  0.10000000000000D+01
            0.10000000000000D+01  0.10000000000000D+01  0.10000000000000D+01
            0.10000000000000D+01  0.10000000000000D+01  0.10000000000000D+01
            0.10000000000000D+01  0.10000000000000D+01  0.00000000000000D+00
            0.00000000000000D+00  0.00000000000000D+00  0.00000000000000D+00
            0.00000000000000D+00  0.00000000000000D+00  0.00000000000000D+00
            0.00000000000000D+00  0.00000000000000D+00  0.00000000000000D+00
            0.00000000000000D+00  0.00000000000000D+00  0.00000000000000D+00
            0.00000000000000D+00  0.00000000000000D+00  0.00000000000000D+00
            0.00000000000000D+00  0.00000000000000D+00  0.00000000000000D+00
            0.00000000000000D+00
     rprim  0.15040330225900D+02  0.00000000000000D+00  0.00000000000000D+00
            0.00000000000000D+00  0.15040330225900D+02  0.00000000000000D+00
            0.00000000000000D+00  0.00000000000000D+00  0.12033775961600D+02
  dfpt_sciss  0.00000000000000D+00
    spinat  0.00000000000000D+00  0.00000000000000D+00  0.00000000000000D+00
            0.00000000000000D+00  0.00000000000000D+00  0.00000000000000D+00
            0.00000000000000D+00  0.00000000000000D+00  0.00000000000000D+00
            0.00000000000000D+00  0.00000000000000D+00  0.00000000000000D+00
            0.00000000000000D+00  0.00000000000000D+00  0.00000000000000D+00
            0.00000000000000D+00  0.00000000000000D+00  0.00000000000000D+00
            0.00000000000000D+00  0.00000000000000D+00  0.00000000000000D+00
            0.00000000000000D+00  0.00000000000000D+00  0.00000000000000D+00
            0.00000000000000D+00  0.00000000000000D+00  0.00000000000000D+00
            0.00000000000000D+00  0.00000000000000D+00  0.00000000000000D+00
            0.00000000000000D+00  0.00000000000000D+00  0.00000000000000D+00
            0.00000000000000D+00  0.00000000000000D+00  0.00000000000000D+00
            0.00000000000000D+00  0.00000000000000D+00  0.00000000000000D+00
            0.00000000000000D+00  0.00000000000000D+00  0.00000000000000D+00
            0.00000000000000D+00  0.00000000000000D+00  0.00000000000000D+00
            0.00000000000000D+00  0.00000000000000D+00  0.00000000000000D+00
            0.00000000000000D+00  0.00000000000000D+00  0.00000000000000D+00
            0.00000000000000D+00  0.00000000000000D+00  0.00000000000000D+00
            0.00000000000000D+00  0.00000000000000D+00  0.00000000000000D+00
            0.00000000000000D+00  0.00000000000000D+00  0.00000000000000D+00
            0.00000000000000D+00  0.00000000000000D+00  0.00000000000000D+00
            0.00000000000000D+00  0.00000000000000D+00  0.00000000000000D+00
            0.00000000000000D+00  0.00000000000000D+00  0.00000000000000D+00
            0.00000000000000D+00  0.00000000000000D+00  0.00000000000000D+00
            0.00000000000000D+00  0.00000000000000D+00  0.00000000000000D+00
            0.00000000000000D+00  0.00000000000000D+00  0.00000000000000D+00
            0.00000000000000D+00  0.00000000000000D+00  0.00000000000000D+00
            0.00000000000000D+00  0.00000000000000D+00  0.00000000000000D+00
            0.00000000000000D+00  0.00000000000000D+00  0.00000000000000D+00
            0.00000000000000D+00  0.00000000000000D+00  0.00000000000000D+00
            0.00000000000000D+00  0.00000000000000D+00  0.00000000000000D+00
            0.00000000000000D+00  0.00000000000000D+00  0.00000000000000D+00
            0.00000000000000D+00  0.00000000000000D+00  0.00000000000000D+00
            0.00000000000000D+00  0.00000000000000D+00  0.00000000000000D+00
            0.00000000000000D+00  0.00000000000000D+00  0.00000000000000D+00
            0.00000000000000D+00  0.00000000000000D+00  0.00000000000000D+00
    symafm         1
    symrel         1    0    0    0    1    0    0    0    1
     tnons  0.00000000000000D+00  0.00000000000000D+00  0.00000000000000D+00
    tolwfr  0.10000000000000D+01
   tphysel  0.00000000000000D+00
    tsmear  0.10000000000000D-01
     typat         1    2    2    2    3    3    3    3    3    3    3    3
                   4    4    4    4    4    4    4    4    5    5    5    5
                   5    5    5    5    6    6    6    6    6    6    6    6
       wtk  0.10000000000000D+01
      xred  0.50000000000000D+00  0.00000000000000D+00  0.25000000000000D+00
            0.50000000000000D+00  0.00000000000000D+00  0.75000000000000D+00
            0.10000000000000D+01  0.50000000000000D+00  0.11890596229000D-03
            0.10000000000000D+01  0.50000000000000D+00  0.49988109400000D+00
            0.12744374710000D+00  0.82536213210000D+00  0.25000000000000D+00
            0.12704638640000D+00  0.82502282330000D+00  0.75000000000000D+00
            0.87255625290000D+00  0.17463786790000D+00  0.25000000000000D+00
            0.87295361360000D+00  0.17497717670000D+00  0.75000000000000D+00
            0.17499169840000D+00  0.12728967160000D+00  0.28739574230000D-03
            0.17499169840000D+00  0.12728967160000D+00  0.49971260430000D+00
            0.82500830160000D+00  0.87271032840000D+00  0.28739574230000D-03
            0.82500830160000D+00  0.87271032840000D+00  0.49971260430000D+00
            0.35173806670000D+00  0.68241995630000D+00  0.21289163617000D-03
            0.35173806670000D+00  0.68241995630000D+00  0.49978710840000D+00
            0.64826193330000D+00  0.31758004370000D+00  0.21289163617000D-03
            0.64826193330000D+00  0.31758004370000D+00  0.49978710840000D+00
            0.31780576680000D+00  0.35109081090000D+00  0.25000000000000D+00
            0.31777456060000D+00  0.35154217070000D+00  0.75000000000000D+00
            0.68219423320000D+00  0.64890918910000D+00  0.25000000000000D+00
            0.68222543940000D+00  0.64845782930000D+00  0.75000000000000D+00
            0.58430476540000D+00  0.73091011390000D+00  0.99992821440000D+00
            0.58430476540000D+00  0.73091011390000D+00  0.50007178560000D+00
            0.41569523460000D+00  0.26908988610000D+00  0.99992821440000D+00
            0.41569523460000D+00  0.26908988610000D+00  0.50007178560000D+00
            0.26921606010000D+00  0.58410218790000D+00  0.24901893390000D+00
            0.27041286440000D+00  0.58437089430000D+00  0.75000000000000D+00
            0.72980287380000D+00  0.41589781210000D+00  0.25000000000000D+00
            0.72958713560000D+00  0.41562910570000D+00  0.75000000000000D+00
            0.25250920030000D+00  0.88699605780000D+00  0.99991734080000D+00
            0.25250920030000D+00  0.88699605780000D+00  0.50008265920000D+00
            0.74749079970000D+00  0.11300394220000D+00  0.99991734080000D+00
            0.74749079970000D+00  0.11300394220000D+00  0.50008265920000D+00
            0.11279815010000D+00  0.25309031310000D+00  0.25000000000000D+00
            0.11273121590000D+00  0.25349138290000D+00  0.75000000000000D+00
            0.88720184990000D+00  0.74690968690000D+00  0.25000000000000D+00
            0.88726878410000D+00  0.74650861710000D+00  0.75000000000000D+00
     znucl  0.63000000000000D+02  0.38000000000000D+02  0.30000000000000D+01
            0.13000000000000D+02  0.70000000000000D+01  0.80000000000000D+01
      zion  0.17000000000000D+02  0.10000000000000D+02  0.30000000000000D+01
            0.30000000000000D+01  0.50000000000000D+01  0.60000000000000D+01
 
 No information on the potentials yet 
 
 **** Database of total energy derivatives ****
 Number of data blocks=    2
  
 1st derivatives              - # elements :         114
     1     1  0.16867195305643D-03  0.00000000000000D+00
     2     1 -0.41899384354738D-03  0.00000000000000D+00
     3     1  0.56668432495001D-03  0.00000000000000D+00
     1     2  0.16459082977905D-03  0.00000000000000D+00
     2     2 -0.25721285328451D-03  0.00000000000000D+00
     3     2 -0.61272196393907D-03  0.00000000000000D+00
     1     3 -0.82016050657995D-03  0.00000000000000D+00
     2     3 -0.29060842421824D-03  0.00000000000000D+00
     3     3  0.48782287783293D-03  0.00000000000000D+00
     1     4 -0.50504559795124D-03  0.00000000000000D+00
     2     4 -0.15216213472105D-03  0.00000000000000D+00
     3     4  0.19656025553451D-03  0.00000000000000D+00
     1     5  0.39560184277005D-02  0.00000000000000D+00
     2     5  0.44710024898131D-02  0.00000000000000D+00
     3     5  0.92299626718822D-03  0.00000000000000D+00
     1     6  0.21647773954293D-02  0.00000000000000D+00
     2     6  0.38395834310838D-02  0.00000000000000D+00
     3     6 -0.35340256337380D-03  0.00000000000000D+00
     1     7 -0.36898002427937D-02  0.00000000000000D+00
     2     7 -0.36248466648894D-02  0.00000000000000D+00
     3     7  0.54810806031184D-04  0.00000000000000D+00
     1     8 -0.23406735813044D-02  0.00000000000000D+00
     2     8 -0.39205337429687D-02  0.00000000000000D+00
     3     8 -0.73416718995238D-04  0.00000000000000D+00
     1     9 -0.21487197387888D-02  0.00000000000000D+00
     2     9  0.38204329291485D-02  0.00000000000000D+00
     3     9  0.62056109616825D-03  0.00000000000000D+00
     1    10 -0.17803692628587D-02  0.00000000000000D+00
     2    10  0.35338708396384D-02  0.00000000000000D+00
     3    10 -0.61389782130971D-03  0.00000000000000D+00
     1    11  0.19377512219127D-02  0.00000000000000D+00
     2    11 -0.36111390564415D-02  0.00000000000000D+00
     3    11  0.57383995617900D-03  0.00000000000000D+00
     1    12  0.17311264321828D-02  0.00000000000000D+00
     2    12 -0.37216848186084D-02  0.00000000000000D+00
     3    12 -0.52572319605288D-03  0.00000000000000D+00
     1    13 -0.46591091327715D-02  0.00000000000000D+00
     2    13 -0.97633115426110D-02  0.00000000000000D+00
     3    13  0.72698230762343D-02  0.00000000000000D+00
     1    14  0.11657000368535D-02  0.00000000000000D+00
     2    14 -0.20382776603492D-02  0.00000000000000D+00
     3    14  0.93839981829163D-02  0.00000000000000D+00
     1    15  0.80010191448657D-02  0.00000000000000D+00
     2    15  0.78824411449753D-02  0.00000000000000D+00
     3    15  0.16525574461212D-02  0.00000000000000D+00
     1    16  0.67627849415804D-02  0.00000000000000D+00
     2    16  0.74925878584618D-02  0.00000000000000D+00
     3    16 -0.15783254701123D-02  0.00000000000000D+00
     1    17  0.10986157759277D-01  0.00000000000000D+00
     2    17 -0.13839434226258D-01  0.00000000000000D+00
     3    17  0.36020125104716D-02  0.00000000000000D+00
     1    18  0.70548288928980D-02  0.00000000000000D+00
     2    18 -0.10748042866325D-01  0.00000000000000D+00
     3    18 -0.11173724398888D-02  0.00000000000000D+00
     1    19 -0.88100165522390D-02  0.00000000000000D+00
     2    19  0.10988249997770D-01  0.00000000000000D+00
     3    19  0.70345648060749D-03  0.00000000000000D+00
     1    20 -0.69502838297148D-02  0.00000000000000D+00
     2    20  0.11632568698043D-01  0.00000000000000D+00
     3    20 -0.81363458689096D-03  0.00000000000000D+00
     1    21  0.65950203450080D-02  0.00000000000000D+00
     2    21  0.39950232686494D-02  0.00000000000000D+00
     3    21 -0.32937154868450D-02  0.00000000000000D+00
     1    22  0.91726815738631D-02  0.00000000000000D+00
     2    22  0.55591975614169D-02  0.00000000000000D+00
     3    22  0.44701508004832D-02  0.00000000000000D+00
     1    23 -0.80204644326521D-02  0.00000000000000D+00
     2    23 -0.31171630319090D-02  0.00000000000000D+00
     3    23 -0.24509823509712D-02  0.00000000000000D+00
     1    24 -0.57328778932791D-02  0.00000000000000D+00
     2    24 -0.64085681846457D-02  0.00000000000000D+00
     3    24  0.36377408369609D-02  0.00000000000000D+00
     1    25 -0.20138764225247D-01  0.00000000000000D+00
     2    25  0.95741591152007D-02  0.00000000000000D+00
     3    25 -0.27784925617593D-01  0.00000000000000D+00
     1    26 -0.76241537334788D-02  0.00000000000000D+00
     2    26  0.46398356529248D-02  0.00000000000000D+00
     3    26  0.55429471366659D-02  0.00000000000000D+00
     1    27  0.40746461080873D-02  0.00000000000000D+00
     2    27 -0.10091431168751D-01  0.00000000000000D+00
     3    27 -0.38781466213447D-03  0.00000000000000D+00
     1    28  0.62222746865851D-02  0.00000000000000D+00
     2    28 -0.47452716810787D-02  0.00000000000000D+00
     3    28  0.58756173928965D-03  0.00000000000000D+00
     1    29 -0.65521811567375D-02  0.00000000000000D+00
     2    29 -0.26540342002619D-01  0.00000000000000D+00
     3    29  0.34391901198971D-03  0.00000000000000D+00
     1    30 -0.60351887578823D-02  0.00000000000000D+00
     2    30 -0.24373475250815D-01  0.00000000000000D+00
     3    30  0.22729719537114D-03  0.00000000000000D+00
     1    31  0.51589370126282D-02  0.00000000000000D+00
     2    31  0.24895991497505D-01  0.00000000000000D+00
     3    31 -0.19531377517033D-03  0.00000000000000D+00
     1    32  0.55890122371771D-02  0.00000000000000D+00
     2    32  0.24954252319667D-01  0.00000000000000D+00
     3    32  0.17444543973201D-03  0.00000000000000D+00
     1    33  0.22087403848818D-01  0.00000000000000D+00
     2    33 -0.87881973245031D-02  0.00000000000000D+00
     3    33 -0.66400871789873D-03  0.00000000000000D+00
     1    34  0.19706500755298D-01  0.00000000000000D+00
     2    34 -0.81130845170770D-02  0.00000000000000D+00
     3    34  0.32495801854635D-03  0.00000000000000D+00
     1    35 -0.18474183134930D-01  0.00000000000000D+00
     2    35  0.96811805645177D-02  0.00000000000000D+00
     3    35 -0.50352252634206D-03  0.00000000000000D+00
     1    36 -0.19209550695643D-01  0.00000000000000D+00
     2    36  0.76753948968446D-02  0.00000000000000D+00
     3    36  0.49694067760635D-03  0.00000000000000D+00
     1    39  0.26502997453189D-02  0.00000000000000D+00
     2    39  0.26527901810484D-02  0.00000000000000D+00
     3    39  0.24362402869576D-02  0.00000000000000D+00
     1    40  0.76095772147678D-06  0.00000000000000D+00
     2    40  0.86327227700290D-06  0.00000000000000D+00
     3    40 -0.15555229029434D-05  0.00000000000000D+00
  
 Total energy                 - # elements :           1
 -0.47548223858334D+03  0.00000000000000D+00
