 Fermi (or HOMO) energy (hartree) =   0.22129   Average Vxc (hartree)=  -0.38908
 Eigenvalues (hartree) for nkpt=   1  k points, SPIN UP:
 kpt#   1, nband=115, wtk=  1.00000, kpt=  0.0000  0.0000  0.0000 (reduced coord)
  -1.39327   -1.39278   -1.39274   -1.39268   -1.39263   -1.39256   -1.39252   -1.39234
  -1.22964   -1.05204   -1.04848   -1.04574   -0.48988   -0.48789   -0.47395   -0.46686
  -0.46679   -0.45930   -0.45591   -0.45233   -0.45173   -0.43742   -0.43735   -0.41208
  -0.40828   -0.40161   -0.39259   -0.38853   -0.38542   -0.38132   -0.37648   -0.36977
  -0.35308   -0.31265   -0.30942   -0.30879   -0.30827   -0.30741   -0.30487   -0.30368
  -0.02494   -0.01667   -0.01557   -0.01159   -0.01135    0.01844    0.01884    0.02676
   0.02722    0.02780    0.03930    0.04577    0.04663    0.05412    0.06647    0.06826
   0.06831    0.07128    0.07164    0.07806    0.07859    0.08942    0.08982    0.09504
   0.09957    0.10132    0.10437    0.10482    0.11563    0.11567    0.11737    0.12025
   0.12214    0.12270    0.12369    0.12569    0.13393    0.13401    0.13627    0.13874
   0.13889    0.13921    0.13944    0.13949    0.15271    0.16088    0.16234    0.16586
   0.21498    0.21507    0.21580    0.21618    0.21626    0.21703    0.22129    0.27968
   0.29059    0.29666    0.31774    0.32868    0.33821    0.37144    0.38105    0.38257
   0.38879    0.38897    0.39267    0.39902    0.39988    0.40281    0.40946    0.41105
   0.41924    0.42145    0.42202
 Eigenvalues (hartree) for nkpt=   1  k points, SPIN DOWN:
 kpt#   1, nband=115, wtk=  1.00000, kpt=  0.0000  0.0000  0.0000 (reduced coord)
  -1.39326   -1.39279   -1.39272   -1.39266   -1.39263   -1.39258   -1.39251   -1.39234
  -1.12245   -1.05203   -1.04830   -1.04573   -0.47264   -0.47214   -0.46725   -0.46679
  -0.45936   -0.45600   -0.45264   -0.45194   -0.41238   -0.41069   -0.40827   -0.40643
  -0.39256   -0.38850   -0.38729   -0.38449   -0.37631   -0.36976   -0.36878   -0.36074
  -0.35314   -0.30945   -0.30881   -0.30849   -0.30748   -0.30687   -0.30372   -0.30341
  -0.02464   -0.01595   -0.01538   -0.01127   -0.01025    0.01890    0.01922    0.02743
   0.02775    0.02801    0.03951    0.04636    0.04761    0.05521    0.06729    0.06850
   0.06875    0.07210    0.07262    0.07829    0.07912    0.09003    0.09067    0.09561
   0.10150    0.10177    0.10453    0.10488    0.11576    0.11591    0.11738    0.12104
   0.12357    0.12413    0.12474    0.12578    0.13380    0.13461    0.13896    0.13911
   0.13919    0.13950    0.13955    0.14010    0.15378    0.16255    0.16328    0.16639
   0.28875    0.29187    0.30034    0.32305    0.33665    0.33735    0.37686    0.38585
   0.38823    0.38837    0.39222    0.39392    0.39820    0.40049    0.41072    0.41099
   0.41572    0.42118    0.42214    0.42514    0.42788    0.42946    0.43109    0.45263
   0.45338    0.46490    0.46512
