
 **** DERIVATIVE DATABASE ****    
+DDB, Version number  20230401

  Note : temporary (transfer) database

    usepaw         1
     natom        36
      nkpt         1
    nsppol         2
      nsym         1
    ntypat         6
    occopt         2
     nband       115
     acell  0.10000000000000D+01  0.10000000000000D+01  0.10000000000000D+01
       amu  0.15196500000000D+03  0.87620000000000D+02  0.69410000000000D+01
            0.26981539000000D+02  0.14006740000000D+02  0.15999400000000D+02
   dilatmx  0.10000000000000D+01
      ecut  0.10000000000000D+02
 pawecutdg  0.20000000000000D+02
    ecutsm  0.00000000000000D+00
     intxc         0
      iscf        17
       ixc     -1012
       kpt  0.00000000000000D+00  0.00000000000000D+00  0.00000000000000D+00
    kptnrm  0.10000000000000D+01
     ngfft        45   45   36
    nspden         2
   nspinor         1
       occ  0.10000000000000D+01  0.10000000000000D+01  0.10000000000000D+01
            0.10000000000000D+01  0.10000000000000D+01  0.10000000000000D+01
            0.10000000000000D+01  0.10000000000000D+01  0.10000000000000D+01
            0.10000000000000D+01  0.10000000000000D+01  0.10000000000000D+01
            0.10000000000000D+01  0.10000000000000D+01  0.10000000000000D+01
            0.10000000000000D+01  0.10000000000000D+01  0.10000000000000D+01
            0.10000000000000D+01  0.10000000000000D+01  0.10000000000000D+01
            0.10000000000000D+01  0.10000000000000D+01  0.10000000000000D+01
            0.10000000000000D+01  0.10000000000000D+01  0.10000000000000D+01
            0.10000000000000D+01  0.10000000000000D+01  0.10000000000000D+01
            0.10000000000000D+01  0.10000000000000D+01  0.10000000000000D+01
            0.10000000000000D+01  0.10000000000000D+01  0.10000000000000D+01
            0.10000000000000D+01  0.10000000000000D+01  0.10000000000000D+01
            0.10000000000000D+01  0.10000000000000D+01  0.10000000000000D+01
            0.10000000000000D+01  0.10000000000000D+01  0.10000000000000D+01
            0.10000000000000D+01  0.10000000000000D+01  0.10000000000000D+01
            0.10000000000000D+01  0.10000000000000D+01  0.10000000000000D+01
            0.10000000000000D+01  0.10000000000000D+01  0.10000000000000D+01
            0.10000000000000D+01  0.10000000000000D+01  0.10000000000000D+01
            0.10000000000000D+01  0.10000000000000D+01  0.10000000000000D+01
            0.10000000000000D+01  0.10000000000000D+01  0.10000000000000D+01
            0.10000000000000D+01  0.10000000000000D+01  0.10000000000000D+01
            0.10000000000000D+01  0.10000000000000D+01  0.10000000000000D+01
            0.10000000000000D+01  0.10000000000000D+01  0.10000000000000D+01
            0.10000000000000D+01  0.10000000000000D+01  0.10000000000000D+01
            0.10000000000000D+01  0.10000000000000D+01  0.10000000000000D+01
            0.10000000000000D+01  0.10000000000000D+01  0.10000000000000D+01
            0.10000000000000D+01  0.10000000000000D+01  0.10000000000000D+01
            0.10000000000000D+01  0.10000000000000D+01  0.10000000000000D+01
            0.10000000000000D+01  0.10000000000000D+01  0.10000000000000D+01
            0.10000000000000D+01  0.10000000000000D+01  0.10000000000000D+01
            0.10000000000000D+01  0.10000000000000D+01  0.00000000000000D+00
            0.00000000000000D+00  0.00000000000000D+00  0.00000000000000D+00
            0.00000000000000D+00  0.00000000000000D+00  0.00000000000000D+00
            0.00000000000000D+00  0.00000000000000D+00  0.00000000000000D+00
            0.00000000000000D+00  0.00000000000000D+00  0.00000000000000D+00
            0.00000000000000D+00  0.00000000000000D+00  0.00000000000000D+00
            0.00000000000000D+00  0.00000000000000D+00  0.00000000000000D+00
            0.00000000000000D+00
     rprim  0.15040330225900D+02  0.00000000000000D+00  0.00000000000000D+00
            0.00000000000000D+00  0.15040330225900D+02  0.00000000000000D+00
            0.00000000000000D+00  0.00000000000000D+00  0.12033775961600D+02
  dfpt_sciss  0.00000000000000D+00
    spinat  0.00000000000000D+00  0.00000000000000D+00  0.00000000000000D+00
            0.00000000000000D+00  0.00000000000000D+00  0.00000000000000D+00
            0.00000000000000D+00  0.00000000000000D+00  0.00000000000000D+00
            0.00000000000000D+00  0.00000000000000D+00  0.00000000000000D+00
            0.00000000000000D+00  0.00000000000000D+00  0.00000000000000D+00
            0.00000000000000D+00  0.00000000000000D+00  0.00000000000000D+00
            0.00000000000000D+00  0.00000000000000D+00  0.00000000000000D+00
            0.00000000000000D+00  0.00000000000000D+00  0.00000000000000D+00
            0.00000000000000D+00  0.00000000000000D+00  0.00000000000000D+00
            0.00000000000000D+00  0.00000000000000D+00  0.00000000000000D+00
            0.00000000000000D+00  0.00000000000000D+00  0.00000000000000D+00
            0.00000000000000D+00  0.00000000000000D+00  0.00000000000000D+00
            0.00000000000000D+00  0.00000000000000D+00  0.00000000000000D+00
            0.00000000000000D+00  0.00000000000000D+00  0.00000000000000D+00
            0.00000000000000D+00  0.00000000000000D+00  0.00000000000000D+00
            0.00000000000000D+00  0.00000000000000D+00  0.00000000000000D+00
            0.00000000000000D+00  0.00000000000000D+00  0.00000000000000D+00
            0.00000000000000D+00  0.00000000000000D+00  0.00000000000000D+00
            0.00000000000000D+00  0.00000000000000D+00  0.00000000000000D+00
            0.00000000000000D+00  0.00000000000000D+00  0.00000000000000D+00
            0.00000000000000D+00  0.00000000000000D+00  0.00000000000000D+00
            0.00000000000000D+00  0.00000000000000D+00  0.00000000000000D+00
            0.00000000000000D+00  0.00000000000000D+00  0.00000000000000D+00
            0.00000000000000D+00  0.00000000000000D+00  0.00000000000000D+00
            0.00000000000000D+00  0.00000000000000D+00  0.00000000000000D+00
            0.00000000000000D+00  0.00000000000000D+00  0.00000000000000D+00
            0.00000000000000D+00  0.00000000000000D+00  0.00000000000000D+00
            0.00000000000000D+00  0.00000000000000D+00  0.00000000000000D+00
            0.00000000000000D+00  0.00000000000000D+00  0.00000000000000D+00
            0.00000000000000D+00  0.00000000000000D+00  0.00000000000000D+00
            0.00000000000000D+00  0.00000000000000D+00  0.00000000000000D+00
            0.00000000000000D+00  0.00000000000000D+00  0.00000000000000D+00
            0.00000000000000D+00  0.00000000000000D+00  0.00000000000000D+00
            0.00000000000000D+00  0.00000000000000D+00  0.00000000000000D+00
            0.00000000000000D+00  0.00000000000000D+00  0.00000000000000D+00
            0.00000000000000D+00  0.00000000000000D+00  0.00000000000000D+00
    symafm         1
    symrel         1    0    0    0    1    0    0    0    1
     tnons  0.00000000000000D+00  0.00000000000000D+00  0.00000000000000D+00
    tolwfr  0.10000000000000D+01
   tphysel  0.00000000000000D+00
    tsmear  0.10000000000000D-01
     typat         1    2    2    2    3    3    3    3    3    3    3    3
                   4    4    4    4    4    4    4    4    5    5    5    5
                   5    5    5    5    6    6    6    6    6    6    6    6
       wtk  0.10000000000000D+01
      xred  0.50000000000000D+00  0.00000000000000D+00  0.25000000000000D+00
            0.50000000000000D+00  0.00000000000000D+00  0.75000000000000D+00
            0.10009810661000D+01  0.50000000000000D+00  0.10999721000000D-02
            0.10000000000000D+01  0.50000000000000D+00  0.49988109400000D+00
            0.12744374710000D+00  0.82536213210000D+00  0.25000000000000D+00
            0.12704638640000D+00  0.82502282330000D+00  0.75000000000000D+00
            0.87255625290000D+00  0.17463786790000D+00  0.25000000000000D+00
            0.87295361360000D+00  0.17497717670000D+00  0.75000000000000D+00
            0.17499169840000D+00  0.12728967160000D+00  0.28739574230000D-03
            0.17499169840000D+00  0.12728967160000D+00  0.49971260430000D+00
            0.82500830160000D+00  0.87271032840000D+00  0.28739574230000D-03
            0.82500830160000D+00  0.87271032840000D+00  0.49971260430000D+00
            0.35173806670000D+00  0.68241995630000D+00  0.21289163617000D-03
            0.35173806670000D+00  0.68241995630000D+00  0.49978710840000D+00
            0.64826193330000D+00  0.31758004370000D+00  0.21289163617000D-03
            0.64826193330000D+00  0.31758004370000D+00  0.49978710840000D+00
            0.31780576680000D+00  0.35109081090000D+00  0.25000000000000D+00
            0.31777456060000D+00  0.35154217070000D+00  0.75000000000000D+00
            0.68219423320000D+00  0.64890918910000D+00  0.25000000000000D+00
            0.68222543940000D+00  0.64845782930000D+00  0.75000000000000D+00
            0.58430476540000D+00  0.73091011390000D+00  0.99992821440000D+00
            0.58430476540000D+00  0.73091011390000D+00  0.50007178560000D+00
            0.41569523460000D+00  0.26908988610000D+00  0.99992821440000D+00
            0.41569523460000D+00  0.26908988610000D+00  0.50007178560000D+00
            0.27019712620000D+00  0.58410218790000D+00  0.25000000000000D+00
            0.27041286440000D+00  0.58437089430000D+00  0.75000000000000D+00
            0.72980287380000D+00  0.41589781210000D+00  0.25000000000000D+00
            0.72958713560000D+00  0.41562910570000D+00  0.75000000000000D+00
            0.25250920030000D+00  0.88699605780000D+00  0.99991734080000D+00
            0.25250920030000D+00  0.88699605780000D+00  0.50008265920000D+00
            0.74749079970000D+00  0.11300394220000D+00  0.99991734080000D+00
            0.74749079970000D+00  0.11300394220000D+00  0.50008265920000D+00
            0.11279815010000D+00  0.25309031310000D+00  0.25000000000000D+00
            0.11273121590000D+00  0.25349138290000D+00  0.75000000000000D+00
            0.88720184990000D+00  0.74690968690000D+00  0.25000000000000D+00
            0.88726878410000D+00  0.74650861710000D+00  0.75000000000000D+00
     znucl  0.63000000000000D+02  0.38000000000000D+02  0.30000000000000D+01
            0.13000000000000D+02  0.70000000000000D+01  0.80000000000000D+01
      zion  0.17000000000000D+02  0.10000000000000D+02  0.30000000000000D+01
            0.30000000000000D+01  0.50000000000000D+01  0.60000000000000D+01
 
 No information on the potentials yet 
 
 **** Database of total energy derivatives ****
 Number of data blocks=    2
  
 1st derivatives              - # elements :         114
     1     1 -0.11649954910811D-02  0.00000000000000D+00
     2     1  0.58578889366922D-05  0.00000000000000D+00
     3     1 -0.15988996239882D-04  0.00000000000000D+00
     1     2 -0.10125532143943D-02  0.00000000000000D+00
     2     2  0.24901860221396D-05  0.00000000000000D+00
     3     2 -0.13037285791656D-04  0.00000000000000D+00
     1     3  0.18268669506963D-01  0.00000000000000D+00
     2     3  0.98752330991279D-03  0.00000000000000D+00
     3     3  0.11156527435773D-01  0.00000000000000D+00
     1     4  0.21757357348735D-02  0.00000000000000D+00
     2     4 -0.36703215105989D-03  0.00000000000000D+00
     3     4 -0.74121840103148D-02  0.00000000000000D+00
     1     5  0.34654320919315D-02  0.00000000000000D+00
     2     5  0.23954124372726D-02  0.00000000000000D+00
     3     5 -0.50208491400293D-03  0.00000000000000D+00
     1     6  0.32415035295245D-02  0.00000000000000D+00
     2     6  0.39523722969543D-02  0.00000000000000D+00
     3     6  0.10869892207346D-03  0.00000000000000D+00
     1     7 -0.22312296274532D-02  0.00000000000000D+00
     2     7 -0.36306632436945D-02  0.00000000000000D+00
     3     7  0.11589638056603D-03  0.00000000000000D+00
     1     8 -0.19928596516998D-02  0.00000000000000D+00
     2     8 -0.51526013285074D-02  0.00000000000000D+00
     3     8 -0.50498869514628D-03  0.00000000000000D+00
     1     9 -0.23293426072015D-02  0.00000000000000D+00
     2     9  0.43588893576181D-02  0.00000000000000D+00
     3     9  0.12583198794470D-02  0.00000000000000D+00
     1    10 -0.23775813167985D-02  0.00000000000000D+00
     2    10  0.38332119788129D-02  0.00000000000000D+00
     3    10 -0.11682919444820D-02  0.00000000000000D+00
     1    11  0.21407775869051D-02  0.00000000000000D+00
     2    11 -0.29586937673240D-02  0.00000000000000D+00
     3    11  0.12682827426919D-02  0.00000000000000D+00
     1    12  0.21001065668293D-02  0.00000000000000D+00
     2    12 -0.34870739440727D-02  0.00000000000000D+00
     3    12 -0.11789319014726D-02  0.00000000000000D+00
     1    13 -0.13219447843120D-01  0.00000000000000D+00
     2    13 -0.10853157563942D-01  0.00000000000000D+00
     3    13  0.25218710325641D-02  0.00000000000000D+00
     1    14 -0.94124415502349D-02  0.00000000000000D+00
     2    14 -0.86586292926583D-02  0.00000000000000D+00
     3    14 -0.21955775691105D-02  0.00000000000000D+00
     1    15  0.23348461278678D-02  0.00000000000000D+00
     2    15  0.44057159555450D-02  0.00000000000000D+00
     3    15  0.25074791563360D-02  0.00000000000000D+00
     1    16  0.61233287082638D-02  0.00000000000000D+00
     2    16  0.65702476201958D-02  0.00000000000000D+00
     3    16 -0.21898401176109D-02  0.00000000000000D+00
     1    17  0.41206468085236D-03  0.00000000000000D+00
     2    17 -0.84137141210630D-02  0.00000000000000D+00
     3    17 -0.21532656372572D-02  0.00000000000000D+00
     1    18  0.48924183447646D-02  0.00000000000000D+00
     2    18 -0.90397521975564D-02  0.00000000000000D+00
     3    18  0.12415951260363D-02  0.00000000000000D+00
     1    19 -0.69726550773299D-02  0.00000000000000D+00
     2    19  0.12743335240310D-01  0.00000000000000D+00
     3    19  0.12380781176809D-02  0.00000000000000D+00
     1    20 -0.11372041230490D-01  0.00000000000000D+00
     2    20  0.13258847553569D-01  0.00000000000000D+00
     3    20 -0.21234983599092D-02  0.00000000000000D+00
     1    21  0.85663012356045D-02  0.00000000000000D+00
     2    21  0.33803448729997D-02  0.00000000000000D+00
     3    21 -0.28648076340311D-02  0.00000000000000D+00
     1    22  0.75802007527547D-02  0.00000000000000D+00
     2    22  0.35512451495430D-02  0.00000000000000D+00
     3    22  0.29760987611936D-02  0.00000000000000D+00
     1    23 -0.42303319977074D-02  0.00000000000000D+00
     2    23 -0.43230078856802D-02  0.00000000000000D+00
     3    23 -0.28569213287766D-02  0.00000000000000D+00
     1    24 -0.52163317624101D-02  0.00000000000000D+00
     2    24 -0.41405751072300D-02  0.00000000000000D+00
     3    24  0.29656968255297D-02  0.00000000000000D+00
     1    25 -0.19686794936350D-02  0.00000000000000D+00
     2    25  0.10328346687025D-01  0.00000000000000D+00
     3    25 -0.18151337053937D-03  0.00000000000000D+00
     1    26 -0.46530912353627D-02  0.00000000000000D+00
     2    26  0.49545599393251D-02  0.00000000000000D+00
     3    26 -0.51029637673037D-03  0.00000000000000D+00
     1    27  0.32949494117648D-02  0.00000000000000D+00
     2    27 -0.97057650137784D-02  0.00000000000000D+00
     3    27 -0.51357117580159D-03  0.00000000000000D+00
     1    28  0.61286433338962D-02  0.00000000000000D+00
     2    28 -0.42987374857444D-02  0.00000000000000D+00
     3    28 -0.84287035949919D-04  0.00000000000000D+00
     1    29 -0.42738675179729D-02  0.00000000000000D+00
     2    29 -0.24029466172448D-01  0.00000000000000D+00
     3    29 -0.63954243162276D-03  0.00000000000000D+00
     1    30 -0.47156287491260D-02  0.00000000000000D+00
     2    30 -0.24181858785654D-01  0.00000000000000D+00
     3    30  0.63384073385697D-03  0.00000000000000D+00
     1    31  0.56669886052904D-02  0.00000000000000D+00
     2    31  0.25727091878451D-01  0.00000000000000D+00
     3    31 -0.67208854085014D-03  0.00000000000000D+00
     1    32  0.52198423178831D-02  0.00000000000000D+00
     2    32  0.25572160601556D-01  0.00000000000000D+00
     3    32  0.66180748364074D-03  0.00000000000000D+00
     1    33  0.21303246068506D-01  0.00000000000000D+00
     2    33 -0.11664320979395D-01  0.00000000000000D+00
     3    33  0.48745442069604D-04  0.00000000000000D+00
     1    34  0.19076945019983D-01  0.00000000000000D+00
     2    34 -0.89215208639147D-02  0.00000000000000D+00
     3    34 -0.39755058227340D-03  0.00000000000000D+00
     1    35 -0.23294549256077D-01  0.00000000000000D+00
     2    35  0.10274945201209D-01  0.00000000000000D+00
     3    35 -0.39956744094098D-03  0.00000000000000D+00
     1    36 -0.21064279026054D-01  0.00000000000000D+00
     2    36  0.75270625217731D-02  0.00000000000000D+00
     3    36  0.75504565676365D-04  0.00000000000000D+00
     1    39  0.26502217830155D-02  0.00000000000000D+00
     2    39  0.26526311267921D-02  0.00000000000000D+00
     3    39  0.24356664029446D-02  0.00000000000000D+00
     1    40 -0.42042738097986D-09  0.00000000000000D+00
     2    40 -0.62618085100329D-08  0.00000000000000D+00
     3    40 -0.16524471308473D-05  0.00000000000000D+00
  
 Total energy                 - # elements :           1
 -0.47548224903040D+03  0.00000000000000D+00
