 Fermi (or HOMO) energy (hartree) =   0.22130   Average Vxc (hartree)=  -0.38908
 Eigenvalues (hartree) for nkpt=   1  k points, SPIN UP:
 kpt#   1, nband=115, wtk=  1.00000, kpt=  0.0000  0.0000  0.0000 (reduced coord)
  -1.39340   -1.39295   -1.39269   -1.39268   -1.39266   -1.39249   -1.39240   -1.39205
  -1.22963   -1.05213   -1.04846   -1.04583   -0.48987   -0.48787   -0.47393   -0.46685
  -0.46677   -0.45925   -0.45586   -0.45232   -0.45165   -0.43740   -0.43735   -0.41211
  -0.40825   -0.40160   -0.39267   -0.38860   -0.38540   -0.38131   -0.37648   -0.36986
  -0.35316   -0.31266   -0.30956   -0.30880   -0.30827   -0.30747   -0.30487   -0.30380
  -0.02500   -0.01665   -0.01563   -0.01164   -0.01142    0.01843    0.01881    0.02677
   0.02727    0.02778    0.03938    0.04580    0.04667    0.05413    0.06653    0.06823
   0.06831    0.07128    0.07168    0.07807    0.07859    0.08942    0.08981    0.09502
   0.09961    0.10134    0.10437    0.10488    0.11557    0.11560    0.11734    0.12029
   0.12215    0.12274    0.12363    0.12580    0.13388    0.13395    0.13628    0.13869
   0.13885    0.13920    0.13939    0.13941    0.15268    0.16089    0.16239    0.16589
   0.21499    0.21507    0.21581    0.21619    0.21627    0.21704    0.22130    0.27970
   0.29062    0.29673    0.31769    0.32862    0.33820    0.37142    0.38110    0.38260
   0.38891    0.38901    0.39259    0.39908    0.39984    0.40274    0.40942    0.41095
   0.41935    0.42135    0.42195
 Eigenvalues (hartree) for nkpt=   1  k points, SPIN DOWN:
 kpt#   1, nband=115, wtk=  1.00000, kpt=  0.0000  0.0000  0.0000 (reduced coord)
  -1.39338   -1.39295   -1.39269   -1.39267   -1.39266   -1.39248   -1.39239   -1.39208
  -1.12244   -1.05212   -1.04828   -1.04582   -0.47263   -0.47211   -0.46724   -0.46678
  -0.45932   -0.45595   -0.45262   -0.45186   -0.41241   -0.41068   -0.40824   -0.40641
  -0.39264   -0.38858   -0.38727   -0.38449   -0.37631   -0.36985   -0.36877   -0.36073
  -0.35321   -0.30959   -0.30882   -0.30848   -0.30752   -0.30690   -0.30384   -0.30341
  -0.02470   -0.01593   -0.01545   -0.01134   -0.01031    0.01888    0.01920    0.02744
   0.02779    0.02800    0.03959    0.04640    0.04765    0.05522    0.06735    0.06848
   0.06875    0.07209    0.07266    0.07830    0.07912    0.09003    0.09067    0.09561
   0.10153    0.10178    0.10452    0.10495    0.11569    0.11587    0.11734    0.12109
   0.12358    0.12406    0.12479    0.12588    0.13375    0.13455    0.13891    0.13909
   0.13911    0.13945    0.13951    0.14013    0.15374    0.16260    0.16329    0.16642
   0.28875    0.29190    0.30042    0.32300    0.33661    0.33734    0.37685    0.38589
   0.38818    0.38842    0.39215    0.39415    0.39820    0.40050    0.41063    0.41091
   0.41565    0.42128    0.42227    0.42522    0.42780    0.42943    0.43113    0.45263
   0.45348    0.46478    0.46510
