
 **** DERIVATIVE DATABASE ****    
+DDB, Version number  20230401

  Note : temporary (transfer) database

    usepaw         1
     natom        36
      nkpt         1
    nsppol         2
      nsym         1
    ntypat         6
    occopt         2
     nband       115
     acell  0.10000000000000D+01  0.10000000000000D+01  0.10000000000000D+01
       amu  0.15196500000000D+03  0.87620000000000D+02  0.69410000000000D+01
            0.26981539000000D+02  0.14006740000000D+02  0.15999400000000D+02
   dilatmx  0.10000000000000D+01
      ecut  0.10000000000000D+02
 pawecutdg  0.20000000000000D+02
    ecutsm  0.00000000000000D+00
     intxc         0
      iscf        17
       ixc     -1012
       kpt  0.00000000000000D+00  0.00000000000000D+00  0.00000000000000D+00
    kptnrm  0.10000000000000D+01
     ngfft        45   45   36
    nspden         2
   nspinor         1
       occ  0.10000000000000D+01  0.10000000000000D+01  0.10000000000000D+01
            0.10000000000000D+01  0.10000000000000D+01  0.10000000000000D+01
            0.10000000000000D+01  0.10000000000000D+01  0.10000000000000D+01
            0.10000000000000D+01  0.10000000000000D+01  0.10000000000000D+01
            0.10000000000000D+01  0.10000000000000D+01  0.10000000000000D+01
            0.10000000000000D+01  0.10000000000000D+01  0.10000000000000D+01
            0.10000000000000D+01  0.10000000000000D+01  0.10000000000000D+01
            0.10000000000000D+01  0.10000000000000D+01  0.10000000000000D+01
            0.10000000000000D+01  0.10000000000000D+01  0.10000000000000D+01
            0.10000000000000D+01  0.10000000000000D+01  0.10000000000000D+01
            0.10000000000000D+01  0.10000000000000D+01  0.10000000000000D+01
            0.10000000000000D+01  0.10000000000000D+01  0.10000000000000D+01
            0.10000000000000D+01  0.10000000000000D+01  0.10000000000000D+01
            0.10000000000000D+01  0.10000000000000D+01  0.10000000000000D+01
            0.10000000000000D+01  0.10000000000000D+01  0.10000000000000D+01
            0.10000000000000D+01  0.10000000000000D+01  0.10000000000000D+01
            0.10000000000000D+01  0.10000000000000D+01  0.10000000000000D+01
            0.10000000000000D+01  0.10000000000000D+01  0.10000000000000D+01
            0.10000000000000D+01  0.10000000000000D+01  0.10000000000000D+01
            0.10000000000000D+01  0.10000000000000D+01  0.10000000000000D+01
            0.10000000000000D+01  0.10000000000000D+01  0.10000000000000D+01
            0.10000000000000D+01  0.10000000000000D+01  0.10000000000000D+01
            0.10000000000000D+01  0.10000000000000D+01  0.10000000000000D+01
            0.10000000000000D+01  0.10000000000000D+01  0.10000000000000D+01
            0.10000000000000D+01  0.10000000000000D+01  0.10000000000000D+01
            0.10000000000000D+01  0.10000000000000D+01  0.10000000000000D+01
            0.10000000000000D+01  0.10000000000000D+01  0.10000000000000D+01
            0.10000000000000D+01  0.10000000000000D+01  0.10000000000000D+01
            0.10000000000000D+01  0.10000000000000D+01  0.10000000000000D+01
            0.10000000000000D+01  0.10000000000000D+01  0.10000000000000D+01
            0.10000000000000D+01  0.10000000000000D+01  0.10000000000000D+01
            0.10000000000000D+01  0.10000000000000D+01  0.00000000000000D+00
            0.00000000000000D+00  0.00000000000000D+00  0.00000000000000D+00
            0.00000000000000D+00  0.00000000000000D+00  0.00000000000000D+00
            0.00000000000000D+00  0.00000000000000D+00  0.00000000000000D+00
            0.00000000000000D+00  0.00000000000000D+00  0.00000000000000D+00
            0.00000000000000D+00  0.00000000000000D+00  0.00000000000000D+00
            0.00000000000000D+00  0.00000000000000D+00  0.00000000000000D+00
            0.00000000000000D+00
     rprim  0.15040330225900D+02  0.00000000000000D+00  0.00000000000000D+00
            0.00000000000000D+00  0.15040330225900D+02  0.00000000000000D+00
            0.00000000000000D+00  0.00000000000000D+00  0.12033775961600D+02
  dfpt_sciss  0.00000000000000D+00
    spinat  0.00000000000000D+00  0.00000000000000D+00  0.00000000000000D+00
            0.00000000000000D+00  0.00000000000000D+00  0.00000000000000D+00
            0.00000000000000D+00  0.00000000000000D+00  0.00000000000000D+00
            0.00000000000000D+00  0.00000000000000D+00  0.00000000000000D+00
            0.00000000000000D+00  0.00000000000000D+00  0.00000000000000D+00
            0.00000000000000D+00  0.00000000000000D+00  0.00000000000000D+00
            0.00000000000000D+00  0.00000000000000D+00  0.00000000000000D+00
            0.00000000000000D+00  0.00000000000000D+00  0.00000000000000D+00
            0.00000000000000D+00  0.00000000000000D+00  0.00000000000000D+00
            0.00000000000000D+00  0.00000000000000D+00  0.00000000000000D+00
            0.00000000000000D+00  0.00000000000000D+00  0.00000000000000D+00
            0.00000000000000D+00  0.00000000000000D+00  0.00000000000000D+00
            0.00000000000000D+00  0.00000000000000D+00  0.00000000000000D+00
            0.00000000000000D+00  0.00000000000000D+00  0.00000000000000D+00
            0.00000000000000D+00  0.00000000000000D+00  0.00000000000000D+00
            0.00000000000000D+00  0.00000000000000D+00  0.00000000000000D+00
            0.00000000000000D+00  0.00000000000000D+00  0.00000000000000D+00
            0.00000000000000D+00  0.00000000000000D+00  0.00000000000000D+00
            0.00000000000000D+00  0.00000000000000D+00  0.00000000000000D+00
            0.00000000000000D+00  0.00000000000000D+00  0.00000000000000D+00
            0.00000000000000D+00  0.00000000000000D+00  0.00000000000000D+00
            0.00000000000000D+00  0.00000000000000D+00  0.00000000000000D+00
            0.00000000000000D+00  0.00000000000000D+00  0.00000000000000D+00
            0.00000000000000D+00  0.00000000000000D+00  0.00000000000000D+00
            0.00000000000000D+00  0.00000000000000D+00  0.00000000000000D+00
            0.00000000000000D+00  0.00000000000000D+00  0.00000000000000D+00
            0.00000000000000D+00  0.00000000000000D+00  0.00000000000000D+00
            0.00000000000000D+00  0.00000000000000D+00  0.00000000000000D+00
            0.00000000000000D+00  0.00000000000000D+00  0.00000000000000D+00
            0.00000000000000D+00  0.00000000000000D+00  0.00000000000000D+00
            0.00000000000000D+00  0.00000000000000D+00  0.00000000000000D+00
            0.00000000000000D+00  0.00000000000000D+00  0.00000000000000D+00
            0.00000000000000D+00  0.00000000000000D+00  0.00000000000000D+00
            0.00000000000000D+00  0.00000000000000D+00  0.00000000000000D+00
            0.00000000000000D+00  0.00000000000000D+00  0.00000000000000D+00
            0.00000000000000D+00  0.00000000000000D+00  0.00000000000000D+00
    symafm         1
    symrel         1    0    0    0    1    0    0    0    1
     tnons  0.00000000000000D+00  0.00000000000000D+00  0.00000000000000D+00
    tolwfr  0.10000000000000D+01
   tphysel  0.00000000000000D+00
    tsmear  0.10000000000000D-01
     typat         1    2    2    2    3    3    3    3    3    3    3    3
                   4    4    4    4    4    4    4    4    5    5    5    5
                   5    5    5    5    6    6    6    6    6    6    6    6
       wtk  0.10000000000000D+01
      xred  0.50000000000000D+00  0.00000000000000D+00  0.25000000000000D+00
            0.50000000000000D+00  0.00000000000000D+00  0.75000000000000D+00
            0.10000000000000D+01  0.50000000000000D+00  0.11890596229000D-03
            0.10000000000000D+01  0.50000000000000D+00  0.49988109400000D+00
            0.12744374710000D+00  0.82536213210000D+00  0.25000000000000D+00
            0.12704638640000D+00  0.82502282330000D+00  0.75000000000000D+00
            0.87255625290000D+00  0.17463786790000D+00  0.25000000000000D+00
            0.87295361360000D+00  0.17497717670000D+00  0.75000000000000D+00
            0.17499169840000D+00  0.12728967160000D+00  0.28739574230000D-03
            0.17499169840000D+00  0.12728967160000D+00  0.49971260430000D+00
            0.82500830160000D+00  0.87271032840000D+00  0.28739574230000D-03
            0.82500830160000D+00  0.87271032840000D+00  0.49971260430000D+00
            0.35173806670000D+00  0.68241995630000D+00  0.21289163617000D-03
            0.35173806670000D+00  0.68241995630000D+00  0.49978710840000D+00
            0.64826193330000D+00  0.31758004370000D+00  0.21289163617000D-03
            0.64826193330000D+00  0.31758004370000D+00  0.49978710840000D+00
            0.31780576680000D+00  0.35109081090000D+00  0.25000000000000D+00
            0.31777456060000D+00  0.35154217070000D+00  0.75000000000000D+00
            0.68219423320000D+00  0.64890918910000D+00  0.25000000000000D+00
            0.68222543940000D+00  0.64845782930000D+00  0.75000000000000D+00
            0.58430476540000D+00  0.73091011390000D+00  0.99992821440000D+00
            0.58430476540000D+00  0.73091011390000D+00  0.50007178560000D+00
            0.41569523460000D+00  0.26908988610000D+00  0.99992821440000D+00
            0.41569523460000D+00  0.26908988610000D+00  0.50007178560000D+00
            0.27019712620000D+00  0.58410218790000D+00  0.25000000000000D+00
            0.27041286440000D+00  0.58437089430000D+00  0.75000000000000D+00
            0.72980287380000D+00  0.41589781210000D+00  0.25000000000000D+00
            0.72958713560000D+00  0.41562910570000D+00  0.75000000000000D+00
            0.25250920030000D+00  0.88699605780000D+00  0.99991734080000D+00
            0.25250920030000D+00  0.88699605780000D+00  0.50008265920000D+00
            0.74749079970000D+00  0.11300394220000D+00  0.99991734080000D+00
            0.74749079970000D+00  0.11300394220000D+00  0.50008265920000D+00
            0.11279815010000D+00  0.25309031310000D+00  0.25000000000000D+00
            0.11175014980000D+00  0.25349138290000D+00  0.74901893390000D+00
            0.88720184990000D+00  0.74690968690000D+00  0.25000000000000D+00
            0.88726878410000D+00  0.74650861710000D+00  0.75000000000000D+00
     znucl  0.63000000000000D+02  0.38000000000000D+02  0.30000000000000D+01
            0.13000000000000D+02  0.70000000000000D+01  0.80000000000000D+01
      zion  0.17000000000000D+02  0.10000000000000D+02  0.30000000000000D+01
            0.30000000000000D+01  0.50000000000000D+01  0.60000000000000D+01
 
 No information on the potentials yet 
 
 **** Database of total energy derivatives ****
 Number of data blocks=    2
  
 1st derivatives              - # elements :         114
     1     1 -0.75241502549089D-03  0.00000000000000D+00
     2     1  0.69688882643437D-03  0.00000000000000D+00
     3     1 -0.43864645237085D-03  0.00000000000000D+00
     1     2 -0.15193746941098D-02  0.00000000000000D+00
     2     2  0.79651213210170D-03  0.00000000000000D+00
     3     2  0.36276064138361D-03  0.00000000000000D+00
     1     3  0.12340716223706D-02  0.00000000000000D+00
     2     3  0.71558513128226D-03  0.00000000000000D+00
     3     3  0.91461225366329D-03  0.00000000000000D+00
     1     4  0.78532651126070D-03  0.00000000000000D+00
     2     4  0.15945611338751D-02  0.00000000000000D+00
     3     4 -0.55944449114051D-03  0.00000000000000D+00
     1     5  0.35121352478290D-02  0.00000000000000D+00
     2     5  0.37114548431518D-02  0.00000000000000D+00
     3     5 -0.10049398342746D-03  0.00000000000000D+00
     1     6  0.27598794071398D-02  0.00000000000000D+00
     2     6  0.35127378720496D-02  0.00000000000000D+00
     3     6  0.16019277800188D-03  0.00000000000000D+00
     1     7 -0.33203459744105D-02  0.00000000000000D+00
     2     7 -0.36601796553759D-02  0.00000000000000D+00
     3     7 -0.40344150151084D-03  0.00000000000000D+00
     1     8 -0.23589881150637D-02  0.00000000000000D+00
     2     8 -0.42189752162178D-02  0.00000000000000D+00
     3     8  0.11804330540839D-02  0.00000000000000D+00
     1     9  0.70042175160952D-04  0.00000000000000D+00
     2     9  0.36835119194198D-02  0.00000000000000D+00
     3     9  0.21400375879301D-02  0.00000000000000D+00
     1    10 -0.43294798316806D-03  0.00000000000000D+00
     2    10  0.37988144437495D-02  0.00000000000000D+00
     3    10  0.46151337617159D-03  0.00000000000000D+00
     1    11  0.21590371144924D-02  0.00000000000000D+00
     2    11 -0.37510943334817D-02  0.00000000000000D+00
     3    11  0.87201611971265D-03  0.00000000000000D+00
     1    12  0.20425536785608D-02  0.00000000000000D+00
     2    12 -0.40082728563315D-02  0.00000000000000D+00
     3    12 -0.89906060822155D-03  0.00000000000000D+00
     1    13 -0.81963293276957D-02  0.00000000000000D+00
     2    13 -0.78769141960463D-02  0.00000000000000D+00
     3    13  0.91081208667859D-03  0.00000000000000D+00
     1    14 -0.80665201829383D-02  0.00000000000000D+00
     2    14 -0.78335590661649D-02  0.00000000000000D+00
     3    14 -0.83695515947702D-03  0.00000000000000D+00
     1    15  0.53723045236911D-02  0.00000000000000D+00
     2    15  0.71280509973798D-02  0.00000000000000D+00
     3    15  0.23430420590709D-02  0.00000000000000D+00
     1    16  0.62737305526670D-02  0.00000000000000D+00
     2    16  0.81480376690631D-02  0.00000000000000D+00
     3    16 -0.21376594304215D-02  0.00000000000000D+00
     1    17  0.72710647059083D-02  0.00000000000000D+00
     2    17 -0.12104500502695D-01  0.00000000000000D+00
     3    17 -0.11695393661828D-02  0.00000000000000D+00
     1    18  0.23387457206107D-01  0.00000000000000D+00
     2    18 -0.48437906812253D-02  0.00000000000000D+00
     3    18  0.39331574887180D-02  0.00000000000000D+00
     1    19 -0.59424705255775D-02  0.00000000000000D+00
     2    19  0.11242358150665D-01  0.00000000000000D+00
     3    19 -0.44331150517654D-05  0.00000000000000D+00
     1    20 -0.67077649073188D-02  0.00000000000000D+00
     2    20  0.10858853478789D-01  0.00000000000000D+00
     3    20  0.15162873007608D-04  0.00000000000000D+00
     1    21  0.68933224417199D-02  0.00000000000000D+00
     2    21  0.37054966866603D-02  0.00000000000000D+00
     3    21 -0.23293778335419D-02  0.00000000000000D+00
     1    22  0.68352068224144D-02  0.00000000000000D+00
     2    22  0.38392729191989D-02  0.00000000000000D+00
     3    22  0.23321893557135D-02  0.00000000000000D+00
     1    23 -0.24610747063661D-02  0.00000000000000D+00
     2    23 -0.30380835532420D-02  0.00000000000000D+00
     3    23 -0.90222923874185D-03  0.00000000000000D+00
     1    24 -0.60116812462336D-02  0.00000000000000D+00
     2    24 -0.36437094706127D-02  0.00000000000000D+00
     3    24  0.14942564326907D-02  0.00000000000000D+00
     1    25 -0.35983571555257D-02  0.00000000000000D+00
     2    25  0.10026620458938D-01  0.00000000000000D+00
     3    25  0.32206839952531D-03  0.00000000000000D+00
     1    26 -0.49153403627244D-02  0.00000000000000D+00
     2    26  0.58448854508023D-02  0.00000000000000D+00
     3    26 -0.65257437482714D-03  0.00000000000000D+00
     1    27  0.40970693222858D-02  0.00000000000000D+00
     2    27 -0.96648578858616D-02  0.00000000000000D+00
     3    27  0.49666684705738D-03  0.00000000000000D+00
     1    28  0.85665949171838D-02  0.00000000000000D+00
     2    28 -0.63077519280234D-02  0.00000000000000D+00
     3    28 -0.50005459665807D-03  0.00000000000000D+00
     1    29 -0.49029216999224D-02  0.00000000000000D+00
     2    29 -0.25410319870983D-01  0.00000000000000D+00
     3    29  0.90552838863206D-04  0.00000000000000D+00
     1    30 -0.54915591619255D-02  0.00000000000000D+00
     2    30 -0.24248987294952D-01  0.00000000000000D+00
     3    30  0.97713077542256D-04  0.00000000000000D+00
     1    31  0.65074121921839D-02  0.00000000000000D+00
     2    31  0.24630338578735D-01  0.00000000000000D+00
     3    31 -0.77799727238283D-03  0.00000000000000D+00
     1    32  0.72874690780297D-02  0.00000000000000D+00
     2    32  0.25145919165361D-01  0.00000000000000D+00
     3    32  0.97875613497659D-03  0.00000000000000D+00
     1    33  0.19860748923882D-01  0.00000000000000D+00
     2    33 -0.11043774937975D-01  0.00000000000000D+00
     3    33  0.32013283763024D-02  0.00000000000000D+00
     1    34 -0.79389374631195D-02  0.00000000000000D+00
     2    34 -0.15554506308303D-01  0.00000000000000D+00
     3    34 -0.10195221738975D-01  0.00000000000000D+00
     1    35 -0.21523348760726D-01  0.00000000000000D+00
     2    35  0.10557886076164D-01  0.00000000000000D+00
     3    35  0.26057894331967D-03  0.00000000000000D+00
     1    36 -0.20470011490893D-01  0.00000000000000D+00
     2    36  0.83631551409353D-02  0.00000000000000D+00
     3    36 -0.20505182725208D-03  0.00000000000000D+00
     1    39  0.26517927529498D-02  0.00000000000000D+00
     2    39  0.26531055911841D-02  0.00000000000000D+00
     3    39  0.24359170000420D-02  0.00000000000000D+00
     1    40 -0.16825716753772D-06  0.00000000000000D+00
     2    40  0.42236306678273D-06  0.00000000000000D+00
     3    40 -0.76251525276010D-06  0.00000000000000D+00
  
 Total energy                 - # elements :           1
 -0.47548226485254D+03  0.00000000000000D+00
