
 **** DERIVATIVE DATABASE ****    
+DDB, Version number  20230401

  Note : temporary (transfer) database

    usepaw         1
     natom        36
      nkpt         1
    nsppol         2
      nsym         1
    ntypat         6
    occopt         2
     nband       115
     acell  0.10000000000000D+01  0.10000000000000D+01  0.10000000000000D+01
       amu  0.15196500000000D+03  0.87620000000000D+02  0.69410000000000D+01
            0.26981539000000D+02  0.14006740000000D+02  0.15999400000000D+02
   dilatmx  0.10000000000000D+01
      ecut  0.10000000000000D+02
 pawecutdg  0.20000000000000D+02
    ecutsm  0.00000000000000D+00
     intxc         0
      iscf        17
       ixc     -1012
       kpt  0.00000000000000D+00  0.00000000000000D+00  0.00000000000000D+00
    kptnrm  0.10000000000000D+01
     ngfft        45   45   36
    nspden         2
   nspinor         1
       occ  0.10000000000000D+01  0.10000000000000D+01  0.10000000000000D+01
            0.10000000000000D+01  0.10000000000000D+01  0.10000000000000D+01
            0.10000000000000D+01  0.10000000000000D+01  0.10000000000000D+01
            0.10000000000000D+01  0.10000000000000D+01  0.10000000000000D+01
            0.10000000000000D+01  0.10000000000000D+01  0.10000000000000D+01
            0.10000000000000D+01  0.10000000000000D+01  0.10000000000000D+01
            0.10000000000000D+01  0.10000000000000D+01  0.10000000000000D+01
            0.10000000000000D+01  0.10000000000000D+01  0.10000000000000D+01
            0.10000000000000D+01  0.10000000000000D+01  0.10000000000000D+01
            0.10000000000000D+01  0.10000000000000D+01  0.10000000000000D+01
            0.10000000000000D+01  0.10000000000000D+01  0.10000000000000D+01
            0.10000000000000D+01  0.10000000000000D+01  0.10000000000000D+01
            0.10000000000000D+01  0.10000000000000D+01  0.10000000000000D+01
            0.10000000000000D+01  0.10000000000000D+01  0.10000000000000D+01
            0.10000000000000D+01  0.10000000000000D+01  0.10000000000000D+01
            0.10000000000000D+01  0.10000000000000D+01  0.10000000000000D+01
            0.10000000000000D+01  0.10000000000000D+01  0.10000000000000D+01
            0.10000000000000D+01  0.10000000000000D+01  0.10000000000000D+01
            0.10000000000000D+01  0.10000000000000D+01  0.10000000000000D+01
            0.10000000000000D+01  0.10000000000000D+01  0.10000000000000D+01
            0.10000000000000D+01  0.10000000000000D+01  0.10000000000000D+01
            0.10000000000000D+01  0.10000000000000D+01  0.10000000000000D+01
            0.10000000000000D+01  0.10000000000000D+01  0.10000000000000D+01
            0.10000000000000D+01  0.10000000000000D+01  0.10000000000000D+01
            0.10000000000000D+01  0.10000000000000D+01  0.10000000000000D+01
            0.10000000000000D+01  0.10000000000000D+01  0.10000000000000D+01
            0.10000000000000D+01  0.10000000000000D+01  0.10000000000000D+01
            0.10000000000000D+01  0.10000000000000D+01  0.10000000000000D+01
            0.10000000000000D+01  0.10000000000000D+01  0.10000000000000D+01
            0.10000000000000D+01  0.10000000000000D+01  0.10000000000000D+01
            0.10000000000000D+01  0.10000000000000D+01  0.10000000000000D+01
            0.10000000000000D+01  0.10000000000000D+01  0.00000000000000D+00
            0.00000000000000D+00  0.00000000000000D+00  0.00000000000000D+00
            0.00000000000000D+00  0.00000000000000D+00  0.00000000000000D+00
            0.00000000000000D+00  0.00000000000000D+00  0.00000000000000D+00
            0.00000000000000D+00  0.00000000000000D+00  0.00000000000000D+00
            0.00000000000000D+00  0.00000000000000D+00  0.00000000000000D+00
            0.00000000000000D+00  0.00000000000000D+00  0.00000000000000D+00
            0.00000000000000D+00
     rprim  0.15040330225900D+02  0.00000000000000D+00  0.00000000000000D+00
            0.00000000000000D+00  0.15040330225900D+02  0.00000000000000D+00
            0.00000000000000D+00  0.00000000000000D+00  0.12033775961600D+02
  dfpt_sciss  0.00000000000000D+00
    spinat  0.00000000000000D+00  0.00000000000000D+00  0.00000000000000D+00
            0.00000000000000D+00  0.00000000000000D+00  0.00000000000000D+00
            0.00000000000000D+00  0.00000000000000D+00  0.00000000000000D+00
            0.00000000000000D+00  0.00000000000000D+00  0.00000000000000D+00
            0.00000000000000D+00  0.00000000000000D+00  0.00000000000000D+00
            0.00000000000000D+00  0.00000000000000D+00  0.00000000000000D+00
            0.00000000000000D+00  0.00000000000000D+00  0.00000000000000D+00
            0.00000000000000D+00  0.00000000000000D+00  0.00000000000000D+00
            0.00000000000000D+00  0.00000000000000D+00  0.00000000000000D+00
            0.00000000000000D+00  0.00000000000000D+00  0.00000000000000D+00
            0.00000000000000D+00  0.00000000000000D+00  0.00000000000000D+00
            0.00000000000000D+00  0.00000000000000D+00  0.00000000000000D+00
            0.00000000000000D+00  0.00000000000000D+00  0.00000000000000D+00
            0.00000000000000D+00  0.00000000000000D+00  0.00000000000000D+00
            0.00000000000000D+00  0.00000000000000D+00  0.00000000000000D+00
            0.00000000000000D+00  0.00000000000000D+00  0.00000000000000D+00
            0.00000000000000D+00  0.00000000000000D+00  0.00000000000000D+00
            0.00000000000000D+00  0.00000000000000D+00  0.00000000000000D+00
            0.00000000000000D+00  0.00000000000000D+00  0.00000000000000D+00
            0.00000000000000D+00  0.00000000000000D+00  0.00000000000000D+00
            0.00000000000000D+00  0.00000000000000D+00  0.00000000000000D+00
            0.00000000000000D+00  0.00000000000000D+00  0.00000000000000D+00
            0.00000000000000D+00  0.00000000000000D+00  0.00000000000000D+00
            0.00000000000000D+00  0.00000000000000D+00  0.00000000000000D+00
            0.00000000000000D+00  0.00000000000000D+00  0.00000000000000D+00
            0.00000000000000D+00  0.00000000000000D+00  0.00000000000000D+00
            0.00000000000000D+00  0.00000000000000D+00  0.00000000000000D+00
            0.00000000000000D+00  0.00000000000000D+00  0.00000000000000D+00
            0.00000000000000D+00  0.00000000000000D+00  0.00000000000000D+00
            0.00000000000000D+00  0.00000000000000D+00  0.00000000000000D+00
            0.00000000000000D+00  0.00000000000000D+00  0.00000000000000D+00
            0.00000000000000D+00  0.00000000000000D+00  0.00000000000000D+00
            0.00000000000000D+00  0.00000000000000D+00  0.00000000000000D+00
            0.00000000000000D+00  0.00000000000000D+00  0.00000000000000D+00
            0.00000000000000D+00  0.00000000000000D+00  0.00000000000000D+00
            0.00000000000000D+00  0.00000000000000D+00  0.00000000000000D+00
    symafm         1
    symrel         1    0    0    0    1    0    0    0    1
     tnons  0.00000000000000D+00  0.00000000000000D+00  0.00000000000000D+00
    tolwfr  0.10000000000000D+01
   tphysel  0.00000000000000D+00
    tsmear  0.10000000000000D-01
     typat         1    2    2    2    3    3    3    3    3    3    3    3
                   4    4    4    4    4    4    4    4    5    5    5    5
                   5    5    5    5    6    6    6    6    6    6    6    6
       wtk  0.10000000000000D+01
      xred  0.50000000000000D+00  0.00000000000000D+00  0.25000000000000D+00
            0.50000000000000D+00  0.00000000000000D+00  0.75000000000000D+00
            0.10000000000000D+01  0.50000000000000D+00  0.11890596229000D-03
            0.10000000000000D+01  0.50000000000000D+00  0.49988109400000D+00
            0.12744374710000D+00  0.82536213210000D+00  0.25000000000000D+00
            0.12704638640000D+00  0.82502282330000D+00  0.75000000000000D+00
            0.87255625290000D+00  0.17463786790000D+00  0.25000000000000D+00
            0.87295361360000D+00  0.17497717670000D+00  0.75000000000000D+00
            0.17499169840000D+00  0.12728967160000D+00  0.28739574230000D-03
            0.17499169840000D+00  0.12728967160000D+00  0.49971260430000D+00
            0.82500830160000D+00  0.87271032840000D+00  0.28739574230000D-03
            0.82500830160000D+00  0.87271032840000D+00  0.49971260430000D+00
            0.35173806670000D+00  0.68241995630000D+00  0.21289163617000D-03
            0.35173806670000D+00  0.68241995630000D+00  0.49978710840000D+00
            0.64826193330000D+00  0.31758004370000D+00  0.21289163617000D-03
            0.64826193330000D+00  0.31758004370000D+00  0.49978710840000D+00
            0.31780576680000D+00  0.35109081090000D+00  0.25000000000000D+00
            0.31777456060000D+00  0.35154217070000D+00  0.75000000000000D+00
            0.68219423320000D+00  0.64890918910000D+00  0.25000000000000D+00
            0.68222543940000D+00  0.64845782930000D+00  0.75000000000000D+00
            0.58430476540000D+00  0.73091011390000D+00  0.99992821440000D+00
            0.58430476540000D+00  0.73091011390000D+00  0.50007178560000D+00
            0.41569523460000D+00  0.26908988610000D+00  0.99992821440000D+00
            0.41569523460000D+00  0.26908988610000D+00  0.50007178560000D+00
            0.27019712620000D+00  0.58410218790000D+00  0.25000000000000D+00
            0.27041286440000D+00  0.58437089430000D+00  0.75000000000000D+00
            0.72980287380000D+00  0.41589781210000D+00  0.25000000000000D+00
            0.72958713560000D+00  0.41562910570000D+00  0.75000000000000D+00
            0.25250920030000D+00  0.88699605780000D+00  0.99991734080000D+00
            0.25250920030000D+00  0.88699605780000D+00  0.50008265920000D+00
            0.74749079970000D+00  0.11300394220000D+00  0.99991734080000D+00
            0.74749079970000D+00  0.11300394220000D+00  0.50008265920000D+00
            0.11377921620000D+00  0.25309031310000D+00  0.25098106610000D+00
            0.11273121590000D+00  0.25349138290000D+00  0.75000000000000D+00
            0.88720184990000D+00  0.74690968690000D+00  0.25000000000000D+00
            0.88726878410000D+00  0.74650861710000D+00  0.75000000000000D+00
     znucl  0.63000000000000D+02  0.38000000000000D+02  0.30000000000000D+01
            0.13000000000000D+02  0.70000000000000D+01  0.80000000000000D+01
      zion  0.17000000000000D+02  0.10000000000000D+02  0.30000000000000D+01
            0.30000000000000D+01  0.50000000000000D+01  0.60000000000000D+01
 
 No information on the potentials yet 
 
 **** Database of total energy derivatives ****
 Number of data blocks=    2
  
 1st derivatives              - # elements :         114
     1     1  0.18042378394632D-02  0.00000000000000D+00
     2     1 -0.82774141707139D-03  0.00000000000000D+00
     3     1 -0.42086349307740D-03  0.00000000000000D+00
     1     2  0.60463196754685D-03  0.00000000000000D+00
     2     2 -0.65391630223571D-03  0.00000000000000D+00
     3     2  0.35854835263270D-03  0.00000000000000D+00
     1     3 -0.74402150068812D-03  0.00000000000000D+00
     2     3 -0.16573316198535D-02  0.00000000000000D+00
     3     3  0.60291252525036D-03  0.00000000000000D+00
     1     4 -0.12161998720463D-02  0.00000000000000D+00
     2     4 -0.72652750429219D-03  0.00000000000000D+00
     3     4 -0.92050044177478D-03  0.00000000000000D+00
     1     5  0.27123926935224D-02  0.00000000000000D+00
     2     5  0.40743971722260D-02  0.00000000000000D+00
     3     5 -0.16018734620189D-03  0.00000000000000D+00
     1     6  0.19480666342002D-02  0.00000000000000D+00
     2     6  0.38542545607078D-02  0.00000000000000D+00
     3     6  0.10070061241073D-03  0.00000000000000D+00
     1     7 -0.28325578826394D-02  0.00000000000000D+00
     2     7 -0.32532109730237D-02  0.00000000000000D+00
     3     7 -0.11678753622079D-02  0.00000000000000D+00
     1     8 -0.21342416630527D-02  0.00000000000000D+00
     2     8 -0.39103458758795D-02  0.00000000000000D+00
     3     8  0.40218273838902D-03  0.00000000000000D+00
     1     9 -0.40358843263910D-02  0.00000000000000D+00
     2     9  0.35000308471077D-02  0.00000000000000D+00
     3     9 -0.46220592155657D-03  0.00000000000000D+00
     1    10 -0.46679959334568D-02  0.00000000000000D+00
     2    10  0.38689862217128D-02  0.00000000000000D+00
     3    10 -0.24827513093950D-02  0.00000000000000D+00
     1    11  0.24393119417185D-02  0.00000000000000D+00
     2    11 -0.33105390777617D-02  0.00000000000000D+00
     3    11  0.88330172530373D-03  0.00000000000000D+00
     1    12  0.23216493317796D-02  0.00000000000000D+00
     2    12 -0.35676005587702D-02  0.00000000000000D+00
     3    12 -0.86158747007737D-03  0.00000000000000D+00
     1    13 -0.74555320220174D-02  0.00000000000000D+00
     2    13 -0.73755650371756D-02  0.00000000000000D+00
     3    13  0.83844762404568D-03  0.00000000000000D+00
     1    14 -0.73240997311255D-02  0.00000000000000D+00
     2    14 -0.73298223967905D-02  0.00000000000000D+00
     3    14 -0.91883562730398D-03  0.00000000000000D+00
     1    15  0.92281702512028D-02  0.00000000000000D+00
     2    15  0.70818619571172D-02  0.00000000000000D+00
     3    15  0.21321098152490D-02  0.00000000000000D+00
     1    16  0.10157275918485D-01  0.00000000000000D+00
     2    16  0.81064889140514D-02  0.00000000000000D+00
     3    16 -0.23522603902135D-02  0.00000000000000D+00
     1    17 -0.12750294495963D-01  0.00000000000000D+00
     2    17 -0.17632018238099D-01  0.00000000000000D+00
     3    17 -0.38592326109628D-02  0.00000000000000D+00
     1    18  0.45584137858072D-02  0.00000000000000D+00
     2    18 -0.96261981887804D-02  0.00000000000000D+00
     3    18  0.11811487693430D-02  0.00000000000000D+00
     1    19 -0.51342409026702D-02  0.00000000000000D+00
     2    19  0.10857180088191D-01  0.00000000000000D+00
     3    19 -0.16767308020668D-04  0.00000000000000D+00
     1    20 -0.59035389390108D-02  0.00000000000000D+00
     2    20  0.10540693039282D-01  0.00000000000000D+00
     3    20  0.49890089183863D-05  0.00000000000000D+00
     1    21  0.59679080861841D-02  0.00000000000000D+00
     2    21  0.38800013294814D-02  0.00000000000000D+00
     3    21 -0.22865454188397D-02  0.00000000000000D+00
     1    22  0.59014589311225D-02  0.00000000000000D+00
     2    22  0.40003286251379D-02  0.00000000000000D+00
     3    22  0.23053318813917D-02  0.00000000000000D+00
     1    23 -0.67513699362058D-02  0.00000000000000D+00
     2    23 -0.40653209306755D-02  0.00000000000000D+00
     3    23 -0.15278289297972D-02  0.00000000000000D+00
     1    24 -0.10495209170015D-01  0.00000000000000D+00
     2    24 -0.46551944752510D-02  0.00000000000000D+00
     3    24  0.92206463651586D-03  0.00000000000000D+00
     1    25 -0.30167658119871D-02  0.00000000000000D+00
     2    25  0.88021800630998D-02  0.00000000000000D+00
     3    25  0.66442021288284D-03  0.00000000000000D+00
     1    26 -0.43647601388194D-02  0.00000000000000D+00
     2    26  0.46285800485867D-02  0.00000000000000D+00
     3    26 -0.31850907676526D-03  0.00000000000000D+00
     1    27 -0.59045668936732D-03  0.00000000000000D+00
     2    27 -0.83725022850082D-02  0.00000000000000D+00
     3    27  0.50280216386235D-03  0.00000000000000D+00
     1    28  0.38546455582498D-02  0.00000000000000D+00
     2    28 -0.49851862093268D-02  0.00000000000000D+00
     3    28 -0.50240938257350D-03  0.00000000000000D+00
     1    29 -0.44311413959023D-02  0.00000000000000D+00
     2    29 -0.25528328585455D-01  0.00000000000000D+00
     3    29 -0.12046226963806D-03  0.00000000000000D+00
     1    30 -0.50211106313645D-02  0.00000000000000D+00
     2    30 -0.24330796598678D-01  0.00000000000000D+00
     3    30 -0.50580369778838D-04  0.00000000000000D+00
     1    31  0.27048691496800D-02  0.00000000000000D+00
     2    31  0.24624865179375D-01  0.00000000000000D+00
     3    31 -0.92638301106069D-03  0.00000000000000D+00
     1    32  0.34224118556948D-02  0.00000000000000D+00
     2    32  0.25119633689896D-01  0.00000000000000D+00
     3    32  0.75390757710302D-03  0.00000000000000D+00
     1    33  0.50787487667030D-01  0.00000000000000D+00
     2    33 -0.32950842000653D-02  0.00000000000000D+00
     3    33  0.10752050355521D-01  0.00000000000000D+00
     1    34  0.22519474622977D-01  0.00000000000000D+00
     2    34 -0.81502067093859D-02  0.00000000000000D+00
     3    34 -0.31947081039595D-02  0.00000000000000D+00
     1    35 -0.21927795618522D-01  0.00000000000000D+00
     2    35  0.10833737338884D-01  0.00000000000000D+00
     3    35  0.20785080038129D-03  0.00000000000000D+00
     1    36 -0.20859372795204D-01  0.00000000000000D+00
     2    36  0.86360444413277D-02  0.00000000000000D+00
     3    36 -0.26001417744109D-03  0.00000000000000D+00
     1    39  0.26485819625835D-02  0.00000000000000D+00
     2    39  0.26521140197005D-02  0.00000000000000D+00
     3    39  0.24354271195385D-02  0.00000000000000D+00
     1    40  0.18809884096473D-06  0.00000000000000D+00
     2    40 -0.42466763168979D-06  0.00000000000000D+00
     3    40 -0.25715573996529D-05  0.00000000000000D+00
  
 Total energy                 - # elements :           1
 -0.47548222288086D+03  0.00000000000000D+00
