 Fermi (or HOMO) energy (hartree) =   0.22139   Average Vxc (hartree)=  -0.38907
 Eigenvalues (hartree) for nkpt=   1  k points, SPIN UP:
 kpt#   1, nband=115, wtk=  1.00000, kpt=  0.0000  0.0000  0.0000 (reduced coord)
  -1.39348   -1.39312   -1.39286   -1.39277   -1.39274   -1.39262   -1.39253   -1.39225
  -1.22954   -1.05235   -1.04837   -1.04605   -0.48981   -0.48785   -0.47408   -0.46699
  -0.46681   -0.45941   -0.45605   -0.45236   -0.45195   -0.43740   -0.43732   -0.41224
  -0.40857   -0.40149   -0.39285   -0.38882   -0.38532   -0.38126   -0.37680   -0.37008
  -0.35302   -0.31245   -0.30956   -0.30867   -0.30807   -0.30742   -0.30466   -0.30376
  -0.02489   -0.01649   -0.01559   -0.01150   -0.01140    0.01849    0.01884    0.02670
   0.02718    0.02780    0.03932    0.04574    0.04659    0.05404    0.06646    0.06816
   0.06826    0.07119    0.07162    0.07802    0.07850    0.08931    0.08976    0.09499
   0.09953    0.10115    0.10435    0.10471    0.11553    0.11582    0.11733    0.12016
   0.12230    0.12274    0.12364    0.12576    0.13400    0.13408    0.13637    0.13877
   0.13899    0.13925    0.13942    0.13953    0.15278    0.16098    0.16237    0.16593
   0.21509    0.21517    0.21591    0.21628    0.21636    0.21714    0.22139    0.27974
   0.29053    0.29668    0.31766    0.32883    0.33812    0.37148    0.38106    0.38233
   0.38890    0.38910    0.39264    0.39910    0.40016    0.40288    0.40948    0.41088
   0.41927    0.42118    0.42170
 Eigenvalues (hartree) for nkpt=   1  k points, SPIN DOWN:
 kpt#   1, nband=115, wtk=  1.00000, kpt=  0.0000  0.0000  0.0000 (reduced coord)
  -1.39347   -1.39311   -1.39287   -1.39276   -1.39274   -1.39263   -1.39254   -1.39224
  -1.12235   -1.05233   -1.04820   -1.04604   -0.47264   -0.47234   -0.46724   -0.46699
  -0.45947   -0.45614   -0.45266   -0.45217   -0.41255   -0.41056   -0.40857   -0.40636
  -0.39282   -0.38880   -0.38718   -0.38440   -0.37662   -0.37007   -0.36871   -0.36065
  -0.35307   -0.30958   -0.30869   -0.30828   -0.30746   -0.30671   -0.30380   -0.30321
  -0.02460   -0.01577   -0.01541   -0.01131   -0.01017    0.01888    0.01930    0.02737
   0.02771    0.02801    0.03953    0.04633    0.04757    0.05512    0.06729    0.06840
   0.06870    0.07200    0.07260    0.07825    0.07903    0.08992    0.09062    0.09557
   0.10134    0.10170    0.10451    0.10477    0.11581    0.11593    0.11733    0.12094
   0.12374    0.12407    0.12479    0.12584    0.13395    0.13460    0.13905    0.13912
   0.13916    0.13949    0.13964    0.14027    0.15384    0.16258    0.16339    0.16646
   0.28874    0.29181    0.30037    0.32299    0.33685    0.33726    0.37680    0.38573
   0.38818    0.38838    0.39219    0.39424    0.39829    0.40075    0.41055    0.41104
   0.41572    0.42109    0.42200    0.42501    0.42775    0.42936    0.43117    0.45250
   0.45348    0.46476    0.47945
