
 **** DERIVATIVE DATABASE ****    
+DDB, Version number  20230401

  Note : temporary (transfer) database

    usepaw         1
     natom        36
      nkpt         1
    nsppol         2
      nsym         1
    ntypat         6
    occopt         2
     nband       115
     acell  0.10000000000000D+01  0.10000000000000D+01  0.10000000000000D+01
       amu  0.15196500000000D+03  0.87620000000000D+02  0.69410000000000D+01
            0.26981539000000D+02  0.14006740000000D+02  0.15999400000000D+02
   dilatmx  0.10000000000000D+01
      ecut  0.10000000000000D+02
 pawecutdg  0.20000000000000D+02
    ecutsm  0.00000000000000D+00
     intxc         0
      iscf        17
       ixc     -1012
       kpt  0.00000000000000D+00  0.00000000000000D+00  0.00000000000000D+00
    kptnrm  0.10000000000000D+01
     ngfft        45   45   36
    nspden         2
   nspinor         1
       occ  0.10000000000000D+01  0.10000000000000D+01  0.10000000000000D+01
            0.10000000000000D+01  0.10000000000000D+01  0.10000000000000D+01
            0.10000000000000D+01  0.10000000000000D+01  0.10000000000000D+01
            0.10000000000000D+01  0.10000000000000D+01  0.10000000000000D+01
            0.10000000000000D+01  0.10000000000000D+01  0.10000000000000D+01
            0.10000000000000D+01  0.10000000000000D+01  0.10000000000000D+01
            0.10000000000000D+01  0.10000000000000D+01  0.10000000000000D+01
            0.10000000000000D+01  0.10000000000000D+01  0.10000000000000D+01
            0.10000000000000D+01  0.10000000000000D+01  0.10000000000000D+01
            0.10000000000000D+01  0.10000000000000D+01  0.10000000000000D+01
            0.10000000000000D+01  0.10000000000000D+01  0.10000000000000D+01
            0.10000000000000D+01  0.10000000000000D+01  0.10000000000000D+01
            0.10000000000000D+01  0.10000000000000D+01  0.10000000000000D+01
            0.10000000000000D+01  0.10000000000000D+01  0.10000000000000D+01
            0.10000000000000D+01  0.10000000000000D+01  0.10000000000000D+01
            0.10000000000000D+01  0.10000000000000D+01  0.10000000000000D+01
            0.10000000000000D+01  0.10000000000000D+01  0.10000000000000D+01
            0.10000000000000D+01  0.10000000000000D+01  0.10000000000000D+01
            0.10000000000000D+01  0.10000000000000D+01  0.10000000000000D+01
            0.10000000000000D+01  0.10000000000000D+01  0.10000000000000D+01
            0.10000000000000D+01  0.10000000000000D+01  0.10000000000000D+01
            0.10000000000000D+01  0.10000000000000D+01  0.10000000000000D+01
            0.10000000000000D+01  0.10000000000000D+01  0.10000000000000D+01
            0.10000000000000D+01  0.10000000000000D+01  0.10000000000000D+01
            0.10000000000000D+01  0.10000000000000D+01  0.10000000000000D+01
            0.10000000000000D+01  0.10000000000000D+01  0.10000000000000D+01
            0.10000000000000D+01  0.10000000000000D+01  0.10000000000000D+01
            0.10000000000000D+01  0.10000000000000D+01  0.10000000000000D+01
            0.10000000000000D+01  0.10000000000000D+01  0.10000000000000D+01
            0.10000000000000D+01  0.10000000000000D+01  0.10000000000000D+01
            0.10000000000000D+01  0.10000000000000D+01  0.10000000000000D+01
            0.10000000000000D+01  0.10000000000000D+01  0.00000000000000D+00
            0.00000000000000D+00  0.00000000000000D+00  0.00000000000000D+00
            0.00000000000000D+00  0.00000000000000D+00  0.00000000000000D+00
            0.00000000000000D+00  0.00000000000000D+00  0.00000000000000D+00
            0.00000000000000D+00  0.00000000000000D+00  0.00000000000000D+00
            0.00000000000000D+00  0.00000000000000D+00  0.00000000000000D+00
            0.00000000000000D+00  0.00000000000000D+00  0.00000000000000D+00
            0.00000000000000D+00
     rprim  0.15040330225900D+02  0.00000000000000D+00  0.00000000000000D+00
            0.00000000000000D+00  0.15040330225900D+02  0.00000000000000D+00
            0.00000000000000D+00  0.00000000000000D+00  0.12033775961600D+02
  dfpt_sciss  0.00000000000000D+00
    spinat  0.00000000000000D+00  0.00000000000000D+00  0.00000000000000D+00
            0.00000000000000D+00  0.00000000000000D+00  0.00000000000000D+00
            0.00000000000000D+00  0.00000000000000D+00  0.00000000000000D+00
            0.00000000000000D+00  0.00000000000000D+00  0.00000000000000D+00
            0.00000000000000D+00  0.00000000000000D+00  0.00000000000000D+00
            0.00000000000000D+00  0.00000000000000D+00  0.00000000000000D+00
            0.00000000000000D+00  0.00000000000000D+00  0.00000000000000D+00
            0.00000000000000D+00  0.00000000000000D+00  0.00000000000000D+00
            0.00000000000000D+00  0.00000000000000D+00  0.00000000000000D+00
            0.00000000000000D+00  0.00000000000000D+00  0.00000000000000D+00
            0.00000000000000D+00  0.00000000000000D+00  0.00000000000000D+00
            0.00000000000000D+00  0.00000000000000D+00  0.00000000000000D+00
            0.00000000000000D+00  0.00000000000000D+00  0.00000000000000D+00
            0.00000000000000D+00  0.00000000000000D+00  0.00000000000000D+00
            0.00000000000000D+00  0.00000000000000D+00  0.00000000000000D+00
            0.00000000000000D+00  0.00000000000000D+00  0.00000000000000D+00
            0.00000000000000D+00  0.00000000000000D+00  0.00000000000000D+00
            0.00000000000000D+00  0.00000000000000D+00  0.00000000000000D+00
            0.00000000000000D+00  0.00000000000000D+00  0.00000000000000D+00
            0.00000000000000D+00  0.00000000000000D+00  0.00000000000000D+00
            0.00000000000000D+00  0.00000000000000D+00  0.00000000000000D+00
            0.00000000000000D+00  0.00000000000000D+00  0.00000000000000D+00
            0.00000000000000D+00  0.00000000000000D+00  0.00000000000000D+00
            0.00000000000000D+00  0.00000000000000D+00  0.00000000000000D+00
            0.00000000000000D+00  0.00000000000000D+00  0.00000000000000D+00
            0.00000000000000D+00  0.00000000000000D+00  0.00000000000000D+00
            0.00000000000000D+00  0.00000000000000D+00  0.00000000000000D+00
            0.00000000000000D+00  0.00000000000000D+00  0.00000000000000D+00
            0.00000000000000D+00  0.00000000000000D+00  0.00000000000000D+00
            0.00000000000000D+00  0.00000000000000D+00  0.00000000000000D+00
            0.00000000000000D+00  0.00000000000000D+00  0.00000000000000D+00
            0.00000000000000D+00  0.00000000000000D+00  0.00000000000000D+00
            0.00000000000000D+00  0.00000000000000D+00  0.00000000000000D+00
            0.00000000000000D+00  0.00000000000000D+00  0.00000000000000D+00
            0.00000000000000D+00  0.00000000000000D+00  0.00000000000000D+00
            0.00000000000000D+00  0.00000000000000D+00  0.00000000000000D+00
    symafm         1
    symrel         1    0    0    0    1    0    0    0    1
     tnons  0.00000000000000D+00  0.00000000000000D+00  0.00000000000000D+00
    tolwfr  0.10000000000000D+01
   tphysel  0.00000000000000D+00
    tsmear  0.10000000000000D-01
     typat         1    2    2    2    3    3    3    3    3    3    3    3
                   4    4    4    4    4    4    4    4    5    5    5    5
                   5    5    5    5    6    6    6    6    6    6    6    6
       wtk  0.10000000000000D+01
      xred  0.50000000000000D+00  0.00000000000000D+00  0.25000000000000D+00
            0.50000000000000D+00  0.00000000000000D+00  0.75000000000000D+00
            0.10000000000000D+01  0.50000000000000D+00  0.11890596229000D-03
            0.10000000000000D+01  0.50000000000000D+00  0.49988109400000D+00
            0.12744374710000D+00  0.82536213210000D+00  0.25000000000000D+00
            0.12704638640000D+00  0.82502282330000D+00  0.75000000000000D+00
            0.87255625290000D+00  0.17463786790000D+00  0.25000000000000D+00
            0.87295361360000D+00  0.17497717670000D+00  0.75000000000000D+00
            0.17499169840000D+00  0.12728967160000D+00  0.28739574230000D-03
            0.17499169840000D+00  0.12728967160000D+00  0.49971260430000D+00
            0.82500830160000D+00  0.87271032840000D+00  0.28739574230000D-03
            0.82500830160000D+00  0.87271032840000D+00  0.49971260430000D+00
            0.35173806670000D+00  0.68241995630000D+00  0.21289163617000D-03
            0.35173806670000D+00  0.68241995630000D+00  0.49978710840000D+00
            0.64826193330000D+00  0.31758004370000D+00  0.21289163617000D-03
            0.64826193330000D+00  0.31758004370000D+00  0.49978710840000D+00
            0.31780576680000D+00  0.35109081090000D+00  0.25000000000000D+00
            0.31777456060000D+00  0.35154217070000D+00  0.75000000000000D+00
            0.68219423320000D+00  0.64890918910000D+00  0.25000000000000D+00
            0.68222543940000D+00  0.64845782930000D+00  0.75000000000000D+00
            0.58304832620000D+00  0.73091011390000D+00  0.99992821440000D+00
            0.58430476540000D+00  0.73091011390000D+00  0.50007178560000D+00
            0.41569523460000D+00  0.26908988610000D+00  0.99992821440000D+00
            0.41569523460000D+00  0.26908988610000D+00  0.50007178560000D+00
            0.27019712620000D+00  0.58410218790000D+00  0.25000000000000D+00
            0.27041286440000D+00  0.58437089430000D+00  0.75000000000000D+00
            0.72980287380000D+00  0.41589781210000D+00  0.25000000000000D+00
            0.72958713560000D+00  0.41562910570000D+00  0.75000000000000D+00
            0.25250920030000D+00  0.88699605780000D+00  0.99991734080000D+00
            0.25250920030000D+00  0.88699605780000D+00  0.50008265920000D+00
            0.74749079970000D+00  0.11300394220000D+00  0.99991734080000D+00
            0.74749079970000D+00  0.11300394220000D+00  0.50008265920000D+00
            0.11279815010000D+00  0.25309031310000D+00  0.25000000000000D+00
            0.11273121590000D+00  0.25349138290000D+00  0.75000000000000D+00
            0.88720184990000D+00  0.74690968690000D+00  0.25000000000000D+00
            0.88726878410000D+00  0.74650861710000D+00  0.75000000000000D+00
     znucl  0.63000000000000D+02  0.38000000000000D+02  0.30000000000000D+01
            0.13000000000000D+02  0.70000000000000D+01  0.80000000000000D+01
      zion  0.17000000000000D+02  0.10000000000000D+02  0.30000000000000D+01
            0.30000000000000D+01  0.50000000000000D+01  0.60000000000000D+01
 
 No information on the potentials yet 
 
 **** Database of total energy derivatives ****
 Number of data blocks=    2
  
 1st derivatives              - # elements :         114
     1     1  0.23839696020608D-02  0.00000000000000D+00
     2     1  0.25694086081064D-03  0.00000000000000D+00
     3     1  0.16840727293002D-03  0.00000000000000D+00
     1     2  0.22018243511909D-02  0.00000000000000D+00
     2     2  0.33770050979011D-03  0.00000000000000D+00
     3     2 -0.13579268952338D-03  0.00000000000000D+00
     1     3 -0.27733269670711D-02  0.00000000000000D+00
     2     3  0.10945330376137D-02  0.00000000000000D+00
     3     3  0.41396007856943D-03  0.00000000000000D+00
     1     4 -0.15210206277895D-02  0.00000000000000D+00
     2     4  0.81920053421848D-03  0.00000000000000D+00
     3     4 -0.41458677528644D-03  0.00000000000000D+00
     1     5  0.20573522748349D-02  0.00000000000000D+00
     2     5  0.36164042506725D-02  0.00000000000000D+00
     3     5  0.45598605088696D-03  0.00000000000000D+00
     1     6  0.97902182519804D-03  0.00000000000000D+00
     2     6  0.36890750165078D-02  0.00000000000000D+00
     3     6 -0.45494013787700D-03  0.00000000000000D+00
     1     7 -0.36548923745317D-02  0.00000000000000D+00
     2     7 -0.37912749808761D-02  0.00000000000000D+00
     3     7 -0.40576338551921D-04  0.00000000000000D+00
     1     8 -0.26027810111748D-02  0.00000000000000D+00
     2     8 -0.38835228669911D-02  0.00000000000000D+00
     3     8  0.42905837758174D-04  0.00000000000000D+00
     1     9 -0.25034842508357D-02  0.00000000000000D+00
     2     9  0.42467098103329D-02  0.00000000000000D+00
     3     9  0.82626831103436D-03  0.00000000000000D+00
     1    10 -0.23962308023185D-02  0.00000000000000D+00
     2    10  0.36764344005919D-02  0.00000000000000D+00
     3    10 -0.82379056111123D-03  0.00000000000000D+00
     1    11  0.19646135822598D-02  0.00000000000000D+00
     2    11 -0.50343027497695D-02  0.00000000000000D+00
     3    11  0.80701533024201D-03  0.00000000000000D+00
     1    12  0.26812285003137D-02  0.00000000000000D+00
     2    12 -0.40911112848706D-02  0.00000000000000D+00
     3    12 -0.80947608755587D-03  0.00000000000000D+00
     1    13  0.14895575634247D-01  0.00000000000000D+00
     2    13 -0.45983907467863D-02  0.00000000000000D+00
     3    13  0.13237691218228D-02  0.00000000000000D+00
     1    14 -0.64144838028113D-02  0.00000000000000D+00
     2    14 -0.65279065044384D-02  0.00000000000000D+00
     3    14 -0.12881294659337D-02  0.00000000000000D+00
     1    15  0.91942594635209D-02  0.00000000000000D+00
     2    15  0.78619245265025D-02  0.00000000000000D+00
     3    15  0.12619086208795D-02  0.00000000000000D+00
     1    16  0.92309530036718D-02  0.00000000000000D+00
     2    16  0.77532602975806D-02  0.00000000000000D+00
     3    16 -0.12487746199960D-02  0.00000000000000D+00
     1    17  0.58454491945790D-02  0.00000000000000D+00
     2    17 -0.12621996418690D-01  0.00000000000000D+00
     3    17 -0.25404545881996D-04  0.00000000000000D+00
     1    18  0.65121377179286D-02  0.00000000000000D+00
     2    18 -0.11214701626776D-01  0.00000000000000D+00
     3    18  0.31338821413623D-04  0.00000000000000D+00
     1    19  0.32024044329964D-02  0.00000000000000D+00
     2    19  0.93404556853569D-02  0.00000000000000D+00
     3    19  0.32815934575809D-02  0.00000000000000D+00
     1    20  0.25407036364650D-02  0.00000000000000D+00
     2    20  0.79759732674434D-02  0.00000000000000D+00
     3    20 -0.32542093395828D-02  0.00000000000000D+00
     1    21 -0.40202327191207D-01  0.00000000000000D+00
     2    21  0.28946909834425D-02  0.00000000000000D+00
     3    21 -0.22657620920385D-02  0.00000000000000D+00
     1    22  0.23626077657662D-02  0.00000000000000D+00
     2    22  0.40929994571392D-02  0.00000000000000D+00
     3    22  0.22635130003963D-02  0.00000000000000D+00
     1    23 -0.69941367819692D-02  0.00000000000000D+00
     2    23 -0.34545362249135D-02  0.00000000000000D+00
     3    23 -0.22941362095802D-02  0.00000000000000D+00
     1    24 -0.71153111037156D-02  0.00000000000000D+00
     2    24 -0.40283813446708D-02  0.00000000000000D+00
     3    24  0.22454367514097D-02  0.00000000000000D+00
     1    25 -0.10707900894975D-02  0.00000000000000D+00
     2    25  0.11074696193866D-01  0.00000000000000D+00
     3    25 -0.16198900147584D-02  0.00000000000000D+00
     1    26 -0.32201681297376D-02  0.00000000000000D+00
     2    26  0.60966328950863D-02  0.00000000000000D+00
     3    26  0.16050598241709D-02  0.00000000000000D+00
     1    27  0.22916691706700D-02  0.00000000000000D+00
     2    27 -0.11182802147160D-01  0.00000000000000D+00
     3    27  0.14635116148124D-02  0.00000000000000D+00
     1    28  0.44771715035178D-02  0.00000000000000D+00
     2    28 -0.61869505425469D-02  0.00000000000000D+00
     3    28 -0.14597014224264D-02  0.00000000000000D+00
     1    29 -0.15577426588189D-02  0.00000000000000D+00
     2    29 -0.26201441601819D-01  0.00000000000000D+00
     3    29 -0.31904056407361D-03  0.00000000000000D+00
     1    30 -0.46882905525435D-02  0.00000000000000D+00
     2    30 -0.25185935414912D-01  0.00000000000000D+00
     3    30  0.28338799971320D-03  0.00000000000000D+00
     1    31  0.47931968586656D-02  0.00000000000000D+00
     2    31  0.26752592727075D-01  0.00000000000000D+00
     3    31 -0.23260764775658D-03  0.00000000000000D+00
     1    32  0.40449703797845D-02  0.00000000000000D+00
     2    32  0.24678819855735D-01  0.00000000000000D+00
     3    32  0.22988844490905D-03  0.00000000000000D+00
     1    33  0.22565087672563D-01  0.00000000000000D+00
     2    33 -0.10563889979603D-01  0.00000000000000D+00
     3    33 -0.41533684322940D-04  0.00000000000000D+00
     1    34  0.21004836187660D-01  0.00000000000000D+00
     2    34 -0.82128257253879D-02  0.00000000000000D+00
     3    34  0.39054497502979D-04  0.00000000000000D+00
     1    35 -0.19232842050977D-01  0.00000000000000D+00
     2    35  0.10710525185082D-01  0.00000000000000D+00
     3    35  0.22964778638975D-02  0.00000000000000D+00
     1    36 -0.17641819438353D-01  0.00000000000000D+00
     2    36  0.83341518807156D-02  0.00000000000000D+00
     3    36 -0.23028193010466D-02  0.00000000000000D+00
     1    39  0.26483428243032D-02  0.00000000000000D+00
     2    39  0.26526792038142D-02  0.00000000000000D+00
     3    39  0.24368658983307D-02  0.00000000000000D+00
     1    40 -0.99737213171321D-08  0.00000000000000D+00
     2    40  0.41992495131566D-09  0.00000000000000D+00
     3    40 -0.21451695540741D-05  0.00000000000000D+00
  
 Total energy                 - # elements :           1
 -0.47548224298193D+03  0.00000000000000D+00
