 Fermi (or HOMO) energy (hartree) =   0.22142   Average Vxc (hartree)=  -0.38907
 Eigenvalues (hartree) for nkpt=   1  k points, SPIN UP:
 kpt#   1, nband=115, wtk=  1.00000, kpt=  0.0000  0.0000  0.0000 (reduced coord)
  -1.39347   -1.39308   -1.39286   -1.39270   -1.39266   -1.39259   -1.39257   -1.39247
  -1.22951   -1.05227   -1.04832   -1.04597   -0.48977   -0.48780   -0.47406   -0.46699
  -0.46683   -0.45936   -0.45600   -0.45228   -0.45194   -0.43736   -0.43725   -0.41218
  -0.40847   -0.40147   -0.39278   -0.38875   -0.38527   -0.38120   -0.37670   -0.37000
  -0.35309   -0.31251   -0.30954   -0.30866   -0.30816   -0.30741   -0.30474   -0.30374
  -0.02502   -0.01651   -0.01555   -0.01153   -0.01138    0.01847    0.01875    0.02674
   0.02713    0.02780    0.03937    0.04576    0.04664    0.05410    0.06643    0.06811
   0.06827    0.07122    0.07164    0.07804    0.07846    0.08934    0.08973    0.09505
   0.09960    0.10113    0.10438    0.10483    0.11556    0.11561    0.11731    0.12026
   0.12227    0.12279    0.12356    0.12582    0.13391    0.13398    0.13634    0.13878
   0.13896    0.13919    0.13945    0.13949    0.15279    0.16094    0.16239    0.16590
   0.21511    0.21520    0.21594    0.21630    0.21639    0.21717    0.22142    0.27976
   0.29057    0.29673    0.31768    0.32879    0.33807    0.37148    0.38108    0.38243
   0.38890    0.38913    0.39275    0.39910    0.40000    0.40285    0.40950    0.41100
   0.41929    0.42140    0.42177
 Eigenvalues (hartree) for nkpt=   1  k points, SPIN DOWN:
 kpt#   1, nband=115, wtk=  1.00000, kpt=  0.0000  0.0000  0.0000 (reduced coord)
  -1.39346   -1.39307   -1.39286   -1.39271   -1.39264   -1.39261   -1.39256   -1.39247
  -1.12232   -1.05225   -1.04814   -1.04596   -0.47258   -0.47234   -0.46718   -0.46699
  -0.45942   -0.45609   -0.45259   -0.45215   -0.41249   -0.41057   -0.40846   -0.40632
  -0.39275   -0.38872   -0.38714   -0.38437   -0.37653   -0.36999   -0.36867   -0.36060
  -0.35314   -0.30957   -0.30869   -0.30837   -0.30745   -0.30675   -0.30378   -0.30328
  -0.02472   -0.01579   -0.01537   -0.01130   -0.01020    0.01890    0.01916    0.02742
   0.02766    0.02800    0.03959    0.04635    0.04762    0.05518    0.06727    0.06835
   0.06871    0.07203    0.07263    0.07827    0.07899    0.08995    0.09059    0.09563
   0.10131    0.10179    0.10454    0.10489    0.11570    0.11585    0.11731    0.12104
   0.12371    0.12400    0.12484    0.12590    0.13378    0.13458    0.13898    0.13908
   0.13925    0.13952    0.13956    0.14024    0.15385    0.16259    0.16335    0.16643
   0.28876    0.29184    0.30045    0.32303    0.33676    0.33721    0.37684    0.38580
   0.38819    0.38838    0.39230    0.39425    0.39825    0.40063    0.41068    0.41096
   0.41571    0.42125    0.42208    0.42500    0.42755    0.42939    0.43126    0.45254
   0.45358    0.46476    0.46519
