
 **** DERIVATIVE DATABASE ****    
+DDB, Version number  20230401

  Note : temporary (transfer) database

    usepaw         1
     natom        36
      nkpt         1
    nsppol         2
      nsym         1
    ntypat         6
    occopt         2
     nband       115
     acell  0.10000000000000D+01  0.10000000000000D+01  0.10000000000000D+01
       amu  0.15196500000000D+03  0.87620000000000D+02  0.69410000000000D+01
            0.26981539000000D+02  0.14006740000000D+02  0.15999400000000D+02
   dilatmx  0.10000000000000D+01
      ecut  0.10000000000000D+02
 pawecutdg  0.20000000000000D+02
    ecutsm  0.00000000000000D+00
     intxc         0
      iscf        17
       ixc     -1012
       kpt  0.00000000000000D+00  0.00000000000000D+00  0.00000000000000D+00
    kptnrm  0.10000000000000D+01
     ngfft        45   45   36
    nspden         2
   nspinor         1
       occ  0.10000000000000D+01  0.10000000000000D+01  0.10000000000000D+01
            0.10000000000000D+01  0.10000000000000D+01  0.10000000000000D+01
            0.10000000000000D+01  0.10000000000000D+01  0.10000000000000D+01
            0.10000000000000D+01  0.10000000000000D+01  0.10000000000000D+01
            0.10000000000000D+01  0.10000000000000D+01  0.10000000000000D+01
            0.10000000000000D+01  0.10000000000000D+01  0.10000000000000D+01
            0.10000000000000D+01  0.10000000000000D+01  0.10000000000000D+01
            0.10000000000000D+01  0.10000000000000D+01  0.10000000000000D+01
            0.10000000000000D+01  0.10000000000000D+01  0.10000000000000D+01
            0.10000000000000D+01  0.10000000000000D+01  0.10000000000000D+01
            0.10000000000000D+01  0.10000000000000D+01  0.10000000000000D+01
            0.10000000000000D+01  0.10000000000000D+01  0.10000000000000D+01
            0.10000000000000D+01  0.10000000000000D+01  0.10000000000000D+01
            0.10000000000000D+01  0.10000000000000D+01  0.10000000000000D+01
            0.10000000000000D+01  0.10000000000000D+01  0.10000000000000D+01
            0.10000000000000D+01  0.10000000000000D+01  0.10000000000000D+01
            0.10000000000000D+01  0.10000000000000D+01  0.10000000000000D+01
            0.10000000000000D+01  0.10000000000000D+01  0.10000000000000D+01
            0.10000000000000D+01  0.10000000000000D+01  0.10000000000000D+01
            0.10000000000000D+01  0.10000000000000D+01  0.10000000000000D+01
            0.10000000000000D+01  0.10000000000000D+01  0.10000000000000D+01
            0.10000000000000D+01  0.10000000000000D+01  0.10000000000000D+01
            0.10000000000000D+01  0.10000000000000D+01  0.10000000000000D+01
            0.10000000000000D+01  0.10000000000000D+01  0.10000000000000D+01
            0.10000000000000D+01  0.10000000000000D+01  0.10000000000000D+01
            0.10000000000000D+01  0.10000000000000D+01  0.10000000000000D+01
            0.10000000000000D+01  0.10000000000000D+01  0.10000000000000D+01
            0.10000000000000D+01  0.10000000000000D+01  0.10000000000000D+01
            0.10000000000000D+01  0.10000000000000D+01  0.10000000000000D+01
            0.10000000000000D+01  0.10000000000000D+01  0.10000000000000D+01
            0.10000000000000D+01  0.10000000000000D+01  0.10000000000000D+01
            0.10000000000000D+01  0.10000000000000D+01  0.00000000000000D+00
            0.00000000000000D+00  0.00000000000000D+00  0.00000000000000D+00
            0.00000000000000D+00  0.00000000000000D+00  0.00000000000000D+00
            0.00000000000000D+00  0.00000000000000D+00  0.00000000000000D+00
            0.00000000000000D+00  0.00000000000000D+00  0.00000000000000D+00
            0.00000000000000D+00  0.00000000000000D+00  0.00000000000000D+00
            0.00000000000000D+00  0.00000000000000D+00  0.00000000000000D+00
            0.00000000000000D+00
     rprim  0.15040330225900D+02  0.00000000000000D+00  0.00000000000000D+00
            0.00000000000000D+00  0.15040330225900D+02  0.00000000000000D+00
            0.00000000000000D+00  0.00000000000000D+00  0.12033775961600D+02
  dfpt_sciss  0.00000000000000D+00
    spinat  0.00000000000000D+00  0.00000000000000D+00  0.00000000000000D+00
            0.00000000000000D+00  0.00000000000000D+00  0.00000000000000D+00
            0.00000000000000D+00  0.00000000000000D+00  0.00000000000000D+00
            0.00000000000000D+00  0.00000000000000D+00  0.00000000000000D+00
            0.00000000000000D+00  0.00000000000000D+00  0.00000000000000D+00
            0.00000000000000D+00  0.00000000000000D+00  0.00000000000000D+00
            0.00000000000000D+00  0.00000000000000D+00  0.00000000000000D+00
            0.00000000000000D+00  0.00000000000000D+00  0.00000000000000D+00
            0.00000000000000D+00  0.00000000000000D+00  0.00000000000000D+00
            0.00000000000000D+00  0.00000000000000D+00  0.00000000000000D+00
            0.00000000000000D+00  0.00000000000000D+00  0.00000000000000D+00
            0.00000000000000D+00  0.00000000000000D+00  0.00000000000000D+00
            0.00000000000000D+00  0.00000000000000D+00  0.00000000000000D+00
            0.00000000000000D+00  0.00000000000000D+00  0.00000000000000D+00
            0.00000000000000D+00  0.00000000000000D+00  0.00000000000000D+00
            0.00000000000000D+00  0.00000000000000D+00  0.00000000000000D+00
            0.00000000000000D+00  0.00000000000000D+00  0.00000000000000D+00
            0.00000000000000D+00  0.00000000000000D+00  0.00000000000000D+00
            0.00000000000000D+00  0.00000000000000D+00  0.00000000000000D+00
            0.00000000000000D+00  0.00000000000000D+00  0.00000000000000D+00
            0.00000000000000D+00  0.00000000000000D+00  0.00000000000000D+00
            0.00000000000000D+00  0.00000000000000D+00  0.00000000000000D+00
            0.00000000000000D+00  0.00000000000000D+00  0.00000000000000D+00
            0.00000000000000D+00  0.00000000000000D+00  0.00000000000000D+00
            0.00000000000000D+00  0.00000000000000D+00  0.00000000000000D+00
            0.00000000000000D+00  0.00000000000000D+00  0.00000000000000D+00
            0.00000000000000D+00  0.00000000000000D+00  0.00000000000000D+00
            0.00000000000000D+00  0.00000000000000D+00  0.00000000000000D+00
            0.00000000000000D+00  0.00000000000000D+00  0.00000000000000D+00
            0.00000000000000D+00  0.00000000000000D+00  0.00000000000000D+00
            0.00000000000000D+00  0.00000000000000D+00  0.00000000000000D+00
            0.00000000000000D+00  0.00000000000000D+00  0.00000000000000D+00
            0.00000000000000D+00  0.00000000000000D+00  0.00000000000000D+00
            0.00000000000000D+00  0.00000000000000D+00  0.00000000000000D+00
            0.00000000000000D+00  0.00000000000000D+00  0.00000000000000D+00
            0.00000000000000D+00  0.00000000000000D+00  0.00000000000000D+00
    symafm         1
    symrel         1    0    0    0    1    0    0    0    1
     tnons  0.00000000000000D+00  0.00000000000000D+00  0.00000000000000D+00
    tolwfr  0.10000000000000D+01
   tphysel  0.00000000000000D+00
    tsmear  0.10000000000000D-01
     typat         1    2    2    2    3    3    3    3    3    3    3    3
                   4    4    4    4    4    4    4    4    5    5    5    5
                   5    5    5    5    6    6    6    6    6    6    6    6
       wtk  0.10000000000000D+01
      xred  0.50000000000000D+00  0.00000000000000D+00  0.25000000000000D+00
            0.50000000000000D+00  0.00000000000000D+00  0.75000000000000D+00
            0.10000000000000D+01  0.50000000000000D+00  0.11890596229000D-03
            0.10000000000000D+01  0.50000000000000D+00  0.49988109400000D+00
            0.12744374710000D+00  0.82536213210000D+00  0.25000000000000D+00
            0.12704638640000D+00  0.82502282330000D+00  0.75000000000000D+00
            0.87255625290000D+00  0.17463786790000D+00  0.25000000000000D+00
            0.87295361360000D+00  0.17497717670000D+00  0.75000000000000D+00
            0.17499169840000D+00  0.12728967160000D+00  0.28739574230000D-03
            0.17499169840000D+00  0.12728967160000D+00  0.49971260430000D+00
            0.82500830160000D+00  0.87271032840000D+00  0.28739574230000D-03
            0.82500830160000D+00  0.87271032840000D+00  0.49971260430000D+00
            0.35173806670000D+00  0.68241995630000D+00  0.21289163617000D-03
            0.35173806670000D+00  0.68241995630000D+00  0.49978710840000D+00
            0.64826193330000D+00  0.31758004370000D+00  0.21289163617000D-03
            0.64826193330000D+00  0.31758004370000D+00  0.49978710840000D+00
            0.31780576680000D+00  0.35109081090000D+00  0.25000000000000D+00
            0.31777456060000D+00  0.35154217070000D+00  0.75000000000000D+00
            0.68219423320000D+00  0.64890918910000D+00  0.25000000000000D+00
            0.68222543940000D+00  0.64845782930000D+00  0.75000000000000D+00
            0.58430476540000D+00  0.73091011390000D+00  0.99992821440000D+00
            0.58430476540000D+00  0.73091011390000D+00  0.50007178560000D+00
            0.41569523460000D+00  0.26908988610000D+00  0.99992821440000D+00
            0.41569523460000D+00  0.26908988610000D+00  0.50007178560000D+00
            0.27019712620000D+00  0.58410218790000D+00  0.25000000000000D+00
            0.27139393060000D+00  0.58437089430000D+00  0.75098106610000D+00
            0.72980287380000D+00  0.41589781210000D+00  0.25000000000000D+00
            0.72958713560000D+00  0.41562910570000D+00  0.75000000000000D+00
            0.25250920030000D+00  0.88699605780000D+00  0.99991734080000D+00
            0.25250920030000D+00  0.88699605780000D+00  0.50008265920000D+00
            0.74749079970000D+00  0.11300394220000D+00  0.99991734080000D+00
            0.74749079970000D+00  0.11300394220000D+00  0.50008265920000D+00
            0.11279815010000D+00  0.25309031310000D+00  0.25000000000000D+00
            0.11273121590000D+00  0.25349138290000D+00  0.75000000000000D+00
            0.88720184990000D+00  0.74690968690000D+00  0.25000000000000D+00
            0.88726878410000D+00  0.74650861710000D+00  0.75000000000000D+00
     znucl  0.63000000000000D+02  0.38000000000000D+02  0.30000000000000D+01
            0.13000000000000D+02  0.70000000000000D+01  0.80000000000000D+01
      zion  0.17000000000000D+02  0.10000000000000D+02  0.30000000000000D+01
            0.30000000000000D+01  0.50000000000000D+01  0.60000000000000D+01
 
 No information on the potentials yet 
 
 **** Database of total energy derivatives ****
 Number of data blocks=    2
  
 1st derivatives              - # elements :         114
     1     1 -0.14175482744721D-03  0.00000000000000D+00
     2     1  0.20197582596356D-03  0.00000000000000D+00
     3     1  0.71999360322486D-03  0.00000000000000D+00
     1     2 -0.11662335276026D-03  0.00000000000000D+00
     2     2  0.44712537356996D-03  0.00000000000000D+00
     3     2 -0.51427240745127D-03  0.00000000000000D+00
     1     3  0.51598257510291D-03  0.00000000000000D+00
     2     3  0.15999500391789D-03  0.00000000000000D+00
     3     3 -0.21733808350776D-03  0.00000000000000D+00
     1     4  0.95936518989370D-03  0.00000000000000D+00
     2     4  0.33396507231428D-03  0.00000000000000D+00
     3     4 -0.38770316190830D-03  0.00000000000000D+00
     1     5  0.32965654560427D-02  0.00000000000000D+00
     2     5  0.37283704826665D-02  0.00000000000000D+00
     3     5  0.34861963048900D-03  0.00000000000000D+00
     1     6  0.15148957526995D-02  0.00000000000000D+00
     2     6  0.30785897932981D-02  0.00000000000000D+00
     3     6 -0.92128573062159D-03  0.00000000000000D+00
     1     7 -0.31215369773255D-02  0.00000000000000D+00
     2     7 -0.36467012454901D-02  0.00000000000000D+00
     3     7  0.72175872826125D-04  0.00000000000000D+00
     1     8 -0.17650996863461D-02  0.00000000000000D+00
     2     8 -0.39458349378497D-02  0.00000000000000D+00
     3     8 -0.54910689867502D-04  0.00000000000000D+00
     1     9 -0.26889567272881D-02  0.00000000000000D+00
     2     9  0.37840801537905D-02  0.00000000000000D+00
     3     9  0.61174011558694D-03  0.00000000000000D+00
     1    10 -0.23264883044707D-02  0.00000000000000D+00
     2    10  0.35007868504243D-02  0.00000000000000D+00
     3    10 -0.61096246127392D-03  0.00000000000000D+00
     1    11  0.27408162303202D-02  0.00000000000000D+00
     2    11 -0.35925617803629D-02  0.00000000000000D+00
     3    11  0.52988808741862D-03  0.00000000000000D+00
     1    12  0.25338738619336D-02  0.00000000000000D+00
     2    12 -0.37040610695442D-02  0.00000000000000D+00
     3    12 -0.57392548577413D-03  0.00000000000000D+00
     1    13 -0.16950317385458D-01  0.00000000000000D+00
     2    13 -0.13690549838159D-01  0.00000000000000D+00
     3    13 -0.10097385179359D-01  0.00000000000000D+00
     1    14 -0.10958061469849D-01  0.00000000000000D+00
     2    14 -0.55630003009470D-02  0.00000000000000D+00
     3    14 -0.72609022014993D-02  0.00000000000000D+00
     1    15  0.87361104825086D-02  0.00000000000000D+00
     2    15  0.77151048573044D-02  0.00000000000000D+00
     3    15  0.15876995085918D-02  0.00000000000000D+00
     1    16  0.75080047713832D-02  0.00000000000000D+00
     2    16  0.73236080596234D-02  0.00000000000000D+00
     3    16 -0.16468662378362D-02  0.00000000000000D+00
     1    17  0.48029163189449D-02  0.00000000000000D+00
     2    17 -0.11005901969351D-01  0.00000000000000D+00
     3    17  0.11057356914835D-02  0.00000000000000D+00
     1    18  0.89391534807429D-03  0.00000000000000D+00
     2    18 -0.79172396480367D-02  0.00000000000000D+00
     3    18 -0.35777359235738D-02  0.00000000000000D+00
     1    19 -0.49010404788499D-02  0.00000000000000D+00
     2    19  0.10141933643878D-01  0.00000000000000D+00
     3    19  0.81063712161798D-03  0.00000000000000D+00
     1    20 -0.30109607478624D-02  0.00000000000000D+00
     2    20  0.10768236839571D-01  0.00000000000000D+00
     3    20 -0.70097174905793D-03  0.00000000000000D+00
     1    21  0.37179918017362D-02  0.00000000000000D+00
     2    21  0.21499127703587D-02  0.00000000000000D+00
     3    21 -0.44624725615651D-02  0.00000000000000D+00
     1    22  0.62190803686715D-02  0.00000000000000D+00
     2    22  0.37403781938130D-02  0.00000000000000D+00
     3    22  0.32809689852082D-02  0.00000000000000D+00
     1    23 -0.70697206057443D-02  0.00000000000000D+00
     2    23 -0.13190753217146D-02  0.00000000000000D+00
     3    23 -0.35961694718178D-02  0.00000000000000D+00
     1    24 -0.48184149991984D-02  0.00000000000000D+00
     2    24 -0.45935259986008D-02  0.00000000000000D+00
     3    24  0.23930975636685D-02  0.00000000000000D+00
     1    25 -0.33679492357924D-03  0.00000000000000D+00
     2    25  0.10034035919083D-01  0.00000000000000D+00
     3    25 -0.55338941030584D-02  0.00000000000000D+00
     1    26  0.11534412319242D-01  0.00000000000000D+00
     2    26  0.46971311138421D-02  0.00000000000000D+00
     3    26  0.28947385995737D-01  0.00000000000000D+00
     1    27  0.17273264916136D-02  0.00000000000000D+00
     2    27 -0.99075815122560D-02  0.00000000000000D+00
     3    27 -0.59700900619610D-03  0.00000000000000D+00
     1    28  0.39139066523028D-02  0.00000000000000D+00
     2    28 -0.45807596492591D-02  0.00000000000000D+00
     3    28  0.37296695700827D-03  0.00000000000000D+00
     1    29 -0.39018531316228D-02  0.00000000000000D+00
     2    29 -0.25397969924643D-01  0.00000000000000D+00
     3    29 -0.24839551813050D-03  0.00000000000000D+00
     1    30 -0.33932260271139D-02  0.00000000000000D+00
     2    30 -0.23214927442086D-01  0.00000000000000D+00
     3    30 -0.38360848963300D-03  0.00000000000000D+00
     1    31  0.43443627222037D-02  0.00000000000000D+00
     2    31  0.24807832106194D-01  0.00000000000000D+00
     3    31 -0.19912497837421D-03  0.00000000000000D+00
     1    32  0.47804762671204D-02  0.00000000000000D+00
     2    32  0.24868233933320D-01  0.00000000000000D+00
     3    32  0.18654988505381D-03  0.00000000000000D+00
     1    33  0.22660089557323D-01  0.00000000000000D+00
     2    33 -0.11083231721277D-01  0.00000000000000D+00
     3    33 -0.31551568489060D-03  0.00000000000000D+00
     1    34  0.20266379081182D-01  0.00000000000000D+00
     2    34 -0.10404199464616D-01  0.00000000000000D+00
     3    34  0.65314914729360D-03  0.00000000000000D+00
     1    35 -0.23170704718573D-01  0.00000000000000D+00
     2    35  0.11524644860127D-01  0.00000000000000D+00
     3    35 -0.50190493348977D-03  0.00000000000000D+00
     1    36 -0.23910655149607D-01  0.00000000000000D+00
     2    36  0.94968767129361D-02  0.00000000000000D+00
     3    36  0.49877619608972D-03  0.00000000000000D+00
     1    39  0.26500928954752D-02  0.00000000000000D+00
     2    39  0.26524145774725D-02  0.00000000000000D+00
     3    39  0.24350184152311D-02  0.00000000000000D+00
     1    40 -0.78891885181215D-06  0.00000000000000D+00
     2    40 -0.86495365950616D-06  0.00000000000000D+00
     3    40 -0.17554816230070D-05  0.00000000000000D+00
  
 Total energy                 - # elements :           1
 -0.47548224640627D+03  0.00000000000000D+00
