 Fermi (or HOMO) energy (hartree) =   0.22140   Average Vxc (hartree)=  -0.38907
 Eigenvalues (hartree) for nkpt=   1  k points, SPIN UP:
 kpt#   1, nband=115, wtk=  1.00000, kpt=  0.0000  0.0000  0.0000 (reduced coord)
  -1.39335   -1.39290   -1.39278   -1.39273   -1.39272   -1.39266   -1.39256   -1.39250
  -1.22953   -1.05244   -1.04837   -1.04614   -0.48980   -0.48784   -0.47404   -0.46698
  -0.46683   -0.45936   -0.45600   -0.45234   -0.45187   -0.43739   -0.43730   -0.41227
  -0.40854   -0.40148   -0.39293   -0.38889   -0.38531   -0.38125   -0.37680   -0.37017
  -0.35310   -0.31246   -0.30970   -0.30867   -0.30807   -0.30748   -0.30466   -0.30388
  -0.02495   -0.01648   -0.01564   -0.01156   -0.01146    0.01848    0.01882    0.02671
   0.02723    0.02779    0.03940    0.04577    0.04663    0.05405    0.06651    0.06815
   0.06826    0.07119    0.07167    0.07802    0.07851    0.08932    0.08975    0.09498
   0.09954    0.10118    0.10435    0.10478    0.11550    0.11575    0.11727    0.12022
   0.12231    0.12275    0.12358    0.12590    0.13394    0.13403    0.13639    0.13875
   0.13895    0.13920    0.13937    0.13947    0.15273    0.16099    0.16242    0.16596
   0.21509    0.21518    0.21591    0.21628    0.21636    0.21714    0.22140    0.27975
   0.29056    0.29674    0.31757    0.32881    0.33811    0.37154    0.38110    0.38235
   0.38886    0.38928    0.39255    0.39914    0.40013    0.40282    0.40941    0.41077
   0.41923    0.42135    0.42185
 Eigenvalues (hartree) for nkpt=   1  k points, SPIN DOWN:
 kpt#   1, nband=115, wtk=  1.00000, kpt=  0.0000  0.0000  0.0000 (reduced coord)
  -1.39335   -1.39291   -1.39277   -1.39273   -1.39270   -1.39267   -1.39255   -1.39249
  -1.12235   -1.05242   -1.04819   -1.04612   -0.47263   -0.47231   -0.46722   -0.46698
  -0.45942   -0.45609   -0.45264   -0.45209   -0.41258   -0.41056   -0.40854   -0.40635
  -0.39290   -0.38886   -0.38717   -0.38440   -0.37662   -0.37016   -0.36871   -0.36064
  -0.35315   -0.30974   -0.30869   -0.30828   -0.30752   -0.30672   -0.30392   -0.30321
  -0.02466   -0.01577   -0.01545   -0.01139   -0.01023    0.01886    0.01928    0.02738
   0.02775    0.02800    0.03962    0.04637    0.04761    0.05513    0.06734    0.06839
   0.06871    0.07201    0.07265    0.07825    0.07903    0.08993    0.09060    0.09555
   0.10136    0.10173    0.10450    0.10484    0.11577    0.11585    0.11727    0.12099
   0.12375    0.12399    0.12481    0.12599    0.13390    0.13454    0.13899    0.13904
   0.13916    0.13944    0.13958    0.14032    0.15380    0.16262    0.16340    0.16649
   0.28874    0.29184    0.30044    0.32293    0.33680    0.33725    0.37679    0.38576
   0.38814    0.38842    0.39211    0.39448    0.39829    0.40076    0.41044    0.41096
   0.41565    0.42121    0.42213    0.42509    0.42768    0.42933    0.43121    0.45250
   0.45358    0.46460    0.46516
