
 **** DERIVATIVE DATABASE ****    
+DDB, Version number  20230401

  Note : temporary (transfer) database

    usepaw         1
     natom        36
      nkpt         1
    nsppol         2
      nsym         1
    ntypat         6
    occopt         2
     nband       115
     acell  0.10000000000000D+01  0.10000000000000D+01  0.10000000000000D+01
       amu  0.15196500000000D+03  0.87620000000000D+02  0.69410000000000D+01
            0.26981539000000D+02  0.14006740000000D+02  0.15999400000000D+02
   dilatmx  0.10000000000000D+01
      ecut  0.10000000000000D+02
 pawecutdg  0.20000000000000D+02
    ecutsm  0.00000000000000D+00
     intxc         0
      iscf        17
       ixc     -1012
       kpt  0.00000000000000D+00  0.00000000000000D+00  0.00000000000000D+00
    kptnrm  0.10000000000000D+01
     ngfft        45   45   36
    nspden         2
   nspinor         1
       occ  0.10000000000000D+01  0.10000000000000D+01  0.10000000000000D+01
            0.10000000000000D+01  0.10000000000000D+01  0.10000000000000D+01
            0.10000000000000D+01  0.10000000000000D+01  0.10000000000000D+01
            0.10000000000000D+01  0.10000000000000D+01  0.10000000000000D+01
            0.10000000000000D+01  0.10000000000000D+01  0.10000000000000D+01
            0.10000000000000D+01  0.10000000000000D+01  0.10000000000000D+01
            0.10000000000000D+01  0.10000000000000D+01  0.10000000000000D+01
            0.10000000000000D+01  0.10000000000000D+01  0.10000000000000D+01
            0.10000000000000D+01  0.10000000000000D+01  0.10000000000000D+01
            0.10000000000000D+01  0.10000000000000D+01  0.10000000000000D+01
            0.10000000000000D+01  0.10000000000000D+01  0.10000000000000D+01
            0.10000000000000D+01  0.10000000000000D+01  0.10000000000000D+01
            0.10000000000000D+01  0.10000000000000D+01  0.10000000000000D+01
            0.10000000000000D+01  0.10000000000000D+01  0.10000000000000D+01
            0.10000000000000D+01  0.10000000000000D+01  0.10000000000000D+01
            0.10000000000000D+01  0.10000000000000D+01  0.10000000000000D+01
            0.10000000000000D+01  0.10000000000000D+01  0.10000000000000D+01
            0.10000000000000D+01  0.10000000000000D+01  0.10000000000000D+01
            0.10000000000000D+01  0.10000000000000D+01  0.10000000000000D+01
            0.10000000000000D+01  0.10000000000000D+01  0.10000000000000D+01
            0.10000000000000D+01  0.10000000000000D+01  0.10000000000000D+01
            0.10000000000000D+01  0.10000000000000D+01  0.10000000000000D+01
            0.10000000000000D+01  0.10000000000000D+01  0.10000000000000D+01
            0.10000000000000D+01  0.10000000000000D+01  0.10000000000000D+01
            0.10000000000000D+01  0.10000000000000D+01  0.10000000000000D+01
            0.10000000000000D+01  0.10000000000000D+01  0.10000000000000D+01
            0.10000000000000D+01  0.10000000000000D+01  0.10000000000000D+01
            0.10000000000000D+01  0.10000000000000D+01  0.10000000000000D+01
            0.10000000000000D+01  0.10000000000000D+01  0.10000000000000D+01
            0.10000000000000D+01  0.10000000000000D+01  0.10000000000000D+01
            0.10000000000000D+01  0.10000000000000D+01  0.10000000000000D+01
            0.10000000000000D+01  0.10000000000000D+01  0.00000000000000D+00
            0.00000000000000D+00  0.00000000000000D+00  0.00000000000000D+00
            0.00000000000000D+00  0.00000000000000D+00  0.00000000000000D+00
            0.00000000000000D+00  0.00000000000000D+00  0.00000000000000D+00
            0.00000000000000D+00  0.00000000000000D+00  0.00000000000000D+00
            0.00000000000000D+00  0.00000000000000D+00  0.00000000000000D+00
            0.00000000000000D+00  0.00000000000000D+00  0.00000000000000D+00
            0.00000000000000D+00
     rprim  0.15040330225900D+02  0.00000000000000D+00  0.00000000000000D+00
            0.00000000000000D+00  0.15040330225900D+02  0.00000000000000D+00
            0.00000000000000D+00  0.00000000000000D+00  0.12033775961600D+02
  dfpt_sciss  0.00000000000000D+00
    spinat  0.00000000000000D+00  0.00000000000000D+00  0.00000000000000D+00
            0.00000000000000D+00  0.00000000000000D+00  0.00000000000000D+00
            0.00000000000000D+00  0.00000000000000D+00  0.00000000000000D+00
            0.00000000000000D+00  0.00000000000000D+00  0.00000000000000D+00
            0.00000000000000D+00  0.00000000000000D+00  0.00000000000000D+00
            0.00000000000000D+00  0.00000000000000D+00  0.00000000000000D+00
            0.00000000000000D+00  0.00000000000000D+00  0.00000000000000D+00
            0.00000000000000D+00  0.00000000000000D+00  0.00000000000000D+00
            0.00000000000000D+00  0.00000000000000D+00  0.00000000000000D+00
            0.00000000000000D+00  0.00000000000000D+00  0.00000000000000D+00
            0.00000000000000D+00  0.00000000000000D+00  0.00000000000000D+00
            0.00000000000000D+00  0.00000000000000D+00  0.00000000000000D+00
            0.00000000000000D+00  0.00000000000000D+00  0.00000000000000D+00
            0.00000000000000D+00  0.00000000000000D+00  0.00000000000000D+00
            0.00000000000000D+00  0.00000000000000D+00  0.00000000000000D+00
            0.00000000000000D+00  0.00000000000000D+00  0.00000000000000D+00
            0.00000000000000D+00  0.00000000000000D+00  0.00000000000000D+00
            0.00000000000000D+00  0.00000000000000D+00  0.00000000000000D+00
            0.00000000000000D+00  0.00000000000000D+00  0.00000000000000D+00
            0.00000000000000D+00  0.00000000000000D+00  0.00000000000000D+00
            0.00000000000000D+00  0.00000000000000D+00  0.00000000000000D+00
            0.00000000000000D+00  0.00000000000000D+00  0.00000000000000D+00
            0.00000000000000D+00  0.00000000000000D+00  0.00000000000000D+00
            0.00000000000000D+00  0.00000000000000D+00  0.00000000000000D+00
            0.00000000000000D+00  0.00000000000000D+00  0.00000000000000D+00
            0.00000000000000D+00  0.00000000000000D+00  0.00000000000000D+00
            0.00000000000000D+00  0.00000000000000D+00  0.00000000000000D+00
            0.00000000000000D+00  0.00000000000000D+00  0.00000000000000D+00
            0.00000000000000D+00  0.00000000000000D+00  0.00000000000000D+00
            0.00000000000000D+00  0.00000000000000D+00  0.00000000000000D+00
            0.00000000000000D+00  0.00000000000000D+00  0.00000000000000D+00
            0.00000000000000D+00  0.00000000000000D+00  0.00000000000000D+00
            0.00000000000000D+00  0.00000000000000D+00  0.00000000000000D+00
            0.00000000000000D+00  0.00000000000000D+00  0.00000000000000D+00
            0.00000000000000D+00  0.00000000000000D+00  0.00000000000000D+00
            0.00000000000000D+00  0.00000000000000D+00  0.00000000000000D+00
    symafm         1
    symrel         1    0    0    0    1    0    0    0    1
     tnons  0.00000000000000D+00  0.00000000000000D+00  0.00000000000000D+00
    tolwfr  0.10000000000000D+01
   tphysel  0.00000000000000D+00
    tsmear  0.10000000000000D-01
     typat         1    2    2    2    3    3    3    3    3    3    3    3
                   4    4    4    4    4    4    4    4    5    5    5    5
                   5    5    5    5    6    6    6    6    6    6    6    6
       wtk  0.10000000000000D+01
      xred  0.50000000000000D+00  0.00000000000000D+00  0.25000000000000D+00
            0.50000000000000D+00  0.00000000000000D+00  0.75000000000000D+00
            0.10000000000000D+01  0.50000000000000D+00  0.11890596229000D-03
            0.10000000000000D+01  0.50000000000000D+00  0.49988109400000D+00
            0.12744374710000D+00  0.82536213210000D+00  0.25000000000000D+00
            0.12704638640000D+00  0.82502282330000D+00  0.75000000000000D+00
            0.87255625290000D+00  0.17463786790000D+00  0.25000000000000D+00
            0.87295361360000D+00  0.17497717670000D+00  0.75000000000000D+00
            0.17499169840000D+00  0.12728967160000D+00  0.28739574230000D-03
            0.17499169840000D+00  0.12728967160000D+00  0.49971260430000D+00
            0.82500830160000D+00  0.87271032840000D+00  0.28739574230000D-03
            0.82500830160000D+00  0.87271032840000D+00  0.49971260430000D+00
            0.35173806670000D+00  0.68241995630000D+00  0.21289163617000D-03
            0.35173806670000D+00  0.68241995630000D+00  0.49978710840000D+00
            0.64826193330000D+00  0.31758004370000D+00  0.21289163617000D-03
            0.64826193330000D+00  0.31758004370000D+00  0.49978710840000D+00
            0.31780576680000D+00  0.35109081090000D+00  0.25000000000000D+00
            0.31875562680000D+00  0.35154217070000D+00  0.75098106610000D+00
            0.68219423320000D+00  0.64890918910000D+00  0.25000000000000D+00
            0.68222543940000D+00  0.64845782930000D+00  0.75000000000000D+00
            0.58430476540000D+00  0.73091011390000D+00  0.99992821440000D+00
            0.58430476540000D+00  0.73091011390000D+00  0.50007178560000D+00
            0.41569523460000D+00  0.26908988610000D+00  0.99992821440000D+00
            0.41569523460000D+00  0.26908988610000D+00  0.50007178560000D+00
            0.27019712620000D+00  0.58410218790000D+00  0.25000000000000D+00
            0.27041286440000D+00  0.58437089430000D+00  0.75000000000000D+00
            0.72980287380000D+00  0.41589781210000D+00  0.25000000000000D+00
            0.72958713560000D+00  0.41562910570000D+00  0.75000000000000D+00
            0.25250920030000D+00  0.88699605780000D+00  0.99991734080000D+00
            0.25250920030000D+00  0.88699605780000D+00  0.50008265920000D+00
            0.74749079970000D+00  0.11300394220000D+00  0.99991734080000D+00
            0.74749079970000D+00  0.11300394220000D+00  0.50008265920000D+00
            0.11279815010000D+00  0.25309031310000D+00  0.25000000000000D+00
            0.11273121590000D+00  0.25349138290000D+00  0.75000000000000D+00
            0.88720184990000D+00  0.74690968690000D+00  0.25000000000000D+00
            0.88726878410000D+00  0.74650861710000D+00  0.75000000000000D+00
     znucl  0.63000000000000D+02  0.38000000000000D+02  0.30000000000000D+01
            0.13000000000000D+02  0.70000000000000D+01  0.80000000000000D+01
      zion  0.17000000000000D+02  0.10000000000000D+02  0.30000000000000D+01
            0.30000000000000D+01  0.50000000000000D+01  0.60000000000000D+01
 
 No information on the potentials yet 
 
 **** Database of total energy derivatives ****
 Number of data blocks=    2
  
 1st derivatives              - # elements :         114
     1     1 -0.21676836957732D-03  0.00000000000000D+00
     2     1  0.11116882043600D-02  0.00000000000000D+00
     3     1 -0.93848364024503D-03  0.00000000000000D+00
     1     2 -0.14675866867269D-03  0.00000000000000D+00
     2     2  0.31739676529122D-02  0.00000000000000D+00
     3     2  0.11352551973113D-02  0.00000000000000D+00
     1     3 -0.15835717666516D-02  0.00000000000000D+00
     2     3  0.16241826662816D-02  0.00000000000000D+00
     3     3  0.18550175079289D-02  0.00000000000000D+00
     1     4 -0.49184293955550D-02  0.00000000000000D+00
     2     4  0.32930633224920D-02  0.00000000000000D+00
     3     4 -0.27424198962045D-02  0.00000000000000D+00
     1     5  0.33006412857775D-02  0.00000000000000D+00
     2     5  0.35982387445496D-02  0.00000000000000D+00
     3     5  0.14569244236238D-04  0.00000000000000D+00
     1     6  0.20641446105490D-02  0.00000000000000D+00
     2     6  0.32781115673562D-02  0.00000000000000D+00
     3     6 -0.10493910167337D-03  0.00000000000000D+00
     1     7 -0.35798007426458D-02  0.00000000000000D+00
     2     7 -0.36909383832709D-02  0.00000000000000D+00
     3     7 -0.82560918998021D-04  0.00000000000000D+00
     1     8 -0.39347764274745D-02  0.00000000000000D+00
     2     8 -0.37578481823196D-02  0.00000000000000D+00
     3     8  0.19848556406250D-04  0.00000000000000D+00
     1     9 -0.47353649335807D-04  0.00000000000000D+00
     2     9  0.37975950601849D-02  0.00000000000000D+00
     3     9  0.18532742851874D-02  0.00000000000000D+00
     1    10 -0.28483038497423D-02  0.00000000000000D+00
     2    10  0.46574201314695D-03  0.00000000000000D+00
     3    10 -0.31755798301417D-02  0.00000000000000D+00
     1    11  0.19991425499645D-02  0.00000000000000D+00
     2    11 -0.36015291593725D-02  0.00000000000000D+00
     3    11  0.83355586746081D-03  0.00000000000000D+00
     1    12  0.20381458541371D-02  0.00000000000000D+00
     2    12 -0.38053716052482D-02  0.00000000000000D+00
     3    12 -0.83947669822458D-03  0.00000000000000D+00
     1    13 -0.67381231688644D-02  0.00000000000000D+00
     2    13 -0.10363679588262D-01  0.00000000000000D+00
     3    13  0.16200273526718D-02  0.00000000000000D+00
     1    14 -0.74794904611863D-02  0.00000000000000D+00
     2    14 -0.64297172634919D-02  0.00000000000000D+00
     3    14 -0.21475087531528D-02  0.00000000000000D+00
     1    15  0.12697255127339D-02  0.00000000000000D+00
     2    15  0.78635194261623D-02  0.00000000000000D+00
     3    15 -0.10111354713518D-02  0.00000000000000D+00
     1    16  0.77867530098275D-02  0.00000000000000D+00
     2    16  0.90590571595527D-02  0.00000000000000D+00
     3    16  0.45412257015366D-03  0.00000000000000D+00
     1    17  0.82113903637909D-02  0.00000000000000D+00
     2    17 -0.12746585744066D-01  0.00000000000000D+00
     3    17 -0.57636512467279D-02  0.00000000000000D+00
     1    18  0.51224763019684D-01  0.00000000000000D+00
     2    18 -0.13285293458602D-01  0.00000000000000D+00
     3    18  0.31594446550167D-01  0.00000000000000D+00
     1    19 -0.61058635465293D-02  0.00000000000000D+00
     2    19  0.11212324252764D-01  0.00000000000000D+00
     3    19 -0.27133304074426D-04  0.00000000000000D+00
     1    20 -0.65332450138114D-02  0.00000000000000D+00
     2    20  0.88511787636433D-02  0.00000000000000D+00
     3    20  0.71800833395051D-04  0.00000000000000D+00
     1    21  0.61665202084493D-02  0.00000000000000D+00
     2    21  0.42895486774605D-02  0.00000000000000D+00
     3    21 -0.25219033741123D-02  0.00000000000000D+00
     1    22  0.62154359188965D-02  0.00000000000000D+00
     2    22  0.35048531091416D-02  0.00000000000000D+00
     3    22  0.24867302268477D-02  0.00000000000000D+00
     1    23 -0.16137701753758D-01  0.00000000000000D+00
     2    23  0.61412897050323D-03  0.00000000000000D+00
     3    23 -0.15004372030564D-01  0.00000000000000D+00
     1    24 -0.10668578489374D-01  0.00000000000000D+00
     2    24 -0.44623644901313D-02  0.00000000000000D+00
     3    24 -0.22230039644705D-02  0.00000000000000D+00
     1    25 -0.37054767236954D-02  0.00000000000000D+00
     2    25  0.10610038912859D-01  0.00000000000000D+00
     3    25  0.11198828216127D-02  0.00000000000000D+00
     1    26 -0.10434694870099D-01  0.00000000000000D+00
     2    26  0.68007212691079D-02  0.00000000000000D+00
     3    26 -0.35915868218340D-02  0.00000000000000D+00
     1    27  0.36026062178061D-02  0.00000000000000D+00
     2    27 -0.97789189685086D-02  0.00000000000000D+00
     3    27  0.81915071187107D-03  0.00000000000000D+00
     1    28  0.82980191270939D-02  0.00000000000000D+00
     2    28 -0.46579798506110D-02  0.00000000000000D+00
     3    28 -0.70041997111502D-03  0.00000000000000D+00
     1    29 -0.56527742755239D-02  0.00000000000000D+00
     2    29 -0.25798925904268D-01  0.00000000000000D+00
     3    29 -0.87806570985398D-03  0.00000000000000D+00
     1    30 -0.54396202183122D-02  0.00000000000000D+00
     2    30 -0.23858660708721D-01  0.00000000000000D+00
     3    30  0.67711819759158D-03  0.00000000000000D+00
     1    31  0.71127776767294D-02  0.00000000000000D+00
     2    31  0.24226058354974D-01  0.00000000000000D+00
     3    31 -0.26005473807776D-03  0.00000000000000D+00
     1    32  0.48938357307706D-02  0.00000000000000D+00
     2    32  0.25025028267681D-01  0.00000000000000D+00
     3    32  0.20187716840566D-03  0.00000000000000D+00
     1    33  0.20286657667640D-01  0.00000000000000D+00
     2    33 -0.10751553032934D-01  0.00000000000000D+00
     3    33  0.11748312342440D-02  0.00000000000000D+00
     1    34  0.32656112958742D-02  0.00000000000000D+00
     2    34 -0.14842702037696D-01  0.00000000000000D+00
     3    34 -0.39177618726972D-02  0.00000000000000D+00
     1    35 -0.21626961960091D-01  0.00000000000000D+00
     2    35  0.10571941639286D-01  0.00000000000000D+00
     3    35  0.41292989015448D-05  0.00000000000000D+00
     1    36 -0.19944414951109D-01  0.00000000000000D+00
     2    36  0.88679170306668D-02  0.00000000000000D+00
     3    36 -0.15336799331727D-04  0.00000000000000D+00
     1    39  0.26514277228640D-02  0.00000000000000D+00
     2    39  0.26529226472486D-02  0.00000000000000D+00
     3    39  0.24351219991385D-02  0.00000000000000D+00
     1    40  0.44594977162163D-06  0.00000000000000D+00
     2    40 -0.40722187624712D-06  0.00000000000000D+00
     3    40 -0.96474284242040D-06  0.00000000000000D+00
  
 Total energy                 - # elements :           1
 -0.47548222006029D+03  0.00000000000000D+00
