 Fermi (or HOMO) energy (hartree) =   0.22125   Average Vxc (hartree)=  -0.38908
 Eigenvalues (hartree) for nkpt=   1  k points, SPIN UP:
 kpt#   1, nband=115, wtk=  1.00000, kpt=  0.0000  0.0000  0.0000 (reduced coord)
  -1.39323   -1.39275   -1.39272   -1.39263   -1.39256   -1.39256   -1.39241   -1.39233
  -1.22968   -1.05213   -1.04851   -1.04584   -0.48991   -0.48790   -0.47385   -0.46688
  -0.46654   -0.45920   -0.45578   -0.45234   -0.45148   -0.43743   -0.43737   -0.41209
  -0.40824   -0.40168   -0.39265   -0.38859   -0.38546   -0.38135   -0.37648   -0.36986
  -0.35324   -0.31281   -0.30959   -0.30894   -0.30831   -0.30747   -0.30497   -0.30381
  -0.02493   -0.01679   -0.01565   -0.01170   -0.01143    0.01845    0.01890    0.02678
   0.02734    0.02770    0.03939    0.04582    0.04671    0.05412    0.06659    0.06830
   0.06835    0.07128    0.07171    0.07806    0.07873    0.08947    0.08989    0.09497
   0.09958    0.10146    0.10432    0.10488    0.11557    0.11569    0.11747    0.12029
   0.12203    0.12275    0.12377    0.12577    0.13393    0.13400    0.13620    0.13864
   0.13885    0.13917    0.13940    0.13947    0.15260    0.16082    0.16239    0.16583
   0.21494    0.21503    0.21577    0.21614    0.21623    0.21699    0.22125    0.27966
   0.29063    0.29661    0.31769    0.32872    0.33826    0.37141    0.38106    0.38255
   0.38882    0.38899    0.39259    0.39905    0.39984    0.40280    0.40940    0.41092
   0.41931    0.42133    0.42190
 Eigenvalues (hartree) for nkpt=   1  k points, SPIN DOWN:
 kpt#   1, nband=115, wtk=  1.00000, kpt=  0.0000  0.0000  0.0000 (reduced coord)
  -1.39322   -1.39275   -1.39271   -1.39265   -1.39257   -1.39254   -1.39243   -1.39232
  -1.12249   -1.05211   -1.04833   -1.04582   -0.47265   -0.47196   -0.46726   -0.46662
  -0.45927   -0.45586   -0.45264   -0.45167   -0.41239   -0.41076   -0.40823   -0.40646
  -0.39262   -0.38856   -0.38733   -0.38452   -0.37631   -0.36985   -0.36881   -0.36078
  -0.35329   -0.30961   -0.30905   -0.30852   -0.30754   -0.30696   -0.30385   -0.30351
  -0.02464   -0.01607   -0.01547   -0.01135   -0.01037    0.01890    0.01930    0.02743
   0.02784    0.02796    0.03960    0.04642    0.04769    0.05523    0.06740    0.06857
   0.06877    0.07210    0.07267    0.07829    0.07928    0.09008    0.09074    0.09555
   0.10165    0.10176    0.10448    0.10494    0.11578    0.11586    0.11746    0.12110
   0.12346    0.12422    0.12480    0.12584    0.13381    0.13459    0.13882    0.13909
   0.13913    0.13947    0.13955    0.14006    0.15366    0.16260    0.16322    0.16636
   0.28873    0.29191    0.30030    0.32299    0.33668    0.33740    0.37687    0.38583
   0.38825    0.38838    0.39214    0.39395    0.39819    0.40046    0.41061    0.41098
   0.41565    0.42123    0.42222    0.42518    0.42789    0.42946    0.43118    0.45261
   0.45337    0.46475    0.46521
