 Fermi (or HOMO) energy (hartree) =   0.22132   Average Vxc (hartree)=  -0.38907
 Eigenvalues (hartree) for nkpt=   1  k points, SPIN UP:
 kpt#   1, nband=115, wtk=  1.00000, kpt=  0.0000  0.0000  0.0000 (reduced coord)
  -1.39343   -1.39305   -1.39283   -1.39279   -1.39268   -1.39256   -1.39255   -1.39250
  -1.22961   -1.05214   -1.04845   -1.04585   -0.48989   -0.48794   -0.47396   -0.46687
  -0.46678   -0.45938   -0.45598   -0.45247   -0.45176   -0.43750   -0.43740   -0.41213
  -0.40834   -0.40156   -0.39267   -0.38863   -0.38540   -0.38134   -0.37657   -0.36988
  -0.35309   -0.31252   -0.30951   -0.30868   -0.30814   -0.30743   -0.30472   -0.30376
  -0.02501   -0.01651   -0.01555   -0.01155   -0.01137    0.01836    0.01886    0.02664
   0.02723    0.02780    0.03937    0.04578    0.04661    0.05409    0.06646    0.06818
   0.06820    0.07122    0.07164    0.07796    0.07855    0.08932    0.08975    0.09505
   0.09944    0.10129    0.10438    0.10481    0.11546    0.11572    0.11730    0.12024
   0.12226    0.12267    0.12367    0.12585    0.13390    0.13398    0.13637    0.13881
   0.13893    0.13929    0.13940    0.13944    0.15278    0.16094    0.16239    0.16590
   0.21501    0.21510    0.21584    0.21620    0.21629    0.21707    0.22132    0.27969
   0.29058    0.29676    0.31772    0.32866    0.33819    0.37147    0.38107    0.38250
   0.38891    0.38911    0.39267    0.39910    0.39999    0.40291    0.40941    0.41092
   0.41921    0.42126    0.42187
 Eigenvalues (hartree) for nkpt=   1  k points, SPIN DOWN:
 kpt#   1, nband=115, wtk=  1.00000, kpt=  0.0000  0.0000  0.0000 (reduced coord)
  -1.39344   -1.39306   -1.39282   -1.39277   -1.39266   -1.39257   -1.39254   -1.39251
  -1.12242   -1.05213   -1.04827   -1.04583   -0.47275   -0.47217   -0.46734   -0.46683
  -0.45944   -0.45607   -0.45277   -0.45196   -0.41243   -0.41063   -0.40833   -0.40645
  -0.39264   -0.38860   -0.38725   -0.38448   -0.37639   -0.36986   -0.36880   -0.36072
  -0.35314   -0.30954   -0.30872   -0.30835   -0.30745   -0.30679   -0.30380   -0.30327
  -0.02472   -0.01579   -0.01537   -0.01129   -0.01022    0.01877    0.01929    0.02733
   0.02776    0.02800    0.03958    0.04638    0.04760    0.05518    0.06727    0.06842
   0.06864    0.07205    0.07261    0.07818    0.07908    0.08993    0.09061    0.09563
   0.10147    0.10163    0.10454    0.10488    0.11574    0.11581    0.11730    0.12103
   0.12370    0.12411    0.12473    0.12592    0.13386    0.13450    0.13893    0.13919
   0.13920    0.13948    0.13952    0.14031    0.15386    0.16260    0.16335    0.16643
   0.28875    0.29185    0.30045    0.32303    0.33663    0.33733    0.37685    0.38580
   0.38819    0.38839    0.39223    0.39433    0.39826    0.40059    0.41059    0.41107
   0.41571    0.42114    0.42219    0.42502    0.42788    0.42936    0.43094    0.45267
   0.45346    0.46480    0.46572
