
 **** DERIVATIVE DATABASE ****    
+DDB, Version number  20230401

  Note : temporary (transfer) database

    usepaw         1
     natom        36
      nkpt         1
    nsppol         2
      nsym         4
    ntypat         6
    occopt         2
     nband       115
     acell  0.10000000000000D+01  0.10000000000000D+01  0.10000000000000D+01
       amu  0.15196500000000D+03  0.87620000000000D+02  0.69410000000000D+01
            0.26981539000000D+02  0.14006740000000D+02  0.15999400000000D+02
   dilatmx  0.10500000000000D+01
      ecut  0.10000000000000D+02
 pawecutdg  0.20000000000000D+02
    ecutsm  0.50000000000000D+00
     intxc         0
      iscf        17
       ixc     -1012
       kpt  0.00000000000000D+00  0.00000000000000D+00  0.00000000000000D+00
    kptnrm  0.10000000000000D+01
     ngfft        48   48   36
    nspden         2
   nspinor         1
       occ  0.10000000000000D+01  0.10000000000000D+01  0.10000000000000D+01
            0.10000000000000D+01  0.10000000000000D+01  0.10000000000000D+01
            0.10000000000000D+01  0.10000000000000D+01  0.10000000000000D+01
            0.10000000000000D+01  0.10000000000000D+01  0.10000000000000D+01
            0.10000000000000D+01  0.10000000000000D+01  0.10000000000000D+01
            0.10000000000000D+01  0.10000000000000D+01  0.10000000000000D+01
            0.10000000000000D+01  0.10000000000000D+01  0.10000000000000D+01
            0.10000000000000D+01  0.10000000000000D+01  0.10000000000000D+01
            0.10000000000000D+01  0.10000000000000D+01  0.10000000000000D+01
            0.10000000000000D+01  0.10000000000000D+01  0.10000000000000D+01
            0.10000000000000D+01  0.10000000000000D+01  0.10000000000000D+01
            0.10000000000000D+01  0.10000000000000D+01  0.10000000000000D+01
            0.10000000000000D+01  0.10000000000000D+01  0.10000000000000D+01
            0.10000000000000D+01  0.10000000000000D+01  0.10000000000000D+01
            0.10000000000000D+01  0.10000000000000D+01  0.10000000000000D+01
            0.10000000000000D+01  0.10000000000000D+01  0.10000000000000D+01
            0.10000000000000D+01  0.10000000000000D+01  0.10000000000000D+01
            0.10000000000000D+01  0.10000000000000D+01  0.10000000000000D+01
            0.10000000000000D+01  0.10000000000000D+01  0.10000000000000D+01
            0.10000000000000D+01  0.10000000000000D+01  0.10000000000000D+01
            0.10000000000000D+01  0.10000000000000D+01  0.10000000000000D+01
            0.10000000000000D+01  0.10000000000000D+01  0.10000000000000D+01
            0.10000000000000D+01  0.10000000000000D+01  0.10000000000000D+01
            0.10000000000000D+01  0.10000000000000D+01  0.10000000000000D+01
            0.10000000000000D+01  0.10000000000000D+01  0.10000000000000D+01
            0.10000000000000D+01  0.10000000000000D+01  0.10000000000000D+01
            0.10000000000000D+01  0.10000000000000D+01  0.10000000000000D+01
            0.10000000000000D+01  0.10000000000000D+01  0.10000000000000D+01
            0.10000000000000D+01  0.10000000000000D+01  0.10000000000000D+01
            0.10000000000000D+01  0.10000000000000D+01  0.10000000000000D+01
            0.10000000000000D+01  0.10000000000000D+01  0.10000000000000D+01
            0.10000000000000D+01  0.10000000000000D+01  0.00000000000000D+00
            0.00000000000000D+00  0.00000000000000D+00  0.00000000000000D+00
            0.00000000000000D+00  0.00000000000000D+00  0.00000000000000D+00
            0.00000000000000D+00  0.00000000000000D+00  0.00000000000000D+00
            0.00000000000000D+00  0.00000000000000D+00  0.00000000000000D+00
            0.00000000000000D+00  0.00000000000000D+00  0.00000000000000D+00
            0.00000000000000D+00  0.00000000000000D+00  0.00000000000000D+00
            0.00000000000000D+00
     rprim  0.15040330225900D+02  0.00000000000000D+00  0.00000000000000D+00
            0.00000000000000D+00  0.15040330225900D+02  0.00000000000000D+00
            0.00000000000000D+00  0.00000000000000D+00  0.12033775961600D+02
  dfpt_sciss  0.00000000000000D+00
    spinat  0.00000000000000D+00  0.00000000000000D+00  0.70000000000000D+01
            0.00000000000000D+00  0.00000000000000D+00  0.00000000000000D+00
            0.00000000000000D+00  0.00000000000000D+00  0.00000000000000D+00
            0.00000000000000D+00  0.00000000000000D+00  0.00000000000000D+00
            0.00000000000000D+00  0.00000000000000D+00  0.00000000000000D+00
            0.00000000000000D+00  0.00000000000000D+00  0.00000000000000D+00
            0.00000000000000D+00  0.00000000000000D+00  0.00000000000000D+00
            0.00000000000000D+00  0.00000000000000D+00  0.00000000000000D+00
            0.00000000000000D+00  0.00000000000000D+00  0.00000000000000D+00
            0.00000000000000D+00  0.00000000000000D+00  0.00000000000000D+00
            0.00000000000000D+00  0.00000000000000D+00  0.00000000000000D+00
            0.00000000000000D+00  0.00000000000000D+00  0.00000000000000D+00
            0.00000000000000D+00  0.00000000000000D+00  0.00000000000000D+00
            0.00000000000000D+00  0.00000000000000D+00  0.00000000000000D+00
            0.00000000000000D+00  0.00000000000000D+00  0.00000000000000D+00
            0.00000000000000D+00  0.00000000000000D+00  0.00000000000000D+00
            0.00000000000000D+00  0.00000000000000D+00  0.00000000000000D+00
            0.00000000000000D+00  0.00000000000000D+00  0.00000000000000D+00
            0.00000000000000D+00  0.00000000000000D+00  0.00000000000000D+00
            0.00000000000000D+00  0.00000000000000D+00  0.00000000000000D+00
            0.00000000000000D+00  0.00000000000000D+00  0.00000000000000D+00
            0.00000000000000D+00  0.00000000000000D+00  0.00000000000000D+00
            0.00000000000000D+00  0.00000000000000D+00  0.00000000000000D+00
            0.00000000000000D+00  0.00000000000000D+00  0.00000000000000D+00
            0.00000000000000D+00  0.00000000000000D+00  0.00000000000000D+00
            0.00000000000000D+00  0.00000000000000D+00  0.00000000000000D+00
            0.00000000000000D+00  0.00000000000000D+00  0.00000000000000D+00
            0.00000000000000D+00  0.00000000000000D+00  0.00000000000000D+00
            0.00000000000000D+00  0.00000000000000D+00  0.00000000000000D+00
            0.00000000000000D+00  0.00000000000000D+00  0.00000000000000D+00
            0.00000000000000D+00  0.00000000000000D+00  0.00000000000000D+00
            0.00000000000000D+00  0.00000000000000D+00  0.00000000000000D+00
            0.00000000000000D+00  0.00000000000000D+00  0.00000000000000D+00
            0.00000000000000D+00  0.00000000000000D+00  0.00000000000000D+00
            0.00000000000000D+00  0.00000000000000D+00  0.00000000000000D+00
            0.00000000000000D+00  0.00000000000000D+00  0.00000000000000D+00
    symafm         1    1    1    1
    symrel         1    0    0    0    1    0    0    0    1
                  -1    0    0    0   -1    0    0    0   -1
                  -1    0    0    0   -1    0    0    0    1
                   1    0    0    0    1    0    0    0   -1
     tnons  0.00000000000000D+00  0.00000000000000D+00  0.00000000000000D+00
           -0.11102230246252D-15  0.00000000000000D+00  0.50000000000000D+00
           -0.11102230246252D-15  0.00000000000000D+00  0.00000000000000D+00
            0.00000000000000D+00  0.00000000000000D+00  0.50000000000000D+00
    tolwfr  0.10000000000000D+01
   tphysel  0.00000000000000D+00
    tsmear  0.10000000000000D-01
     typat         1    2    2    2    3    3    3    3    3    3    3    3
                   4    4    4    4    4    4    4    4    5    5    5    5
                   5    5    5    5    6    6    6    6    6    6    6    6
       wtk  0.10000000000000D+01
      xred  0.50000000000000D+00  0.00000000000000D+00  0.25000000000000D+00
            0.50000000000000D+00  0.00000000000000D+00  0.75000000000000D+00
           -0.55511151231258D-16  0.50000000000000D+00  0.11890596229116D-03
           -0.55511151231258D-16  0.50000000000000D+00  0.49988109403771D+00
            0.12744374713634D+00  0.82536213208425D+00  0.25000000000000D+00
            0.12704638641383D+00  0.82502282329215D+00  0.75000000000000D+00
            0.87255625286366D+00  0.17463786791575D+00  0.25000000000000D+00
            0.87295361358617D+00  0.17497717670785D+00  0.75000000000000D+00
            0.17499169844489D+00  0.12728967155381D+00  0.28739574229741D-03
            0.17499169844489D+00  0.12728967155381D+00  0.49971260425770D+00
            0.82500830155511D+00  0.87271032844619D+00  0.28739574229741D-03
            0.82500830155511D+00  0.87271032844619D+00  0.49971260425770D+00
            0.35173806673668D+00  0.68241995631179D+00  0.21289163616644D-03
            0.35173806673668D+00  0.68241995631179D+00  0.49978710836383D+00
            0.64826193326332D+00  0.31758004368821D+00  0.21289163616644D-03
            0.64826193326332D+00  0.31758004368821D+00  0.49978710836383D+00
            0.31780576684893D+00  0.35109081088510D+00  0.25000000000000D+00
            0.31777456064868D+00  0.35154217065726D+00  0.75000000000000D+00
            0.68219423315107D+00  0.64890918911490D+00  0.25000000000000D+00
            0.68222543935132D+00  0.64845782934274D+00  0.75000000000000D+00
            0.58430476541526D+00  0.73091011385024D+00 -0.71785638144695D-04
            0.58430476541526D+00  0.73091011385024D+00  0.50007178563814D+00
            0.41569523458474D+00  0.26908988614976D+00 -0.71785638144695D-04
            0.41569523458474D+00  0.26908988614976D+00  0.50007178563814D+00
            0.27019712623983D+00  0.58410218787377D+00  0.25000000000000D+00
            0.27041286444384D+00  0.58437089429453D+00  0.75000000000000D+00
            0.72980287376017D+00  0.41589781212623D+00  0.25000000000000D+00
            0.72958713555616D+00  0.41562910570547D+00  0.75000000000000D+00
            0.25250920031814D+00  0.88699605782816D+00 -0.82659187895449D-04
            0.25250920031814D+00  0.88699605782816D+00  0.50008265918790D+00
            0.74749079968186D+00  0.11300394217184D+00 -0.82659187895449D-04
            0.74749079968186D+00  0.11300394217184D+00  0.50008265918790D+00
            0.11279815011380D+00  0.25309031307670D+00  0.25000000000000D+00
            0.11273121594819D+00  0.25349138286300D+00  0.75000000000000D+00
            0.88720184988620D+00  0.74690968692330D+00  0.25000000000000D+00
            0.88726878405181D+00  0.74650861713700D+00  0.75000000000000D+00
     znucl  0.63000000000000D+02  0.38000000000000D+02  0.30000000000000D+01
            0.13000000000000D+02  0.70000000000000D+01  0.80000000000000D+01
      zion  0.17000000000000D+02  0.10000000000000D+02  0.30000000000000D+01
            0.30000000000000D+01  0.50000000000000D+01  0.60000000000000D+01
 
 No information on the potentials yet 
 
 **** Database of total energy derivatives ****
 Number of data blocks=    2
  
 1st derivatives              - # elements :         114
     1     1  0.00000000000000D+00  0.00000000000000D+00
     2     1  0.00000000000000D+00  0.00000000000000D+00
     3     1  0.00000000000000D+00  0.00000000000000D+00
     1     2  0.00000000000000D+00  0.00000000000000D+00
     2     2  0.00000000000000D+00  0.00000000000000D+00
     3     2  0.00000000000000D+00  0.00000000000000D+00
     1     3  0.00000000000000D+00  0.00000000000000D+00
     2     3  0.00000000000000D+00  0.00000000000000D+00
     3     3 -0.86676311419184D-04  0.00000000000000D+00
     1     4  0.00000000000000D+00  0.00000000000000D+00
     2     4 -0.50487097934145D-28  0.00000000000000D+00
     3     4  0.86676311419184D-04  0.00000000000000D+00
     1     5  0.52391508617842D-02  0.00000000000000D+00
     2     5  0.11355707144855D-02  0.00000000000000D+00
     3     5  0.00000000000000D+00  0.00000000000000D+00
     1     6  0.35901169015972D-02  0.00000000000000D+00
     2     6  0.94849579807898D-03  0.00000000000000D+00
     3     6  0.00000000000000D+00  0.00000000000000D+00
     1     7 -0.52391508617842D-02  0.00000000000000D+00
     2     7 -0.11355707144855D-02  0.00000000000000D+00
     3     7  0.00000000000000D+00  0.00000000000000D+00
     1     8 -0.35901169015972D-02  0.00000000000000D+00
     2     8 -0.94849579807898D-03  0.00000000000000D+00
     3     8  0.00000000000000D+00  0.00000000000000D+00
     1     9 -0.20498003935937D-04  0.00000000000000D+00
     2     9  0.48019957805410D-02  0.00000000000000D+00
     3     9  0.45560472955060D-03  0.00000000000000D+00
     1    10 -0.20498003935937D-04  0.00000000000000D+00
     2    10  0.48019957805410D-02  0.00000000000000D+00
     3    10 -0.45560472955060D-03  0.00000000000000D+00
     1    11  0.20498003935937D-04  0.00000000000000D+00
     2    11 -0.48019957805410D-02  0.00000000000000D+00
     3    11  0.45560472955060D-03  0.00000000000000D+00
     1    12  0.20498003935937D-04  0.00000000000000D+00
     2    12 -0.48019957805410D-02  0.00000000000000D+00
     3    12 -0.45560472955060D-03  0.00000000000000D+00
     1    13 -0.85703320683681D-02  0.00000000000000D+00
     2    13 -0.10327991931600D-01  0.00000000000000D+00
     3    13  0.12374422453350D-02  0.00000000000000D+00
     1    14 -0.85703320683681D-02  0.00000000000000D+00
     2    14 -0.10327991931600D-01  0.00000000000000D+00
     3    14 -0.12374422453350D-02  0.00000000000000D+00
     1    15  0.85703320683681D-02  0.00000000000000D+00
     2    15  0.10327991931600D-01  0.00000000000000D+00
     3    15  0.12374422453350D-02  0.00000000000000D+00
     1    16  0.85703320683681D-02  0.00000000000000D+00
     2    16  0.10327991931600D-01  0.00000000000000D+00
     3    16 -0.12374422453350D-02  0.00000000000000D+00
     1    17  0.86974809209959D-02  0.00000000000000D+00
     2    17 -0.12394719851799D-01  0.00000000000000D+00
     3    17  0.00000000000000D+00  0.00000000000000D+00
     1    18  0.86530190524754D-02  0.00000000000000D+00
     2    18 -0.11094300131501D-01  0.00000000000000D+00
     3    18  0.00000000000000D+00  0.00000000000000D+00
     1    19 -0.86974809209959D-02  0.00000000000000D+00
     2    19  0.12394719851799D-01  0.00000000000000D+00
     3    19  0.00000000000000D+00  0.00000000000000D+00
     1    20 -0.86530190524754D-02  0.00000000000000D+00
     2    20  0.11094300131501D-01  0.00000000000000D+00
     3    20  0.00000000000000D+00  0.00000000000000D+00
     1    21  0.10117410049713D-01  0.00000000000000D+00
     2    21 -0.13539796698000D-01  0.00000000000000D+00
     3    21 -0.19706947611805D-03  0.00000000000000D+00
     1    22  0.10117410049713D-01  0.00000000000000D+00
     2    22 -0.13539796698000D-01  0.00000000000000D+00
     3    22  0.19706947611805D-03  0.00000000000000D+00
     1    23 -0.10117410049713D-01  0.00000000000000D+00
     2    23  0.13539796698000D-01  0.00000000000000D+00
     3    23 -0.19706947611805D-03  0.00000000000000D+00
     1    24 -0.10117410049713D-01  0.00000000000000D+00
     2    24  0.13539796698000D-01  0.00000000000000D+00
     3    24  0.19706947611805D-03  0.00000000000000D+00
     1    25  0.13731981229810D-01  0.00000000000000D+00
     2    25  0.12425726053237D-01  0.00000000000000D+00
     3    25  0.00000000000000D+00  0.00000000000000D+00
     1    26  0.13657777855176D-01  0.00000000000000D+00
     2    26  0.88164137509192D-02  0.00000000000000D+00
     3    26  0.00000000000000D+00  0.00000000000000D+00
     1    27 -0.13731981229810D-01  0.00000000000000D+00
     2    27 -0.12425726053237D-01  0.00000000000000D+00
     3    27  0.00000000000000D+00  0.00000000000000D+00
     1    28 -0.13657777855176D-01  0.00000000000000D+00
     2    28 -0.88164137509192D-02  0.00000000000000D+00
     3    28  0.00000000000000D+00  0.00000000000000D+00
     1    29 -0.32118158119580D-02  0.00000000000000D+00
     2    29  0.87600442144517D-03  0.00000000000000D+00
     3    29  0.29893304829375D-03  0.00000000000000D+00
     1    30 -0.32118158119580D-02  0.00000000000000D+00
     2    30  0.87600442144517D-03  0.00000000000000D+00
     3    30 -0.29893304829375D-03  0.00000000000000D+00
     1    31  0.32118158119580D-02  0.00000000000000D+00
     2    31 -0.87600442144517D-03  0.00000000000000D+00
     3    31  0.29893304829375D-03  0.00000000000000D+00
     1    32  0.32118158119580D-02  0.00000000000000D+00
     2    32 -0.87600442144517D-03  0.00000000000000D+00
     3    32 -0.29893304829375D-03  0.00000000000000D+00
     1    33 -0.20429804649067D-02  0.00000000000000D+00
     2    33 -0.18185983743450D-02  0.00000000000000D+00
     3    33  0.00000000000000D+00  0.00000000000000D+00
     1    34 -0.28440952542870D-02  0.00000000000000D+00
     2    34 -0.62019289343800D-03  0.00000000000000D+00
     3    34  0.51698788284564D-25  0.00000000000000D+00
     1    35  0.20429804649067D-02  0.00000000000000D+00
     2    35  0.18185983743450D-02  0.00000000000000D+00
     3    35  0.00000000000000D+00  0.00000000000000D+00
     1    36  0.28440952542870D-02  0.00000000000000D+00
     2    36  0.62019289343800D-03  0.00000000000000D+00
     3    36 -0.51698788284564D-25  0.00000000000000D+00
     1    39  0.39234408259796D-03  0.00000000000000D+00
     2    39  0.39382261059839D-03  0.00000000000000D+00
     3    39 -0.26786536396155D-04  0.00000000000000D+00
     1    40  0.00000000000000D+00  0.00000000000000D+00
     2    40  0.00000000000000D+00  0.00000000000000D+00
     3    40 -0.93008703225629D-06  0.00000000000000D+00
  
 Total energy                 - # elements :           1
 -0.47521811324938D+03  0.00000000000000D+00
