 Fermi (or HOMO) energy (hartree) =   0.22154   Average Vxc (hartree)=  -0.38921
 Eigenvalues (hartree) for nkpt=   1  k points, SPIN UP:
 kpt#   1, nband=115, wtk=  1.00000, kpt=  0.0000  0.0000  0.0000 (reduced coord)
  -1.39402   -1.39359   -1.39306   -1.39302   -1.39297   -1.39292   -1.39287   -1.39276
  -1.22929   -1.05194   -1.04814   -1.04564   -0.49066   -0.48935   -0.47603   -0.46921
  -0.46734   -0.46256   -0.45929   -0.45572   -0.45511   -0.43970   -0.43843   -0.41231
  -0.40932   -0.40149   -0.39250   -0.38846   -0.38531   -0.38156   -0.37712   -0.36972
  -0.35521   -0.31451   -0.31142   -0.31112   -0.31051   -0.30978   -0.30700   -0.30599
  -0.02488   -0.01617   -0.01526   -0.01082   -0.01070    0.01839    0.01877    0.02786
   0.02838    0.02847    0.03839    0.04628    0.04711    0.05480    0.06539    0.07000
   0.07007    0.07066    0.07108    0.07893    0.07944    0.08994    0.09042    0.09857
   0.10080    0.10247    0.10367    0.10409    0.11570    0.11634    0.11638    0.12087
   0.12236    0.12301    0.12336    0.12652    0.13439    0.13440    0.13622    0.13894
   0.13940    0.13966    0.13988    0.14050    0.15124    0.15981    0.16137    0.16565
   0.21511    0.21516    0.21595    0.21626    0.21637    0.21717    0.22154    0.27984
   0.29002    0.29680    0.31763    0.32952    0.33909    0.37093    0.38097    0.38262
   0.38879    0.38985    0.39347    0.39876    0.39966    0.40282    0.40985    0.41091
   0.42000    0.42195    0.42245
 Eigenvalues (hartree) for nkpt=   1  k points, SPIN DOWN:
 kpt#   1, nband=115, wtk=  1.00000, kpt=  0.0000  0.0000  0.0000 (reduced coord)
  -1.39401   -1.39360   -1.39305   -1.39301   -1.39299   -1.39293   -1.39285   -1.39276
  -1.12210   -1.05192   -1.04796   -1.04562   -0.47530   -0.47483   -0.46965   -0.46921
  -0.46263   -0.45938   -0.45603   -0.45537   -0.41259   -0.41079   -0.40932   -0.40729
  -0.39247   -0.38844   -0.38701   -0.38430   -0.37695   -0.36970   -0.36909   -0.36047
  -0.35526   -0.31145   -0.31114   -0.31072   -0.30980   -0.30864   -0.30603   -0.30550
  -0.02458   -0.01545   -0.01508   -0.01061   -0.00948    0.01879    0.01922    0.02850
   0.02874    0.02889    0.03859    0.04687    0.04812    0.05590    0.06618    0.07026
   0.07051    0.07150    0.07205    0.07915    0.07996    0.09058    0.09128    0.09916
   0.10266    0.10303    0.10381    0.10416    0.11581    0.11645    0.11653    0.12166
   0.12376    0.12438    0.12448    0.12660    0.13426    0.13498    0.13799    0.13947
   0.13994    0.14005    0.14063    0.14098    0.15225    0.16155    0.16228    0.16618
   0.28888    0.29132    0.30049    0.32291    0.33763    0.33818    0.37612    0.38605
   0.38805    0.38825    0.39301    0.39505    0.39793    0.40031    0.41060    0.41094
   0.41613    0.42182    0.42278    0.42589    0.42761    0.42951    0.43098    0.45315
   0.45413    0.46529    0.46567
