 Fermi (or HOMO) energy (hartree) =   0.22138   Average Vxc (hartree)=  -0.38907
 Eigenvalues (hartree) for nkpt=   1  k points, SPIN UP:
 kpt#   1, nband=115, wtk=  1.00000, kpt=  0.0000  0.0000  0.0000 (reduced coord)
  -1.39335   -1.39287   -1.39278   -1.39274   -1.39272   -1.39265   -1.39256   -1.39252
  -1.22955   -1.05244   -1.04835   -1.04614   -0.48981   -0.48784   -0.47405   -0.46698
  -0.46683   -0.45936   -0.45600   -0.45234   -0.45188   -0.43740   -0.43731   -0.41227
  -0.40854   -0.40146   -0.39293   -0.38889   -0.38530   -0.38123   -0.37680   -0.37017
  -0.35310   -0.31246   -0.30970   -0.30867   -0.30806   -0.30748   -0.30466   -0.30388
  -0.02495   -0.01649   -0.01564   -0.01156   -0.01146    0.01848    0.01882    0.02670
   0.02723    0.02779    0.03940    0.04578    0.04663    0.05405    0.06651    0.06814
   0.06826    0.07119    0.07166    0.07802    0.07851    0.08932    0.08975    0.09498
   0.09955    0.10118    0.10435    0.10478    0.11547    0.11576    0.11729    0.12021
   0.12231    0.12277    0.12358    0.12588    0.13394    0.13403    0.13640    0.13875
   0.13895    0.13916    0.13938    0.13947    0.15274    0.16099    0.16242    0.16596
   0.21507    0.21516    0.21590    0.21627    0.21635    0.21712    0.22138    0.27975
   0.29056    0.29671    0.31758    0.32884    0.33811    0.37147    0.38110    0.38235
   0.38887    0.38931    0.39255    0.39914    0.40012    0.40282    0.40943    0.41077
   0.41929    0.42131    0.42182
 Eigenvalues (hartree) for nkpt=   1  k points, SPIN DOWN:
 kpt#   1, nband=115, wtk=  1.00000, kpt=  0.0000  0.0000  0.0000 (reduced coord)
  -1.39334   -1.39286   -1.39277   -1.39276   -1.39270   -1.39266   -1.39255   -1.39253
  -1.12236   -1.05242   -1.04817   -1.04613   -0.47263   -0.47231   -0.46722   -0.46698
  -0.45942   -0.45609   -0.45264   -0.45209   -0.41258   -0.41055   -0.40854   -0.40635
  -0.39290   -0.38887   -0.38717   -0.38439   -0.37663   -0.37016   -0.36871   -0.36064
  -0.35315   -0.30973   -0.30869   -0.30828   -0.30751   -0.30673   -0.30392   -0.30321
  -0.02466   -0.01578   -0.01545   -0.01139   -0.01023    0.01886    0.01928    0.02739
   0.02775    0.02798    0.03961    0.04637    0.04761    0.05513    0.06735    0.06839
   0.06871    0.07200    0.07264    0.07825    0.07904    0.08993    0.09061    0.09555
   0.10136    0.10173    0.10450    0.10484    0.11576    0.11585    0.11729    0.12099
   0.12375    0.12400    0.12484    0.12596    0.13390    0.13454    0.13900    0.13905
   0.13916    0.13943    0.13957    0.14032    0.15380    0.16262    0.16340    0.16650
   0.28874    0.29184    0.30044    0.32293    0.33680    0.33725    0.37679    0.38576
   0.38815    0.38842    0.39211    0.39447    0.39829    0.40074    0.41046    0.41096
   0.41565    0.42121    0.42214    0.42509    0.42768    0.42933    0.43122    0.45250
   0.45358    0.46460    0.46517
