
 **** DERIVATIVE DATABASE ****    
+DDB, Version number  20230401

  Note : temporary (transfer) database

    usepaw         1
     natom        36
      nkpt         1
    nsppol         2
      nsym         1
    ntypat         6
    occopt         2
     nband       115
     acell  0.10000000000000D+01  0.10000000000000D+01  0.10000000000000D+01
       amu  0.15196500000000D+03  0.87620000000000D+02  0.69410000000000D+01
            0.26981539000000D+02  0.14006740000000D+02  0.15999400000000D+02
   dilatmx  0.10000000000000D+01
      ecut  0.10000000000000D+02
 pawecutdg  0.20000000000000D+02
    ecutsm  0.00000000000000D+00
     intxc         0
      iscf        17
       ixc     -1012
       kpt  0.00000000000000D+00  0.00000000000000D+00  0.00000000000000D+00
    kptnrm  0.10000000000000D+01
     ngfft        45   45   36
    nspden         2
   nspinor         1
       occ  0.10000000000000D+01  0.10000000000000D+01  0.10000000000000D+01
            0.10000000000000D+01  0.10000000000000D+01  0.10000000000000D+01
            0.10000000000000D+01  0.10000000000000D+01  0.10000000000000D+01
            0.10000000000000D+01  0.10000000000000D+01  0.10000000000000D+01
            0.10000000000000D+01  0.10000000000000D+01  0.10000000000000D+01
            0.10000000000000D+01  0.10000000000000D+01  0.10000000000000D+01
            0.10000000000000D+01  0.10000000000000D+01  0.10000000000000D+01
            0.10000000000000D+01  0.10000000000000D+01  0.10000000000000D+01
            0.10000000000000D+01  0.10000000000000D+01  0.10000000000000D+01
            0.10000000000000D+01  0.10000000000000D+01  0.10000000000000D+01
            0.10000000000000D+01  0.10000000000000D+01  0.10000000000000D+01
            0.10000000000000D+01  0.10000000000000D+01  0.10000000000000D+01
            0.10000000000000D+01  0.10000000000000D+01  0.10000000000000D+01
            0.10000000000000D+01  0.10000000000000D+01  0.10000000000000D+01
            0.10000000000000D+01  0.10000000000000D+01  0.10000000000000D+01
            0.10000000000000D+01  0.10000000000000D+01  0.10000000000000D+01
            0.10000000000000D+01  0.10000000000000D+01  0.10000000000000D+01
            0.10000000000000D+01  0.10000000000000D+01  0.10000000000000D+01
            0.10000000000000D+01  0.10000000000000D+01  0.10000000000000D+01
            0.10000000000000D+01  0.10000000000000D+01  0.10000000000000D+01
            0.10000000000000D+01  0.10000000000000D+01  0.10000000000000D+01
            0.10000000000000D+01  0.10000000000000D+01  0.10000000000000D+01
            0.10000000000000D+01  0.10000000000000D+01  0.10000000000000D+01
            0.10000000000000D+01  0.10000000000000D+01  0.10000000000000D+01
            0.10000000000000D+01  0.10000000000000D+01  0.10000000000000D+01
            0.10000000000000D+01  0.10000000000000D+01  0.10000000000000D+01
            0.10000000000000D+01  0.10000000000000D+01  0.10000000000000D+01
            0.10000000000000D+01  0.10000000000000D+01  0.10000000000000D+01
            0.10000000000000D+01  0.10000000000000D+01  0.10000000000000D+01
            0.10000000000000D+01  0.10000000000000D+01  0.10000000000000D+01
            0.10000000000000D+01  0.10000000000000D+01  0.10000000000000D+01
            0.10000000000000D+01  0.10000000000000D+01  0.00000000000000D+00
            0.00000000000000D+00  0.00000000000000D+00  0.00000000000000D+00
            0.00000000000000D+00  0.00000000000000D+00  0.00000000000000D+00
            0.00000000000000D+00  0.00000000000000D+00  0.00000000000000D+00
            0.00000000000000D+00  0.00000000000000D+00  0.00000000000000D+00
            0.00000000000000D+00  0.00000000000000D+00  0.00000000000000D+00
            0.00000000000000D+00  0.00000000000000D+00  0.00000000000000D+00
            0.00000000000000D+00
     rprim  0.15040330225900D+02  0.00000000000000D+00  0.00000000000000D+00
            0.00000000000000D+00  0.15040330225900D+02  0.00000000000000D+00
            0.00000000000000D+00  0.00000000000000D+00  0.12033775961600D+02
  dfpt_sciss  0.00000000000000D+00
    spinat  0.00000000000000D+00  0.00000000000000D+00  0.00000000000000D+00
            0.00000000000000D+00  0.00000000000000D+00  0.00000000000000D+00
            0.00000000000000D+00  0.00000000000000D+00  0.00000000000000D+00
            0.00000000000000D+00  0.00000000000000D+00  0.00000000000000D+00
            0.00000000000000D+00  0.00000000000000D+00  0.00000000000000D+00
            0.00000000000000D+00  0.00000000000000D+00  0.00000000000000D+00
            0.00000000000000D+00  0.00000000000000D+00  0.00000000000000D+00
            0.00000000000000D+00  0.00000000000000D+00  0.00000000000000D+00
            0.00000000000000D+00  0.00000000000000D+00  0.00000000000000D+00
            0.00000000000000D+00  0.00000000000000D+00  0.00000000000000D+00
            0.00000000000000D+00  0.00000000000000D+00  0.00000000000000D+00
            0.00000000000000D+00  0.00000000000000D+00  0.00000000000000D+00
            0.00000000000000D+00  0.00000000000000D+00  0.00000000000000D+00
            0.00000000000000D+00  0.00000000000000D+00  0.00000000000000D+00
            0.00000000000000D+00  0.00000000000000D+00  0.00000000000000D+00
            0.00000000000000D+00  0.00000000000000D+00  0.00000000000000D+00
            0.00000000000000D+00  0.00000000000000D+00  0.00000000000000D+00
            0.00000000000000D+00  0.00000000000000D+00  0.00000000000000D+00
            0.00000000000000D+00  0.00000000000000D+00  0.00000000000000D+00
            0.00000000000000D+00  0.00000000000000D+00  0.00000000000000D+00
            0.00000000000000D+00  0.00000000000000D+00  0.00000000000000D+00
            0.00000000000000D+00  0.00000000000000D+00  0.00000000000000D+00
            0.00000000000000D+00  0.00000000000000D+00  0.00000000000000D+00
            0.00000000000000D+00  0.00000000000000D+00  0.00000000000000D+00
            0.00000000000000D+00  0.00000000000000D+00  0.00000000000000D+00
            0.00000000000000D+00  0.00000000000000D+00  0.00000000000000D+00
            0.00000000000000D+00  0.00000000000000D+00  0.00000000000000D+00
            0.00000000000000D+00  0.00000000000000D+00  0.00000000000000D+00
            0.00000000000000D+00  0.00000000000000D+00  0.00000000000000D+00
            0.00000000000000D+00  0.00000000000000D+00  0.00000000000000D+00
            0.00000000000000D+00  0.00000000000000D+00  0.00000000000000D+00
            0.00000000000000D+00  0.00000000000000D+00  0.00000000000000D+00
            0.00000000000000D+00  0.00000000000000D+00  0.00000000000000D+00
            0.00000000000000D+00  0.00000000000000D+00  0.00000000000000D+00
            0.00000000000000D+00  0.00000000000000D+00  0.00000000000000D+00
            0.00000000000000D+00  0.00000000000000D+00  0.00000000000000D+00
    symafm         1
    symrel         1    0    0    0    1    0    0    0    1
     tnons  0.00000000000000D+00  0.00000000000000D+00  0.00000000000000D+00
    tolwfr  0.10000000000000D+01
   tphysel  0.00000000000000D+00
    tsmear  0.10000000000000D-01
     typat         1    2    2    2    3    3    3    3    3    3    3    3
                   4    4    4    4    4    4    4    4    5    5    5    5
                   5    5    5    5    6    6    6    6    6    6    6    6
       wtk  0.10000000000000D+01
      xred  0.50000000000000D+00  0.00000000000000D+00  0.25000000000000D+00
            0.50000000000000D+00  0.00000000000000D+00  0.75000000000000D+00
            0.10000000000000D+01  0.50000000000000D+00  0.11890596229000D-03
            0.10000000000000D+01  0.50000000000000D+00  0.49988109400000D+00
            0.12744374710000D+00  0.82536213210000D+00  0.25000000000000D+00
            0.12704638640000D+00  0.82502282330000D+00  0.75000000000000D+00
            0.87255625290000D+00  0.17463786790000D+00  0.25000000000000D+00
            0.87295361360000D+00  0.17497717670000D+00  0.75000000000000D+00
            0.17499169840000D+00  0.12728967160000D+00  0.28739574230000D-03
            0.17499169840000D+00  0.12728967160000D+00  0.49971260430000D+00
            0.82500830160000D+00  0.87271032840000D+00  0.28739574230000D-03
            0.82500830160000D+00  0.87271032840000D+00  0.49971260430000D+00
            0.35173806670000D+00  0.68241995630000D+00  0.21289163617000D-03
            0.35173806670000D+00  0.68241995630000D+00  0.49978710840000D+00
            0.64826193330000D+00  0.31758004370000D+00  0.21289163617000D-03
            0.64826193330000D+00  0.31758004370000D+00  0.49978710840000D+00
            0.31780576680000D+00  0.35109081090000D+00  0.25000000000000D+00
            0.31777456060000D+00  0.35154217070000D+00  0.75000000000000D+00
            0.68219423320000D+00  0.64890918910000D+00  0.25000000000000D+00
            0.68222543940000D+00  0.64845782930000D+00  0.75000000000000D+00
            0.58430476540000D+00  0.73091011390000D+00  0.99992821440000D+00
            0.58430476540000D+00  0.73091011390000D+00  0.50007178560000D+00
            0.41569523460000D+00  0.26908988610000D+00  0.99992821440000D+00
            0.41569523460000D+00  0.26908988610000D+00  0.50007178560000D+00
            0.27117819240000D+00  0.58410218790000D+00  0.25098106610000D+00
            0.27041286440000D+00  0.58437089430000D+00  0.75000000000000D+00
            0.72980287380000D+00  0.41589781210000D+00  0.25000000000000D+00
            0.72958713560000D+00  0.41562910570000D+00  0.75000000000000D+00
            0.25250920030000D+00  0.88699605780000D+00  0.99991734080000D+00
            0.25250920030000D+00  0.88699605780000D+00  0.50008265920000D+00
            0.74749079970000D+00  0.11300394220000D+00  0.99991734080000D+00
            0.74749079970000D+00  0.11300394220000D+00  0.50008265920000D+00
            0.11279815010000D+00  0.25309031310000D+00  0.25000000000000D+00
            0.11273121590000D+00  0.25349138290000D+00  0.75000000000000D+00
            0.88720184990000D+00  0.74690968690000D+00  0.25000000000000D+00
            0.88726878410000D+00  0.74650861710000D+00  0.75000000000000D+00
     znucl  0.63000000000000D+02  0.38000000000000D+02  0.30000000000000D+01
            0.13000000000000D+02  0.70000000000000D+01  0.80000000000000D+01
      zion  0.17000000000000D+02  0.10000000000000D+02  0.30000000000000D+01
            0.30000000000000D+01  0.50000000000000D+01  0.60000000000000D+01
 
 No information on the potentials yet 
 
 **** Database of total energy derivatives ****
 Number of data blocks=    2
  
 1st derivatives              - # elements :         114
     1     1 -0.16881979533619D-03  0.00000000000000D+00
     2     1  0.42511184322683D-03  0.00000000000000D+00
     3     1 -0.56493105008034D-03  0.00000000000000D+00
     1     2 -0.16710139520274D-03  0.00000000000000D+00
     2     2  0.25982926786555D-03  0.00000000000000D+00
     3     2  0.61643138219882D-03  0.00000000000000D+00
     1     3  0.92840584450140D-03  0.00000000000000D+00
     2     3  0.32490312944280D-03  0.00000000000000D+00
     3     3  0.41779210992548D-03  0.00000000000000D+00
     1     4  0.50646148655352D-03  0.00000000000000D+00
     2     4  0.15263661195290D-03  0.00000000000000D+00
     3     4 -0.10403156867536D-02  0.00000000000000D+00
     1     5  0.25759912506305D-02  0.00000000000000D+00
     2     5  0.29903469416942D-02  0.00000000000000D+00
     3     5 -0.92308824701770D-03  0.00000000000000D+00
     1     6  0.22348432901316D-02  0.00000000000000D+00
     2     6  0.38106622918258D-02  0.00000000000000D+00
     3     6  0.34957381141993D-03  0.00000000000000D+00
     1     7 -0.28283642679251D-02  0.00000000000000D+00
     2     7 -0.38578608545611D-02  0.00000000000000D+00
     3     7 -0.57053084601371D-04  0.00000000000000D+00
     1     8 -0.20573191769553D-02  0.00000000000000D+00
     2     8 -0.37264429581911D-02  0.00000000000000D+00
     3     8  0.73343815006657D-04  0.00000000000000D+00
     1     9 -0.23253224127663D-02  0.00000000000000D+00
     2     9  0.34981914857492D-02  0.00000000000000D+00
     3     9  0.10217491644445D-02  0.00000000000000D+00
     1    10 -0.26950968948821D-02  0.00000000000000D+00
     2    10  0.37815808009971D-02  0.00000000000000D+00
     3    10 -0.10286125503644D-02  0.00000000000000D+00
     1    11  0.25357963237943D-02  0.00000000000000D+00
     2    11 -0.37064193817960D-02  0.00000000000000D+00
     3    11  0.10669497295263D-02  0.00000000000000D+00
     1    12  0.27466943436770D-02  0.00000000000000D+00
     2    12 -0.35950590912011D-02  0.00000000000000D+00
     3    12 -0.11156806521561D-02  0.00000000000000D+00
     1    13 -0.10931485623172D-01  0.00000000000000D+00
     2    13 -0.55119798046240D-02  0.00000000000000D+00
     3    13 -0.47192356115835D-02  0.00000000000000D+00
     1    14 -0.17021859354361D-01  0.00000000000000D+00
     2    14 -0.13742555593668D-01  0.00000000000000D+00
     3    14 -0.12730945267624D-01  0.00000000000000D+00
     1    15  0.75028837787343D-02  0.00000000000000D+00
     2    15  0.73340994642097D-02  0.00000000000000D+00
     3    15  0.88326403039955D-03  0.00000000000000D+00
     1    16  0.87504516466907D-02  0.00000000000000D+00
     2    16  0.77238054021118D-02  0.00000000000000D+00
     3    16 -0.95698035329628D-03  0.00000000000000D+00
     1    17  0.23434973451613D-03  0.00000000000000D+00
     2    17 -0.93609241987954D-02  0.00000000000000D+00
     3    17 -0.35880788810137D-02  0.00000000000000D+00
     1    18  0.54446036462097D-02  0.00000000000000D+00
     2    18 -0.95983454331731D-02  0.00000000000000D+00
     3    18  0.11207861647501D-02  0.00000000000000D+00
     1    19 -0.23737613280190D-02  0.00000000000000D+00
     2    19  0.12189257192160D-01  0.00000000000000D+00
     3    19 -0.71209726028282D-03  0.00000000000000D+00
     1    20 -0.55399948197049D-02  0.00000000000000D+00
     2    20  0.87079546513155D-02  0.00000000000000D+00
     3    20  0.82302415159118D-03  0.00000000000000D+00
     1    21  0.62389552660768D-02  0.00000000000000D+00
     2    21  0.37046376337137D-02  0.00000000000000D+00
     3    21 -0.12778815189118D-02  0.00000000000000D+00
     1    22  0.37144219215369D-02  0.00000000000000D+00
     2    22  0.21457440808788D-02  0.00000000000000D+00
     3    22  0.13109847623719D-03  0.00000000000000D+00
     1    23 -0.47967132710107D-02  0.00000000000000D+00
     2    23 -0.45879163362493D-02  0.00000000000000D+00
     3    23 -0.21288931759009D-02  0.00000000000000D+00
     1    24 -0.70540984351163D-02  0.00000000000000D+00
     2    24 -0.13056100511153D-02  0.00000000000000D+00
     3    24  0.94519606631399D-03  0.00000000000000D+00
     1    25  0.14024188891704D-01  0.00000000000000D+00
     2    25  0.99514883459399D-02  0.00000000000000D+00
     3    25  0.28938473482362D-01  0.00000000000000D+00
     1    26 -0.24966775267749D-02  0.00000000000000D+00
     2    26  0.50448633337777D-02  0.00000000000000D+00
     3    26 -0.55341922330788D-02  0.00000000000000D+00
     1    27  0.17537803646242D-02  0.00000000000000D+00
     2    27 -0.95636851569203D-02  0.00000000000000D+00
     3    27  0.38919727660077D-03  0.00000000000000D+00
     1    28  0.38875191016838D-02  0.00000000000000D+00
     2    28 -0.49311486238650D-02  0.00000000000000D+00
     3    28 -0.59683727479115D-03  0.00000000000000D+00
     1    29 -0.33881262497895D-02  0.00000000000000D+00
     2    29 -0.23230066199981D-01  0.00000000000000D+00
     3    29 -0.85707030630531D-03  0.00000000000000D+00
     1    30 -0.39011308377141D-02  0.00000000000000D+00
     2    30 -0.25375767466954D-01  0.00000000000000D+00
     3    30  0.28952724865877D-03  0.00000000000000D+00
     1    31  0.47697028766583D-02  0.00000000000000D+00
     2    31  0.24860557803975D-01  0.00000000000000D+00
     3    31 -0.31780665573979D-03  0.00000000000000D+00
     1    32  0.43373610360082D-02  0.00000000000000D+00
     2    32  0.24797834405069D-01  0.00000000000000D+00
     3    32  0.33836172107172D-03  0.00000000000000D+00
     1    33  0.21843253909494D-01  0.00000000000000D+00
     2    33 -0.12755904785422D-01  0.00000000000000D+00
     3    33  0.65517445697382D-03  0.00000000000000D+00
     1    34  0.21106247332105D-01  0.00000000000000D+00
     2    34 -0.87325566634129D-02  0.00000000000000D+00
     3    34 -0.32138611321612D-03  0.00000000000000D+00
     1    35 -0.25461155904769D-01  0.00000000000000D+00
     2    35  0.11845567621199D-01  0.00000000000000D+00
     3    35  0.50248293855831D-03  0.00000000000000D+00
     1    36 -0.21620821990211D-01  0.00000000000000D+00
     2    36  0.91803835424138D-02  0.00000000000000D+00
     3    36 -0.50415594488905D-03  0.00000000000000D+00
     1    39  0.26501126661891D-02  0.00000000000000D+00
     2    39  0.26524214192979D-02  0.00000000000000D+00
     3    39  0.24350207823236D-02  0.00000000000000D+00
     1    40 -0.79443517278278D-06  0.00000000000000D+00
     2    40 -0.87292726090287D-06  0.00000000000000D+00
     3    40 -0.17609047987375D-05  0.00000000000000D+00
  
 Total energy                 - # elements :           1
 -0.47548224407394D+03  0.00000000000000D+00
