
 **** DERIVATIVE DATABASE ****    
+DDB, Version number  20230401

  Note : temporary (transfer) database

    usepaw         1
     natom        36
      nkpt         1
    nsppol         2
      nsym         1
    ntypat         6
    occopt         2
     nband       115
     acell  0.10000000000000D+01  0.10000000000000D+01  0.10000000000000D+01
       amu  0.15196500000000D+03  0.87620000000000D+02  0.69410000000000D+01
            0.26981539000000D+02  0.14006740000000D+02  0.15999400000000D+02
   dilatmx  0.10000000000000D+01
      ecut  0.10000000000000D+02
 pawecutdg  0.20000000000000D+02
    ecutsm  0.00000000000000D+00
     intxc         0
      iscf        17
       ixc     -1012
       kpt  0.00000000000000D+00  0.00000000000000D+00  0.00000000000000D+00
    kptnrm  0.10000000000000D+01
     ngfft        45   45   36
    nspden         2
   nspinor         1
       occ  0.10000000000000D+01  0.10000000000000D+01  0.10000000000000D+01
            0.10000000000000D+01  0.10000000000000D+01  0.10000000000000D+01
            0.10000000000000D+01  0.10000000000000D+01  0.10000000000000D+01
            0.10000000000000D+01  0.10000000000000D+01  0.10000000000000D+01
            0.10000000000000D+01  0.10000000000000D+01  0.10000000000000D+01
            0.10000000000000D+01  0.10000000000000D+01  0.10000000000000D+01
            0.10000000000000D+01  0.10000000000000D+01  0.10000000000000D+01
            0.10000000000000D+01  0.10000000000000D+01  0.10000000000000D+01
            0.10000000000000D+01  0.10000000000000D+01  0.10000000000000D+01
            0.10000000000000D+01  0.10000000000000D+01  0.10000000000000D+01
            0.10000000000000D+01  0.10000000000000D+01  0.10000000000000D+01
            0.10000000000000D+01  0.10000000000000D+01  0.10000000000000D+01
            0.10000000000000D+01  0.10000000000000D+01  0.10000000000000D+01
            0.10000000000000D+01  0.10000000000000D+01  0.10000000000000D+01
            0.10000000000000D+01  0.10000000000000D+01  0.10000000000000D+01
            0.10000000000000D+01  0.10000000000000D+01  0.10000000000000D+01
            0.10000000000000D+01  0.10000000000000D+01  0.10000000000000D+01
            0.10000000000000D+01  0.10000000000000D+01  0.10000000000000D+01
            0.10000000000000D+01  0.10000000000000D+01  0.10000000000000D+01
            0.10000000000000D+01  0.10000000000000D+01  0.10000000000000D+01
            0.10000000000000D+01  0.10000000000000D+01  0.10000000000000D+01
            0.10000000000000D+01  0.10000000000000D+01  0.10000000000000D+01
            0.10000000000000D+01  0.10000000000000D+01  0.10000000000000D+01
            0.10000000000000D+01  0.10000000000000D+01  0.10000000000000D+01
            0.10000000000000D+01  0.10000000000000D+01  0.10000000000000D+01
            0.10000000000000D+01  0.10000000000000D+01  0.10000000000000D+01
            0.10000000000000D+01  0.10000000000000D+01  0.10000000000000D+01
            0.10000000000000D+01  0.10000000000000D+01  0.10000000000000D+01
            0.10000000000000D+01  0.10000000000000D+01  0.10000000000000D+01
            0.10000000000000D+01  0.10000000000000D+01  0.10000000000000D+01
            0.10000000000000D+01  0.10000000000000D+01  0.10000000000000D+01
            0.10000000000000D+01  0.10000000000000D+01  0.00000000000000D+00
            0.00000000000000D+00  0.00000000000000D+00  0.00000000000000D+00
            0.00000000000000D+00  0.00000000000000D+00  0.00000000000000D+00
            0.00000000000000D+00  0.00000000000000D+00  0.00000000000000D+00
            0.00000000000000D+00  0.00000000000000D+00  0.00000000000000D+00
            0.00000000000000D+00  0.00000000000000D+00  0.00000000000000D+00
            0.00000000000000D+00  0.00000000000000D+00  0.00000000000000D+00
            0.00000000000000D+00
     rprim  0.15040330225900D+02  0.00000000000000D+00  0.00000000000000D+00
            0.00000000000000D+00  0.15040330225900D+02  0.00000000000000D+00
            0.00000000000000D+00  0.00000000000000D+00  0.12033775961600D+02
  dfpt_sciss  0.00000000000000D+00
    spinat  0.00000000000000D+00  0.00000000000000D+00  0.00000000000000D+00
            0.00000000000000D+00  0.00000000000000D+00  0.00000000000000D+00
            0.00000000000000D+00  0.00000000000000D+00  0.00000000000000D+00
            0.00000000000000D+00  0.00000000000000D+00  0.00000000000000D+00
            0.00000000000000D+00  0.00000000000000D+00  0.00000000000000D+00
            0.00000000000000D+00  0.00000000000000D+00  0.00000000000000D+00
            0.00000000000000D+00  0.00000000000000D+00  0.00000000000000D+00
            0.00000000000000D+00  0.00000000000000D+00  0.00000000000000D+00
            0.00000000000000D+00  0.00000000000000D+00  0.00000000000000D+00
            0.00000000000000D+00  0.00000000000000D+00  0.00000000000000D+00
            0.00000000000000D+00  0.00000000000000D+00  0.00000000000000D+00
            0.00000000000000D+00  0.00000000000000D+00  0.00000000000000D+00
            0.00000000000000D+00  0.00000000000000D+00  0.00000000000000D+00
            0.00000000000000D+00  0.00000000000000D+00  0.00000000000000D+00
            0.00000000000000D+00  0.00000000000000D+00  0.00000000000000D+00
            0.00000000000000D+00  0.00000000000000D+00  0.00000000000000D+00
            0.00000000000000D+00  0.00000000000000D+00  0.00000000000000D+00
            0.00000000000000D+00  0.00000000000000D+00  0.00000000000000D+00
            0.00000000000000D+00  0.00000000000000D+00  0.00000000000000D+00
            0.00000000000000D+00  0.00000000000000D+00  0.00000000000000D+00
            0.00000000000000D+00  0.00000000000000D+00  0.00000000000000D+00
            0.00000000000000D+00  0.00000000000000D+00  0.00000000000000D+00
            0.00000000000000D+00  0.00000000000000D+00  0.00000000000000D+00
            0.00000000000000D+00  0.00000000000000D+00  0.00000000000000D+00
            0.00000000000000D+00  0.00000000000000D+00  0.00000000000000D+00
            0.00000000000000D+00  0.00000000000000D+00  0.00000000000000D+00
            0.00000000000000D+00  0.00000000000000D+00  0.00000000000000D+00
            0.00000000000000D+00  0.00000000000000D+00  0.00000000000000D+00
            0.00000000000000D+00  0.00000000000000D+00  0.00000000000000D+00
            0.00000000000000D+00  0.00000000000000D+00  0.00000000000000D+00
            0.00000000000000D+00  0.00000000000000D+00  0.00000000000000D+00
            0.00000000000000D+00  0.00000000000000D+00  0.00000000000000D+00
            0.00000000000000D+00  0.00000000000000D+00  0.00000000000000D+00
            0.00000000000000D+00  0.00000000000000D+00  0.00000000000000D+00
            0.00000000000000D+00  0.00000000000000D+00  0.00000000000000D+00
            0.00000000000000D+00  0.00000000000000D+00  0.00000000000000D+00
    symafm         1
    symrel         1    0    0    0    1    0    0    0    1
     tnons  0.00000000000000D+00  0.00000000000000D+00  0.00000000000000D+00
    tolwfr  0.10000000000000D+01
   tphysel  0.00000000000000D+00
    tsmear  0.10000000000000D-01
     typat         1    2    2    2    3    3    3    3    3    3    3    3
                   4    4    4    4    4    4    4    4    5    5    5    5
                   5    5    5    5    6    6    6    6    6    6    6    6
       wtk  0.10000000000000D+01
      xred  0.50000000000000D+00  0.00000000000000D+00  0.25000000000000D+00
            0.50000000000000D+00  0.00000000000000D+00  0.75000000000000D+00
            0.10000000000000D+01  0.50000000000000D+00  0.11890596229000D-03
            0.10000000000000D+01  0.50000000000000D+00  0.49988109400000D+00
            0.12744374710000D+00  0.82536213210000D+00  0.25000000000000D+00
            0.12704638640000D+00  0.82502282330000D+00  0.75000000000000D+00
            0.87255625290000D+00  0.17463786790000D+00  0.25000000000000D+00
            0.87295361360000D+00  0.17497717670000D+00  0.75000000000000D+00
            0.17499169840000D+00  0.12728967160000D+00  0.28739574230000D-03
            0.17499169840000D+00  0.12728967160000D+00  0.49971260430000D+00
            0.82500830160000D+00  0.87271032840000D+00  0.28739574230000D-03
            0.82500830160000D+00  0.87271032840000D+00  0.49971260430000D+00
            0.35173806670000D+00  0.68116351710000D+00  0.21289163617000D-03
            0.35173806670000D+00  0.68241995630000D+00  0.49978710840000D+00
            0.64826193330000D+00  0.31758004370000D+00  0.21289163617000D-03
            0.64826193330000D+00  0.31758004370000D+00  0.49978710840000D+00
            0.31780576680000D+00  0.35109081090000D+00  0.25000000000000D+00
            0.31777456060000D+00  0.35154217070000D+00  0.75000000000000D+00
            0.68219423320000D+00  0.64890918910000D+00  0.25000000000000D+00
            0.68222543940000D+00  0.64845782930000D+00  0.75000000000000D+00
            0.58430476540000D+00  0.73091011390000D+00  0.99992821440000D+00
            0.58430476540000D+00  0.73091011390000D+00  0.50007178560000D+00
            0.41569523460000D+00  0.26908988610000D+00  0.99992821440000D+00
            0.41569523460000D+00  0.26908988610000D+00  0.50007178560000D+00
            0.27019712620000D+00  0.58410218790000D+00  0.25000000000000D+00
            0.27041286440000D+00  0.58437089430000D+00  0.75000000000000D+00
            0.72980287380000D+00  0.41589781210000D+00  0.25000000000000D+00
            0.72958713560000D+00  0.41562910570000D+00  0.75000000000000D+00
            0.25250920030000D+00  0.88699605780000D+00  0.99991734080000D+00
            0.25250920030000D+00  0.88699605780000D+00  0.50008265920000D+00
            0.74749079970000D+00  0.11300394220000D+00  0.99991734080000D+00
            0.74749079970000D+00  0.11300394220000D+00  0.50008265920000D+00
            0.11279815010000D+00  0.25309031310000D+00  0.25000000000000D+00
            0.11273121590000D+00  0.25349138290000D+00  0.75000000000000D+00
            0.88720184990000D+00  0.74690968690000D+00  0.25000000000000D+00
            0.88726878410000D+00  0.74650861710000D+00  0.75000000000000D+00
     znucl  0.63000000000000D+02  0.38000000000000D+02  0.30000000000000D+01
            0.13000000000000D+02  0.70000000000000D+01  0.80000000000000D+01
      zion  0.17000000000000D+02  0.10000000000000D+02  0.30000000000000D+01
            0.30000000000000D+01  0.50000000000000D+01  0.60000000000000D+01
 
 No information on the potentials yet 
 
 **** Database of total energy derivatives ****
 Number of data blocks=    2
  
 1st derivatives              - # elements :         114
     1     1  0.33385066190262D-02  0.00000000000000D+00
     2     1  0.42643515072888D-02  0.00000000000000D+00
     3     1  0.25084622838676D-02  0.00000000000000D+00
     1     2  0.30339088476550D-02  0.00000000000000D+00
     2     2  0.40469907794947D-02  0.00000000000000D+00
     3     2 -0.23218334640034D-02  0.00000000000000D+00
     1     3  0.41327061109923D-02  0.00000000000000D+00
     2     3  0.23842603664502D-03  0.00000000000000D+00
     3     3  0.41576640175308D-03  0.00000000000000D+00
     1     4  0.13317643970102D-02  0.00000000000000D+00
     2     4  0.33183090674336D-03  0.00000000000000D+00
     3     4 -0.41663279581449D-03  0.00000000000000D+00
     1     5  0.13597132991224D-02  0.00000000000000D+00
     2     5  0.27494084631763D-02  0.00000000000000D+00
     3     5  0.21462282459825D-02  0.00000000000000D+00
     1     6  0.28779901057172D-03  0.00000000000000D+00
     2     6  0.28163766940073D-02  0.00000000000000D+00
     3     6 -0.21391142790430D-02  0.00000000000000D+00
     1     7 -0.32772128480776D-02  0.00000000000000D+00
     2     7 -0.34578700623875D-02  0.00000000000000D+00
     3     7  0.36410209339517D-05  0.00000000000000D+00
     1     8 -0.22357208008233D-02  0.00000000000000D+00
     2     8 -0.35460690461743D-02  0.00000000000000D+00
     3     8 -0.62472387493837D-05  0.00000000000000D+00
     1     9 -0.21383073032881D-02  0.00000000000000D+00
     2     9  0.58058135911386D-02  0.00000000000000D+00
     3     9  0.82738731128912D-03  0.00000000000000D+00
     1    10 -0.21687399308619D-02  0.00000000000000D+00
     2    10  0.40405849654266D-02  0.00000000000000D+00
     3    10 -0.82312636326404D-03  0.00000000000000D+00
     1    11  0.15493414625741D-02  0.00000000000000D+00
     2    11 -0.34989094673015D-02  0.00000000000000D+00
     3    11  0.81800710858777D-03  0.00000000000000D+00
     1    12  0.20646575651029D-02  0.00000000000000D+00
     2    12 -0.37447971006105D-02  0.00000000000000D+00
     3    12 -0.81329944497935D-03  0.00000000000000D+00
     1    13 -0.11723547142702D-01  0.00000000000000D+00
     2    13 -0.64478378615741D-01  0.00000000000000D+00
     3    13  0.14778701225900D-02  0.00000000000000D+00
     1    14 -0.93274189695541D-02  0.00000000000000D+00
     2    14 -0.10968616450666D-01  0.00000000000000D+00
     3    14 -0.13098760344581D-02  0.00000000000000D+00
     1    15  0.61100669542595D-02  0.00000000000000D+00
     2    15  0.80303955261603D-02  0.00000000000000D+00
     3    15  0.12359125877911D-02  0.00000000000000D+00
     1    16  0.72395151609893D-02  0.00000000000000D+00
     2    16  0.83691462236779D-02  0.00000000000000D+00
     3    16 -0.12275616535566D-02  0.00000000000000D+00
     1    17  0.65817594601138D-02  0.00000000000000D+00
     2    17 -0.73130973582933D-02  0.00000000000000D+00
     3    17 -0.25341494882488D-02  0.00000000000000D+00
     1    18  0.72669479629809D-02  0.00000000000000D+00
     2    18 -0.59374119085773D-02  0.00000000000000D+00
     3    18  0.25416771855827D-02  0.00000000000000D+00
     1    19 -0.67011955840874D-02  0.00000000000000D+00
     2    19  0.10812341847838D-01  0.00000000000000D+00
     3    19  0.77493990434351D-03  0.00000000000000D+00
     1    20 -0.73147369102667D-02  0.00000000000000D+00
     2    20  0.93726217599832D-02  0.00000000000000D+00
     3    20 -0.77668013956044D-03  0.00000000000000D+00
     1    21  0.92085745759528D-02  0.00000000000000D+00
     2    21  0.10621738812733D-01  0.00000000000000D+00
     3    21 -0.23756062381834D-02  0.00000000000000D+00
     1    22  0.74787341557678D-02  0.00000000000000D+00
     2    22  0.48593604013216D-02  0.00000000000000D+00
     3    22  0.23107387158728D-02  0.00000000000000D+00
     1    23 -0.61462262522564D-02  0.00000000000000D+00
     2    23 -0.79874853920027D-02  0.00000000000000D+00
     3    23 -0.22710825183075D-02  0.00000000000000D+00
     1    24 -0.62628036177177D-02  0.00000000000000D+00
     2    24 -0.48160870308064D-02  0.00000000000000D+00
     3    24  0.22444096821407D-02  0.00000000000000D+00
     1    25 -0.46092960951321D-03  0.00000000000000D+00
     2    25  0.18651692087896D-01  0.00000000000000D+00
     3    25 -0.51994710914858D-02  0.00000000000000D+00
     1    26 -0.26211467806278D-02  0.00000000000000D+00
     2    26  0.13652763592555D-01  0.00000000000000D+00
     3    26  0.51333569920016D-02  0.00000000000000D+00
     1    27  0.30052978637175D-02  0.00000000000000D+00
     2    27 -0.96174095785975D-02  0.00000000000000D+00
     3    27 -0.24825739999659D-03  0.00000000000000D+00
     1    28  0.51786126767766D-02  0.00000000000000D+00
     2    28 -0.46258073964019D-02  0.00000000000000D+00
     3    28  0.24925840274492D-03  0.00000000000000D+00
     1    29 -0.13378233706672D-01  0.00000000000000D+00
     2    29 -0.34096927023131D-02  0.00000000000000D+00
     3    29 -0.46312283332598D-03  0.00000000000000D+00
     1    30 -0.49670156094704D-02  0.00000000000000D+00
     2    30 -0.22692271043898D-01  0.00000000000000D+00
     3    30  0.30022850707203D-03  0.00000000000000D+00
     1    31  0.55120450092074D-02  0.00000000000000D+00
     2    31  0.24312079691823D-01  0.00000000000000D+00
     3    31 -0.22961922768891D-03  0.00000000000000D+00
     1    32  0.46017545246984D-02  0.00000000000000D+00
     2    32  0.24397851213816D-01  0.00000000000000D+00
     3    32  0.18132921473661D-03  0.00000000000000D+00
     1    33  0.21636905024820D-01  0.00000000000000D+00
     2    33 -0.12122112939753D-01  0.00000000000000D+00
     3    33  0.30934440455467D-04  0.00000000000000D+00
     1    34  0.20091548056661D-01  0.00000000000000D+00
     2    34 -0.97662825456099D-02  0.00000000000000D+00
     3    34 -0.33022699339601D-04  0.00000000000000D+00
     1    35 -0.21948922933575D-01  0.00000000000000D+00
     2    35  0.11504204188431D-01  0.00000000000000D+00
     3    35 -0.65840047298987D-03  0.00000000000000D+00
     1    36 -0.20377282954880D-01  0.00000000000000D+00
     2    36  0.91534504321757D-02  0.00000000000000D+00
     3    36  0.65473195304074D-03  0.00000000000000D+00
     1    39  0.26506434540404D-02  0.00000000000000D+00
     2    39  0.26541312209420D-02  0.00000000000000D+00
     3    39  0.24349903162403D-02  0.00000000000000D+00
     1    40  0.20386720755679D-09  0.00000000000000D+00
     2    40  0.58429954151215D-08  0.00000000000000D+00
     3    40 -0.25143656243149D-05  0.00000000000000D+00
  
 Total energy                 - # elements :           1
 -0.47548221822964D+03  0.00000000000000D+00
