 Fermi (or HOMO) energy (hartree) =   0.22147   Average Vxc (hartree)=  -0.38908
 Eigenvalues (hartree) for nkpt=   1  k points, SPIN UP:
 kpt#   1, nband=115, wtk=  1.00000, kpt=  0.0000  0.0000  0.0000 (reduced coord)
  -1.39322   -1.39273   -1.39270   -1.39265   -1.39263   -1.39246   -1.39235   -1.39227
  -1.22945   -1.05236   -1.04827   -1.04607   -0.48964   -0.48756   -0.47398   -0.46692
  -0.46676   -0.45914   -0.45578   -0.45192   -0.45180   -0.43728   -0.43687   -0.41233
  -0.40850   -0.40142   -0.39290   -0.38881   -0.38521   -0.38108   -0.37672   -0.37009
  -0.35327   -0.31258   -0.30987   -0.30887   -0.30819   -0.30777   -0.30480   -0.30407
  -0.02493   -0.01662   -0.01588   -0.01160   -0.01157    0.01856    0.01881    0.02688
   0.02727    0.02768    0.03941    0.04588    0.04671    0.05418    0.06657    0.06826
   0.06844    0.07131    0.07172    0.07828    0.07857    0.08949    0.08992    0.09497
   0.09983    0.10127    0.10447    0.10476    0.11552    0.11575    0.11748    0.12036
   0.12222    0.12290    0.12364    0.12555    0.13392    0.13400    0.13627    0.13856
   0.13892    0.13913    0.13929    0.13941    0.15256    0.16096    0.16222    0.16580
   0.21516    0.21524    0.21599    0.21637    0.21644    0.21721    0.22147    0.27980
   0.29062    0.29657    0.31762    0.32889    0.33809    0.37157    0.38118    0.38239
   0.38888    0.38907    0.39230    0.39890    0.39995    0.40282    0.40949    0.41091
   0.41935    0.42181    0.42253
 Eigenvalues (hartree) for nkpt=   1  k points, SPIN DOWN:
 kpt#   1, nband=115, wtk=  1.00000, kpt=  0.0000  0.0000  0.0000 (reduced coord)
  -1.39321   -1.39274   -1.39268   -1.39264   -1.39262   -1.39244   -1.39237   -1.39227
  -1.12227   -1.05234   -1.04809   -1.04605   -0.47230   -0.47224   -0.46692   -0.46690
  -0.45918   -0.45587   -0.45220   -0.45201   -0.41264   -0.41051   -0.40849   -0.40617
  -0.39288   -0.38879   -0.38707   -0.38429   -0.37655   -0.37008   -0.36854   -0.36055
  -0.35332   -0.30990   -0.30890   -0.30840   -0.30779   -0.30684   -0.30411   -0.30335
  -0.02463   -0.01590   -0.01571   -0.01149   -0.01027    0.01892    0.01929    0.02755
   0.02778    0.02791    0.03962    0.04647    0.04768    0.05525    0.06742    0.06850
   0.06889    0.07212    0.07270    0.07851    0.07910    0.09010    0.09078    0.09554
   0.10145    0.10202    0.10463    0.10482    0.11581    0.11585    0.11748    0.12113
   0.12364    0.12406    0.12497    0.12563    0.13388    0.13452    0.13891    0.13898
   0.13910    0.13933    0.13955    0.14012    0.15362    0.16243    0.16336    0.16633
   0.28876    0.29190    0.30027    0.32298    0.33686    0.33723    0.37688    0.38583
   0.38817    0.38846    0.39185    0.39416    0.39808    0.40055    0.41059    0.41098
   0.41563    0.42130    0.42219    0.42519    0.42780    0.42949    0.43131    0.45241
   0.45354    0.46479    0.46512
