
 **** DERIVATIVE DATABASE ****    
+DDB, Version number  20230401

  Note : temporary (transfer) database

    usepaw         1
     natom        36
      nkpt         1
    nsppol         2
      nsym         1
    ntypat         6
    occopt         2
     nband       115
     acell  0.10000000000000D+01  0.10000000000000D+01  0.10000000000000D+01
       amu  0.15196500000000D+03  0.87620000000000D+02  0.69410000000000D+01
            0.26981539000000D+02  0.14006740000000D+02  0.15999400000000D+02
   dilatmx  0.10000000000000D+01
      ecut  0.10000000000000D+02
 pawecutdg  0.20000000000000D+02
    ecutsm  0.00000000000000D+00
     intxc         0
      iscf        17
       ixc     -1012
       kpt  0.00000000000000D+00  0.00000000000000D+00  0.00000000000000D+00
    kptnrm  0.10000000000000D+01
     ngfft        45   45   36
    nspden         2
   nspinor         1
       occ  0.10000000000000D+01  0.10000000000000D+01  0.10000000000000D+01
            0.10000000000000D+01  0.10000000000000D+01  0.10000000000000D+01
            0.10000000000000D+01  0.10000000000000D+01  0.10000000000000D+01
            0.10000000000000D+01  0.10000000000000D+01  0.10000000000000D+01
            0.10000000000000D+01  0.10000000000000D+01  0.10000000000000D+01
            0.10000000000000D+01  0.10000000000000D+01  0.10000000000000D+01
            0.10000000000000D+01  0.10000000000000D+01  0.10000000000000D+01
            0.10000000000000D+01  0.10000000000000D+01  0.10000000000000D+01
            0.10000000000000D+01  0.10000000000000D+01  0.10000000000000D+01
            0.10000000000000D+01  0.10000000000000D+01  0.10000000000000D+01
            0.10000000000000D+01  0.10000000000000D+01  0.10000000000000D+01
            0.10000000000000D+01  0.10000000000000D+01  0.10000000000000D+01
            0.10000000000000D+01  0.10000000000000D+01  0.10000000000000D+01
            0.10000000000000D+01  0.10000000000000D+01  0.10000000000000D+01
            0.10000000000000D+01  0.10000000000000D+01  0.10000000000000D+01
            0.10000000000000D+01  0.10000000000000D+01  0.10000000000000D+01
            0.10000000000000D+01  0.10000000000000D+01  0.10000000000000D+01
            0.10000000000000D+01  0.10000000000000D+01  0.10000000000000D+01
            0.10000000000000D+01  0.10000000000000D+01  0.10000000000000D+01
            0.10000000000000D+01  0.10000000000000D+01  0.10000000000000D+01
            0.10000000000000D+01  0.10000000000000D+01  0.10000000000000D+01
            0.10000000000000D+01  0.10000000000000D+01  0.10000000000000D+01
            0.10000000000000D+01  0.10000000000000D+01  0.10000000000000D+01
            0.10000000000000D+01  0.10000000000000D+01  0.10000000000000D+01
            0.10000000000000D+01  0.10000000000000D+01  0.10000000000000D+01
            0.10000000000000D+01  0.10000000000000D+01  0.10000000000000D+01
            0.10000000000000D+01  0.10000000000000D+01  0.10000000000000D+01
            0.10000000000000D+01  0.10000000000000D+01  0.10000000000000D+01
            0.10000000000000D+01  0.10000000000000D+01  0.10000000000000D+01
            0.10000000000000D+01  0.10000000000000D+01  0.10000000000000D+01
            0.10000000000000D+01  0.10000000000000D+01  0.10000000000000D+01
            0.10000000000000D+01  0.10000000000000D+01  0.00000000000000D+00
            0.00000000000000D+00  0.00000000000000D+00  0.00000000000000D+00
            0.00000000000000D+00  0.00000000000000D+00  0.00000000000000D+00
            0.00000000000000D+00  0.00000000000000D+00  0.00000000000000D+00
            0.00000000000000D+00  0.00000000000000D+00  0.00000000000000D+00
            0.00000000000000D+00  0.00000000000000D+00  0.00000000000000D+00
            0.00000000000000D+00  0.00000000000000D+00  0.00000000000000D+00
            0.00000000000000D+00
     rprim  0.15040330225900D+02  0.00000000000000D+00  0.00000000000000D+00
            0.00000000000000D+00  0.15040330225900D+02  0.00000000000000D+00
            0.00000000000000D+00  0.00000000000000D+00  0.12033775961600D+02
  dfpt_sciss  0.00000000000000D+00
    spinat  0.00000000000000D+00  0.00000000000000D+00  0.00000000000000D+00
            0.00000000000000D+00  0.00000000000000D+00  0.00000000000000D+00
            0.00000000000000D+00  0.00000000000000D+00  0.00000000000000D+00
            0.00000000000000D+00  0.00000000000000D+00  0.00000000000000D+00
            0.00000000000000D+00  0.00000000000000D+00  0.00000000000000D+00
            0.00000000000000D+00  0.00000000000000D+00  0.00000000000000D+00
            0.00000000000000D+00  0.00000000000000D+00  0.00000000000000D+00
            0.00000000000000D+00  0.00000000000000D+00  0.00000000000000D+00
            0.00000000000000D+00  0.00000000000000D+00  0.00000000000000D+00
            0.00000000000000D+00  0.00000000000000D+00  0.00000000000000D+00
            0.00000000000000D+00  0.00000000000000D+00  0.00000000000000D+00
            0.00000000000000D+00  0.00000000000000D+00  0.00000000000000D+00
            0.00000000000000D+00  0.00000000000000D+00  0.00000000000000D+00
            0.00000000000000D+00  0.00000000000000D+00  0.00000000000000D+00
            0.00000000000000D+00  0.00000000000000D+00  0.00000000000000D+00
            0.00000000000000D+00  0.00000000000000D+00  0.00000000000000D+00
            0.00000000000000D+00  0.00000000000000D+00  0.00000000000000D+00
            0.00000000000000D+00  0.00000000000000D+00  0.00000000000000D+00
            0.00000000000000D+00  0.00000000000000D+00  0.00000000000000D+00
            0.00000000000000D+00  0.00000000000000D+00  0.00000000000000D+00
            0.00000000000000D+00  0.00000000000000D+00  0.00000000000000D+00
            0.00000000000000D+00  0.00000000000000D+00  0.00000000000000D+00
            0.00000000000000D+00  0.00000000000000D+00  0.00000000000000D+00
            0.00000000000000D+00  0.00000000000000D+00  0.00000000000000D+00
            0.00000000000000D+00  0.00000000000000D+00  0.00000000000000D+00
            0.00000000000000D+00  0.00000000000000D+00  0.00000000000000D+00
            0.00000000000000D+00  0.00000000000000D+00  0.00000000000000D+00
            0.00000000000000D+00  0.00000000000000D+00  0.00000000000000D+00
            0.00000000000000D+00  0.00000000000000D+00  0.00000000000000D+00
            0.00000000000000D+00  0.00000000000000D+00  0.00000000000000D+00
            0.00000000000000D+00  0.00000000000000D+00  0.00000000000000D+00
            0.00000000000000D+00  0.00000000000000D+00  0.00000000000000D+00
            0.00000000000000D+00  0.00000000000000D+00  0.00000000000000D+00
            0.00000000000000D+00  0.00000000000000D+00  0.00000000000000D+00
            0.00000000000000D+00  0.00000000000000D+00  0.00000000000000D+00
            0.00000000000000D+00  0.00000000000000D+00  0.00000000000000D+00
    symafm         1
    symrel         1    0    0    0    1    0    0    0    1
     tnons  0.00000000000000D+00  0.00000000000000D+00  0.00000000000000D+00
    tolwfr  0.10000000000000D+01
   tphysel  0.00000000000000D+00
    tsmear  0.10000000000000D-01
     typat         1    2    2    2    3    3    3    3    3    3    3    3
                   4    4    4    4    4    4    4    4    5    5    5    5
                   5    5    5    5    6    6    6    6    6    6    6    6
       wtk  0.10000000000000D+01
      xred  0.50000000000000D+00  0.00000000000000D+00  0.25000000000000D+00
            0.50000000000000D+00  0.00000000000000D+00  0.75000000000000D+00
            0.10000000000000D+01  0.50000000000000D+00  0.11890596229000D-03
            0.10000000000000D+01  0.50000000000000D+00  0.49988109400000D+00
            0.12744374710000D+00  0.82536213210000D+00  0.25000000000000D+00
            0.12704638640000D+00  0.82502282330000D+00  0.75000000000000D+00
            0.87255625290000D+00  0.17463786790000D+00  0.25000000000000D+00
            0.87295361360000D+00  0.17497717670000D+00  0.75000000000000D+00
            0.17499169840000D+00  0.12854611080000D+00  0.28739574230000D-03
            0.17499169840000D+00  0.12728967160000D+00  0.49971260430000D+00
            0.82500830160000D+00  0.87271032840000D+00  0.28739574230000D-03
            0.82500830160000D+00  0.87271032840000D+00  0.49971260430000D+00
            0.35173806670000D+00  0.68241995630000D+00  0.21289163617000D-03
            0.35173806670000D+00  0.68241995630000D+00  0.49978710840000D+00
            0.64826193330000D+00  0.31758004370000D+00  0.21289163617000D-03
            0.64826193330000D+00  0.31758004370000D+00  0.49978710840000D+00
            0.31780576680000D+00  0.35109081090000D+00  0.25000000000000D+00
            0.31777456060000D+00  0.35154217070000D+00  0.75000000000000D+00
            0.68219423320000D+00  0.64890918910000D+00  0.25000000000000D+00
            0.68222543940000D+00  0.64845782930000D+00  0.75000000000000D+00
            0.58430476540000D+00  0.73091011390000D+00  0.99992821440000D+00
            0.58430476540000D+00  0.73091011390000D+00  0.50007178560000D+00
            0.41569523460000D+00  0.26908988610000D+00  0.99992821440000D+00
            0.41569523460000D+00  0.26908988610000D+00  0.50007178560000D+00
            0.27019712620000D+00  0.58410218790000D+00  0.25000000000000D+00
            0.27041286440000D+00  0.58437089430000D+00  0.75000000000000D+00
            0.72980287380000D+00  0.41589781210000D+00  0.25000000000000D+00
            0.72958713560000D+00  0.41562910570000D+00  0.75000000000000D+00
            0.25250920030000D+00  0.88699605780000D+00  0.99991734080000D+00
            0.25250920030000D+00  0.88699605780000D+00  0.50008265920000D+00
            0.74749079970000D+00  0.11300394220000D+00  0.99991734080000D+00
            0.74749079970000D+00  0.11300394220000D+00  0.50008265920000D+00
            0.11279815010000D+00  0.25309031310000D+00  0.25000000000000D+00
            0.11273121590000D+00  0.25349138290000D+00  0.75000000000000D+00
            0.88720184990000D+00  0.74690968690000D+00  0.25000000000000D+00
            0.88726878410000D+00  0.74650861710000D+00  0.75000000000000D+00
     znucl  0.63000000000000D+02  0.38000000000000D+02  0.30000000000000D+01
            0.13000000000000D+02  0.70000000000000D+01  0.80000000000000D+01
      zion  0.17000000000000D+02  0.10000000000000D+02  0.30000000000000D+01
            0.30000000000000D+01  0.50000000000000D+01  0.60000000000000D+01
 
 No information on the potentials yet 
 
 **** Database of total energy derivatives ****
 Number of data blocks=    2
  
 1st derivatives              - # elements :         114
     1     1  0.13070547955536D-02  0.00000000000000D+00
     2     1  0.87148580958923D-03  0.00000000000000D+00
     3     1  0.53379977916763D-03  0.00000000000000D+00
     1     2  0.12032246211747D-02  0.00000000000000D+00
     2     2  0.77734581205021D-03  0.00000000000000D+00
     3     2 -0.50204657799523D-03  0.00000000000000D+00
     1     3  0.90566184756376D-03  0.00000000000000D+00
     2     3 -0.25891494556465D-02  0.00000000000000D+00
     3     3  0.41505145666426D-03  0.00000000000000D+00
     1     4  0.22037623071960D-03  0.00000000000000D+00
     2     4 -0.11009182488596D-02  0.00000000000000D+00
     3     4 -0.41555890422878D-03  0.00000000000000D+00
     1     5  0.29676995173619D-02  0.00000000000000D+00
     2     5  0.26764199152449D-02  0.00000000000000D+00
     3     5  0.87798318342884D-03  0.00000000000000D+00
     1     6  0.18960948947992D-02  0.00000000000000D+00
     2     6  0.27603391967021D-02  0.00000000000000D+00
     3     6 -0.87330427732237D-03  0.00000000000000D+00
     1     7 -0.29409858043438D-02  0.00000000000000D+00
     2     7 -0.33184860104166D-02  0.00000000000000D+00
     3     7  0.85453353046339D-06  0.00000000000000D+00
     1     8 -0.18850946109667D-02  0.00000000000000D+00
     2     8 -0.34044006941618D-02  0.00000000000000D+00
     3     8 -0.13899134571957D-05  0.00000000000000D+00
     1     9 -0.15623946211655D-02  0.00000000000000D+00
     2     9  0.15227539390535D-01  0.00000000000000D+00
     3     9  0.94198411579056D-03  0.00000000000000D+00
     1    10 -0.23723977385936D-02  0.00000000000000D+00
     2    10  0.43000501296883D-02  0.00000000000000D+00
     3    10 -0.82168004036528D-03  0.00000000000000D+00
     1    11  0.16792866769564D-02  0.00000000000000D+00
     2    11 -0.37188260038815D-02  0.00000000000000D+00
     3    11  0.81832686280163D-03  0.00000000000000D+00
     1    12  0.21819835547419D-02  0.00000000000000D+00
     2    12 -0.35271391262124D-02  0.00000000000000D+00
     3    12 -0.81660555245498D-03  0.00000000000000D+00
     1    13 -0.69775071426587D-02  0.00000000000000D+00
     2    13 -0.97535351292225D-02  0.00000000000000D+00
     3    13  0.12812334371621D-02  0.00000000000000D+00
     1    14 -0.75774762530100D-02  0.00000000000000D+00
     2    14 -0.79897642937605D-02  0.00000000000000D+00
     3    14 -0.12761796636245D-02  0.00000000000000D+00
     1    15  0.73385136738134D-02  0.00000000000000D+00
     2    15  0.74500016466098D-02  0.00000000000000D+00
     3    15  0.12600246280818D-02  0.00000000000000D+00
     1    16  0.76697805210002D-02  0.00000000000000D+00
     2    16  0.76968344747480D-02  0.00000000000000D+00
     3    16 -0.12600327015999D-02  0.00000000000000D+00
     1    17  0.35872445423096D-02  0.00000000000000D+00
     2    17 -0.14193418660048D-01  0.00000000000000D+00
     3    17 -0.21924461233067D-02  0.00000000000000D+00
     1    18  0.42665467506784D-02  0.00000000000000D+00
     2    18 -0.12770246602212D-01  0.00000000000000D+00
     3    18  0.21703005236642D-02  0.00000000000000D+00
     1    19 -0.56587677566291D-02  0.00000000000000D+00
     2    19  0.11168518326507D-01  0.00000000000000D+00
     3    19  0.13023939488167D-03  0.00000000000000D+00
     1    20 -0.62980305080316D-02  0.00000000000000D+00
     2    20  0.97466457329745D-02  0.00000000000000D+00
     3    20 -0.13066881129540D-03  0.00000000000000D+00
     1    21  0.58149270381513D-02  0.00000000000000D+00
     2    21  0.43728924832292D-02  0.00000000000000D+00
     3    21 -0.22913373835026D-02  0.00000000000000D+00
     1    22  0.63832520943332D-02  0.00000000000000D+00
     2    22  0.40160438432369D-02  0.00000000000000D+00
     3    22  0.22885357761262D-02  0.00000000000000D+00
     1    23 -0.50480005263072D-02  0.00000000000000D+00
     2    23 -0.47868518439776D-02  0.00000000000000D+00
     3    23 -0.22693188638220D-02  0.00000000000000D+00
     1    24 -0.59717254451107D-02  0.00000000000000D+00
     2    24 -0.38227808380283D-02  0.00000000000000D+00
     3    24  0.22678700892083D-02  0.00000000000000D+00
     1    25 -0.29239660425370D-02  0.00000000000000D+00
     2    25  0.11022038211357D-01  0.00000000000000D+00
     3    25 -0.18121233159136D-03  0.00000000000000D+00
     1    26 -0.50814539280123D-02  0.00000000000000D+00
     2    26  0.60376037080232D-02  0.00000000000000D+00
     3    26  0.18055269362589D-03  0.00000000000000D+00
     1    27  0.29115681393402D-02  0.00000000000000D+00
     2    27 -0.94221308846160D-02  0.00000000000000D+00
     3    27  0.70083138358689D-04  0.00000000000000D+00
     1    28  0.50748533546307D-02  0.00000000000000D+00
     2    28 -0.44409636672606D-02  0.00000000000000D+00
     3    28 -0.70195196811874D-04  0.00000000000000D+00
     1    29 -0.64323001881319D-02  0.00000000000000D+00
     2    29 -0.24457966913665D-01  0.00000000000000D+00
     3    29 -0.31062841377498D-03  0.00000000000000D+00
     1    30 -0.51742794501913D-02  0.00000000000000D+00
     2    30 -0.24819673300805D-01  0.00000000000000D+00
     3    30  0.27580032143962D-03  0.00000000000000D+00
     1    31  0.52909545455079D-02  0.00000000000000D+00
     2    31  0.24155711388405D-01  0.00000000000000D+00
     3    31 -0.24368759476521D-03  0.00000000000000D+00
     1    32  0.46445770774708D-02  0.00000000000000D+00
     2    32  0.24528879614812D-01  0.00000000000000D+00
     3    32  0.22940978882713D-03  0.00000000000000D+00
     1    33  0.21957741534631D-01  0.00000000000000D+00
     2    33 -0.12544418028441D-01  0.00000000000000D+00
     3    33 -0.23688910805553D-03  0.00000000000000D+00
     1    34  0.20370305605368D-01  0.00000000000000D+00
     2    34 -0.10125583216544D-01  0.00000000000000D+00
     3    34  0.15212757910342D-03  0.00000000000000D+00
     1    35 -0.21687666037671D-01  0.00000000000000D+00
     2    35  0.11243004539094D-01  0.00000000000000D+00
     3    35 -0.16517724276502D-03  0.00000000000000D+00
     1    36 -0.20130592754193D-01  0.00000000000000D+00
     2    36  0.88918658974519D-02  0.00000000000000D+00
     3    36  0.16436250287436D-03  0.00000000000000D+00
     1    39  0.26503768912322D-02  0.00000000000000D+00
     2    39  0.26521249070729D-02  0.00000000000000D+00
     3    39  0.24353941598687D-02  0.00000000000000D+00
     1    40 -0.49416109502486D-08  0.00000000000000D+00
     2    40  0.12465784939539D-08  0.00000000000000D+00
     3    40 -0.16724721608020D-05  0.00000000000000D+00
  
 Total energy                 - # elements :           1
 -0.47548225183044D+03  0.00000000000000D+00
