 Fermi (or HOMO) energy (hartree) =   0.22136   Average Vxc (hartree)=  -0.38907
 Eigenvalues (hartree) for nkpt=   1  k points, SPIN UP:
 kpt#   1, nband=115, wtk=  1.00000, kpt=  0.0000  0.0000  0.0000 (reduced coord)
  -1.39327   -1.39281   -1.39271   -1.39270   -1.39268   -1.39249   -1.39245   -1.39240
  -1.22956   -1.05230   -1.04838   -1.04600   -0.48979   -0.48779   -0.47406   -0.46699
  -0.46686   -0.45932   -0.45596   -0.45223   -0.45193   -0.43735   -0.43724   -0.41222
  -0.40849   -0.40151   -0.39281   -0.38878   -0.38532   -0.38122   -0.37672   -0.37003
  -0.35312   -0.31260   -0.30958   -0.30876   -0.30822   -0.30746   -0.30481   -0.30380
  -0.02497   -0.01662   -0.01561   -0.01162   -0.01141    0.01848    0.01879    0.02677
   0.02717    0.02778    0.03935    0.04578    0.04662    0.05408    0.06649    0.06817
   0.06835    0.07123    0.07164    0.07811    0.07849    0.08937    0.08976    0.09497
   0.09965    0.10117    0.10435    0.10472    0.11557    0.11563    0.11736    0.12019
   0.12222    0.12279    0.12360    0.12576    0.13392    0.13398    0.13630    0.13873
   0.13884    0.13922    0.13939    0.13942    0.15270    0.16094    0.16234    0.16589
   0.21506    0.21514    0.21588    0.21626    0.21634    0.21711    0.22136    0.27972
   0.29061    0.29668    0.31768    0.32880    0.33811    0.37148    0.38110    0.38243
   0.38890    0.38905    0.39258    0.39908    0.39996    0.40281    0.40945    0.41091
   0.41934    0.42145    0.42196
 Eigenvalues (hartree) for nkpt=   1  k points, SPIN DOWN:
 kpt#   1, nband=115, wtk=  1.00000, kpt=  0.0000  0.0000  0.0000 (reduced coord)
  -1.39327   -1.39282   -1.39272   -1.39269   -1.39267   -1.39251   -1.39243   -1.39240
  -1.12238   -1.05228   -1.04820   -1.04598   -0.47254   -0.47232   -0.46715   -0.46699
  -0.45938   -0.45605   -0.45253   -0.45214   -0.41252   -0.41061   -0.40848   -0.40633
  -0.39278   -0.38875   -0.38720   -0.38440   -0.37654   -0.37001   -0.36869   -0.36066
  -0.35317   -0.30961   -0.30879   -0.30843   -0.30751   -0.30684   -0.30384   -0.30336
  -0.02467   -0.01590   -0.01543   -0.01132   -0.01029    0.01892    0.01919    0.02745
   0.02770    0.02799    0.03956    0.04637    0.04760    0.05516    0.06732    0.06841
   0.06879    0.07205    0.07262    0.07834    0.07902    0.08999    0.09062    0.09554
   0.10136    0.10184    0.10452    0.10478    0.11573    0.11586    0.11736    0.12097
   0.12365    0.12403    0.12485    0.12583    0.13379    0.13458    0.13888    0.13911
   0.13915    0.13945    0.13954    0.14017    0.15376    0.16254    0.16335    0.16642
   0.28873    0.29189    0.30039    0.32302    0.33678    0.33725    0.37683    0.38580
   0.38817    0.38840    0.39213    0.39419    0.39823    0.40058    0.41059    0.41096
   0.41566    0.42134    0.42221    0.42516    0.42776    0.42940    0.43113    0.45255
   0.45354    0.46479    0.46507
