
 **** DERIVATIVE DATABASE ****    
+DDB, Version number  20230401

  Note : temporary (transfer) database

    usepaw         1
     natom        36
      nkpt         1
    nsppol         2
      nsym         4
    ntypat         6
    occopt         2
     nband       115
     acell  0.10000000000000D+01  0.10000000000000D+01  0.10000000000000D+01
       amu  0.15196500000000D+03  0.87620000000000D+02  0.69410000000000D+01
            0.26981539000000D+02  0.14006740000000D+02  0.15999400000000D+02
   dilatmx  0.10000000000000D+01
      ecut  0.10000000000000D+02
 pawecutdg  0.20000000000000D+02
    ecutsm  0.00000000000000D+00
     intxc         0
      iscf        17
       ixc     -1012
       kpt  0.00000000000000D+00  0.00000000000000D+00  0.00000000000000D+00
    kptnrm  0.10000000000000D+01
     ngfft        45   45   36
    nspden         2
   nspinor         1
       occ  0.10000000000000D+01  0.10000000000000D+01  0.10000000000000D+01
            0.10000000000000D+01  0.10000000000000D+01  0.10000000000000D+01
            0.10000000000000D+01  0.10000000000000D+01  0.10000000000000D+01
            0.10000000000000D+01  0.10000000000000D+01  0.10000000000000D+01
            0.10000000000000D+01  0.10000000000000D+01  0.10000000000000D+01
            0.10000000000000D+01  0.10000000000000D+01  0.10000000000000D+01
            0.10000000000000D+01  0.10000000000000D+01  0.10000000000000D+01
            0.10000000000000D+01  0.10000000000000D+01  0.10000000000000D+01
            0.10000000000000D+01  0.10000000000000D+01  0.10000000000000D+01
            0.10000000000000D+01  0.10000000000000D+01  0.10000000000000D+01
            0.10000000000000D+01  0.10000000000000D+01  0.10000000000000D+01
            0.10000000000000D+01  0.10000000000000D+01  0.10000000000000D+01
            0.10000000000000D+01  0.10000000000000D+01  0.10000000000000D+01
            0.10000000000000D+01  0.10000000000000D+01  0.10000000000000D+01
            0.10000000000000D+01  0.10000000000000D+01  0.10000000000000D+01
            0.10000000000000D+01  0.10000000000000D+01  0.10000000000000D+01
            0.10000000000000D+01  0.10000000000000D+01  0.10000000000000D+01
            0.10000000000000D+01  0.10000000000000D+01  0.10000000000000D+01
            0.10000000000000D+01  0.10000000000000D+01  0.10000000000000D+01
            0.10000000000000D+01  0.10000000000000D+01  0.10000000000000D+01
            0.10000000000000D+01  0.10000000000000D+01  0.10000000000000D+01
            0.10000000000000D+01  0.10000000000000D+01  0.10000000000000D+01
            0.10000000000000D+01  0.10000000000000D+01  0.10000000000000D+01
            0.10000000000000D+01  0.10000000000000D+01  0.10000000000000D+01
            0.10000000000000D+01  0.10000000000000D+01  0.10000000000000D+01
            0.10000000000000D+01  0.10000000000000D+01  0.10000000000000D+01
            0.10000000000000D+01  0.10000000000000D+01  0.10000000000000D+01
            0.10000000000000D+01  0.10000000000000D+01  0.10000000000000D+01
            0.10000000000000D+01  0.10000000000000D+01  0.10000000000000D+01
            0.10000000000000D+01  0.10000000000000D+01  0.10000000000000D+01
            0.10000000000000D+01  0.10000000000000D+01  0.10000000000000D+01
            0.10000000000000D+01  0.00000000000000D+00  0.10000000000000D+01
            0.00000000000000D+00  0.00000000000000D+00  0.00000000000000D+00
            0.00000000000000D+00  0.00000000000000D+00  0.00000000000000D+00
            0.00000000000000D+00  0.00000000000000D+00  0.00000000000000D+00
            0.00000000000000D+00  0.00000000000000D+00  0.00000000000000D+00
            0.00000000000000D+00  0.00000000000000D+00  0.00000000000000D+00
            0.00000000000000D+00  0.00000000000000D+00  0.00000000000000D+00
            0.00000000000000D+00
     rprim  0.15040330226000D+02  0.00000000000000D+00  0.00000000000000D+00
            0.00000000000000D+00  0.15040330226000D+02  0.00000000000000D+00
            0.00000000000000D+00  0.00000000000000D+00  0.12033775962000D+02
  dfpt_sciss  0.00000000000000D+00
    spinat  0.00000000000000D+00  0.00000000000000D+00  0.70000000000000D+01
            0.00000000000000D+00  0.00000000000000D+00  0.00000000000000D+00
            0.00000000000000D+00  0.00000000000000D+00  0.00000000000000D+00
            0.00000000000000D+00  0.00000000000000D+00  0.00000000000000D+00
            0.00000000000000D+00  0.00000000000000D+00  0.00000000000000D+00
            0.00000000000000D+00  0.00000000000000D+00  0.00000000000000D+00
            0.00000000000000D+00  0.00000000000000D+00  0.00000000000000D+00
            0.00000000000000D+00  0.00000000000000D+00  0.00000000000000D+00
            0.00000000000000D+00  0.00000000000000D+00  0.00000000000000D+00
            0.00000000000000D+00  0.00000000000000D+00  0.00000000000000D+00
            0.00000000000000D+00  0.00000000000000D+00  0.00000000000000D+00
            0.00000000000000D+00  0.00000000000000D+00  0.00000000000000D+00
            0.00000000000000D+00  0.00000000000000D+00  0.00000000000000D+00
            0.00000000000000D+00  0.00000000000000D+00  0.00000000000000D+00
            0.00000000000000D+00  0.00000000000000D+00  0.00000000000000D+00
            0.00000000000000D+00  0.00000000000000D+00  0.00000000000000D+00
            0.00000000000000D+00  0.00000000000000D+00  0.00000000000000D+00
            0.00000000000000D+00  0.00000000000000D+00  0.00000000000000D+00
            0.00000000000000D+00  0.00000000000000D+00  0.00000000000000D+00
            0.00000000000000D+00  0.00000000000000D+00  0.00000000000000D+00
            0.00000000000000D+00  0.00000000000000D+00  0.00000000000000D+00
            0.00000000000000D+00  0.00000000000000D+00  0.00000000000000D+00
            0.00000000000000D+00  0.00000000000000D+00  0.00000000000000D+00
            0.00000000000000D+00  0.00000000000000D+00  0.00000000000000D+00
            0.00000000000000D+00  0.00000000000000D+00  0.00000000000000D+00
            0.00000000000000D+00  0.00000000000000D+00  0.00000000000000D+00
            0.00000000000000D+00  0.00000000000000D+00  0.00000000000000D+00
            0.00000000000000D+00  0.00000000000000D+00  0.00000000000000D+00
            0.00000000000000D+00  0.00000000000000D+00  0.00000000000000D+00
            0.00000000000000D+00  0.00000000000000D+00  0.00000000000000D+00
            0.00000000000000D+00  0.00000000000000D+00  0.00000000000000D+00
            0.00000000000000D+00  0.00000000000000D+00  0.00000000000000D+00
            0.00000000000000D+00  0.00000000000000D+00  0.00000000000000D+00
            0.00000000000000D+00  0.00000000000000D+00  0.00000000000000D+00
            0.00000000000000D+00  0.00000000000000D+00  0.00000000000000D+00
            0.00000000000000D+00  0.00000000000000D+00  0.00000000000000D+00
    symafm         1    1    1    1
    symrel         1    0    0    0    1    0    0    0    1
                  -1    0    0    0   -1    0    0    0   -1
                  -1    0    0    0   -1    0    0    0    1
                   1    0    0    0    1    0    0    0   -1
     tnons  0.00000000000000D+00  0.00000000000000D+00  0.00000000000000D+00
           -0.22204460492503D-15  0.00000000000000D+00  0.50000000000000D+00
           -0.22204460492503D-15  0.00000000000000D+00  0.00000000000000D+00
            0.00000000000000D+00  0.00000000000000D+00  0.50000000000000D+00
    tolwfr  0.10000000000000D+01
   tphysel  0.00000000000000D+00
    tsmear  0.10000000000000D-01
     typat         1    2    2    2    3    3    3    3    3    3    3    3
                   4    4    4    4    4    4    4    4    5    5    5    5
                   5    5    5    5    6    6    6    6    6    6    6    6
       wtk  0.10000000000000D+01
      xred  0.50000000000000D+00  0.00000000000000D+00  0.25000000000000D+00
            0.50000000000000D+00  0.00000000000000D+00  0.75000000000000D+00
           -0.55511151231258D-16  0.50000000000000D+00  0.11890598114501D-03
           -0.55511151231258D-16  0.50000000000000D+00  0.49988109401885D+00
            0.12744374710000D+00  0.82536213210000D+00  0.25000000000000D+00
            0.12704638640000D+00  0.82502282330000D+00  0.75000000000000D+00
            0.87255625290000D+00  0.17463786790000D+00  0.25000000000000D+00
            0.87295361360000D+00  0.17497717670000D+00  0.75000000000000D+00
            0.17499169840000D+00  0.12728967160000D+00  0.28739572115004D-03
            0.17499169840000D+00  0.12728967160000D+00  0.49971260427885D+00
            0.82500830160000D+00  0.87271032840000D+00  0.28739572115004D-03
            0.82500830160000D+00  0.87271032840000D+00  0.49971260427885D+00
            0.35173806670000D+00  0.68241995630000D+00  0.21289161808499D-03
            0.35173806670000D+00  0.68241995630000D+00  0.49978710838191D+00
            0.64826193330000D+00  0.31758004370000D+00  0.21289161808499D-03
            0.64826193330000D+00  0.31758004370000D+00  0.49978710838191D+00
            0.31780576685000D+00  0.35109081090000D+00  0.25000000000000D+00
            0.31777456060000D+00  0.35154217070000D+00  0.75000000000000D+00
            0.68219423315000D+00  0.64890918910000D+00  0.25000000000000D+00
            0.68222543940000D+00  0.64845782930000D+00  0.75000000000000D+00
            0.58430476540000D+00  0.73091011385000D+00 -0.71785619072520D-04
            0.58430476540000D+00  0.73091011385000D+00  0.50007178561907D+00
            0.41569523460000D+00  0.26908988615000D+00 -0.71785619072520D-04
            0.41569523460000D+00  0.26908988615000D+00  0.50007178561907D+00
            0.27019712620000D+00  0.58410218790000D+00  0.25000000000000D+00
            0.27041286440000D+00  0.58437089430000D+00  0.75000000000000D+00
            0.72980287380000D+00  0.41589781210000D+00  0.25000000000000D+00
            0.72958713560000D+00  0.41562910570000D+00  0.75000000000000D+00
            0.25250920030000D+00  0.88699605780000D+00 -0.82659193947445D-04
            0.25250920030000D+00  0.88699605780000D+00  0.50008265919395D+00
            0.74749079970000D+00  0.11300394220000D+00 -0.82659193947445D-04
            0.74749079970000D+00  0.11300394220000D+00  0.50008265919395D+00
            0.11279815010000D+00  0.25309031310000D+00  0.25000000000000D+00
            0.11273121600000D+00  0.25349138290000D+00  0.75000000000000D+00
            0.88720184990000D+00  0.74690968690000D+00  0.25000000000000D+00
            0.88726878400000D+00  0.74650861710000D+00  0.75000000000000D+00
     znucl  0.63000000000000D+02  0.38000000000000D+02  0.30000000000000D+01
            0.13000000000000D+02  0.70000000000000D+01  0.80000000000000D+01
      zion  0.17000000000000D+02  0.10000000000000D+02  0.30000000000000D+01
            0.30000000000000D+01  0.50000000000000D+01  0.60000000000000D+01
 
 No information on the potentials yet 
 
 **** Database of total energy derivatives ****
 Number of data blocks=    2
  
 1st derivatives              - # elements :         114
     1     1  0.00000000000000D+00  0.00000000000000D+00
     2     1  0.00000000000000D+00  0.00000000000000D+00
     3     1  0.00000000000000D+00  0.00000000000000D+00
     1     2  0.00000000000000D+00  0.00000000000000D+00
     2     2  0.00000000000000D+00  0.00000000000000D+00
     3     2  0.00000000000000D+00  0.00000000000000D+00
     1     3 -0.25243548967072D-28  0.00000000000000D+00
     2     3 -0.20194839173658D-27  0.00000000000000D+00
     3     3 -0.66951321692065D-02  0.00000000000000D+00
     1     4  0.00000000000000D+00  0.00000000000000D+00
     2     4  0.20194839173658D-27  0.00000000000000D+00
     3     4  0.66951321692065D-02  0.00000000000000D+00
     1     5  0.69850041248957D-02  0.00000000000000D+00
     2     5  0.14489908228880D-01  0.00000000000000D+00
     3     5  0.00000000000000D+00  0.00000000000000D+00
     1     6 -0.10064926377604D-02  0.00000000000000D+00
     2     6  0.10341158081827D-02  0.00000000000000D+00
     3     6  0.00000000000000D+00  0.00000000000000D+00
     1     7 -0.69850041248957D-02  0.00000000000000D+00
     2     7 -0.14489908228880D-01  0.00000000000000D+00
     3     7  0.00000000000000D+00  0.00000000000000D+00
     1     8  0.10064926377604D-02  0.00000000000000D+00
     2     8 -0.10341158081827D-02  0.00000000000000D+00
     3     8 -0.42914033244023D-27  0.00000000000000D+00
     1     9 -0.19287615096020D-02  0.00000000000000D+00
     2     9 -0.21908879445807D-02  0.00000000000000D+00
     3     9  0.97525542833027D-02  0.00000000000000D+00
     1    10 -0.19287615096020D-02  0.00000000000000D+00
     2    10 -0.21908879445807D-02  0.00000000000000D+00
     3    10 -0.97525542833027D-02  0.00000000000000D+00
     1    11  0.19287615096020D-02  0.00000000000000D+00
     2    11  0.21908879445807D-02  0.00000000000000D+00
     3    11  0.97525542833027D-02  0.00000000000000D+00
     1    12  0.19287615096020D-02  0.00000000000000D+00
     2    12  0.21908879445807D-02  0.00000000000000D+00
     3    12 -0.97525542833027D-02  0.00000000000000D+00
     1    13 -0.87128808265758D-02  0.00000000000000D+00
     2    13 -0.86040865641034D-02  0.00000000000000D+00
     3    13 -0.60566781399884D-02  0.00000000000000D+00
     1    14 -0.87128808265758D-02  0.00000000000000D+00
     2    14 -0.86040865641034D-02  0.00000000000000D+00
     3    14  0.60566781399884D-02  0.00000000000000D+00
     1    15  0.87128808265758D-02  0.00000000000000D+00
     2    15  0.86040865641034D-02  0.00000000000000D+00
     3    15 -0.60566781399884D-02  0.00000000000000D+00
     1    16  0.87128808265758D-02  0.00000000000000D+00
     2    16  0.86040865641034D-02  0.00000000000000D+00
     3    16  0.60566781399884D-02  0.00000000000000D+00
     1    17  0.10401603679683D-01  0.00000000000000D+00
     2    17 -0.38159139456951D-01  0.00000000000000D+00
     3    17  0.00000000000000D+00  0.00000000000000D+00
     1    18  0.19527390539242D-01  0.00000000000000D+00
     2    18  0.37152440159309D-01  0.00000000000000D+00
     3    18  0.00000000000000D+00  0.00000000000000D+00
     1    19 -0.10401603679683D-01  0.00000000000000D+00
     2    19  0.38159139456951D-01  0.00000000000000D+00
     3    19  0.00000000000000D+00  0.00000000000000D+00
     1    20 -0.19527390539242D-01  0.00000000000000D+00
     2    20 -0.37152440159309D-01  0.00000000000000D+00
     3    20  0.00000000000000D+00  0.00000000000000D+00
     1    21  0.31160464335818D-01  0.00000000000000D+00
     2    21 -0.68558972587931D-01  0.00000000000000D+00
     3    21 -0.73116706109386D-01  0.00000000000000D+00
     1    22  0.31160464335818D-01  0.00000000000000D+00
     2    22 -0.68558972587931D-01  0.00000000000000D+00
     3    22  0.73116706109386D-01  0.00000000000000D+00
     1    23 -0.31160464335818D-01  0.00000000000000D+00
     2    23  0.68558972587931D-01  0.00000000000000D+00
     3    23 -0.73116706109386D-01  0.00000000000000D+00
     1    24 -0.31160464335818D-01  0.00000000000000D+00
     2    24  0.68558972587931D-01  0.00000000000000D+00
     3    24  0.73116706109386D-01  0.00000000000000D+00
     1    25  0.11483927361199D-01  0.00000000000000D+00
     2    25  0.19670011356681D-01  0.00000000000000D+00
     3    25  0.00000000000000D+00  0.00000000000000D+00
     1    26 -0.18111268585551D-01  0.00000000000000D+00
     2    26  0.24500480006545D-01  0.00000000000000D+00
     3    26  0.12924697071141D-25  0.00000000000000D+00
     1    27 -0.11483927361199D-01  0.00000000000000D+00
     2    27 -0.19670011356681D-01  0.00000000000000D+00
     3    27  0.00000000000000D+00  0.00000000000000D+00
     1    28  0.18111268585551D-01  0.00000000000000D+00
     2    28 -0.24500480006545D-01  0.00000000000000D+00
     3    28 -0.12924697071141D-25  0.00000000000000D+00
     1    29 -0.36921470786476D-01  0.00000000000000D+00
     2    29 -0.36704189675174D-01  0.00000000000000D+00
     3    29 -0.78469323244398D-01  0.00000000000000D+00
     1    30 -0.36921470786476D-01  0.00000000000000D+00
     2    30 -0.36704189675174D-01  0.00000000000000D+00
     3    30  0.78469323244398D-01  0.00000000000000D+00
     1    31  0.36921470786476D-01  0.00000000000000D+00
     2    31  0.36704189675174D-01  0.00000000000000D+00
     3    31 -0.78469323244398D-01  0.00000000000000D+00
     1    32  0.36921470786476D-01  0.00000000000000D+00
     2    32  0.36704189675174D-01  0.00000000000000D+00
     3    32  0.78469323244398D-01  0.00000000000000D+00
     1    33  0.11390605901738D-01  0.00000000000000D+00
     2    33  0.33750335425218D-02  0.00000000000000D+00
     3    33  0.00000000000000D+00  0.00000000000000D+00
     1    34  0.20996933804075D-01  0.00000000000000D+00
     2    34 -0.87706570271197D-02  0.00000000000000D+00
     3    34  0.16155871338926D-26  0.00000000000000D+00
     1    35 -0.11390605901738D-01  0.00000000000000D+00
     2    35 -0.33750335425218D-02  0.00000000000000D+00
     3    35  0.00000000000000D+00  0.00000000000000D+00
     1    36 -0.20996933804075D-01  0.00000000000000D+00
     2    36  0.87706570271197D-02  0.00000000000000D+00
     3    36 -0.16155871338926D-26  0.00000000000000D+00
     1    39  0.26669705746608D-02  0.00000000000000D+00
     2    39  0.26919525694301D-02  0.00000000000000D+00
     3    39  0.25005002129051D-02  0.00000000000000D+00
     1    40  0.00000000000000D+00  0.00000000000000D+00
     2    40  0.00000000000000D+00  0.00000000000000D+00
     3    40 -0.76291959464554D-05  0.00000000000000D+00
  
 Total energy                 - # elements :           1
 -0.47542499928072D+03  0.00000000000000D+00
