 Fermi (or HOMO) energy (hartree) =   0.26306   Average Vxc (hartree)=  -0.38969
 Eigenvalues (hartree) for nkpt=   1  k points, SPIN UP:
 kpt#   1, nband=115, wtk=  1.00000, kpt=  0.0000  0.0000  0.0000 (reduced coord)
  -1.39500   -1.39469   -1.39317   -1.39281   -1.39277   -1.39261   -1.39224   -1.39198
  -1.35683   -1.04854   -1.04223   -1.02278   -0.56985   -0.56893   -0.56558   -0.47074
  -0.46527   -0.46073   -0.45933   -0.45596   -0.45445   -0.45214   -0.45103   -0.40931
  -0.40555   -0.38948   -0.38546   -0.38426   -0.37344   -0.36641   -0.36599   -0.36174
  -0.35348   -0.31295   -0.30948   -0.30920   -0.30890   -0.30622   -0.30517   -0.30284
  -0.03239   -0.03156   -0.02950   -0.02565   -0.01820   -0.01488   -0.01193   -0.01149
  -0.00161   -0.00135    0.00276    0.01939    0.02011    0.02455    0.02733    0.02824
   0.03862    0.04448    0.04593    0.05258    0.06596    0.06769    0.06816    0.07058
   0.07154    0.07662    0.07869    0.08787    0.09002    0.09512    0.09839    0.10168
   0.10300    0.10445    0.11450    0.11540    0.11676    0.11930    0.11976    0.12312
   0.12470    0.12700    0.13315    0.13412    0.13577    0.13813    0.13851    0.13914
   0.13939    0.13944    0.15367    0.16150    0.16307    0.16495    0.20238    0.26306
   0.28365    0.28865    0.31044    0.31989    0.33871    0.35842    0.36345    0.38121
   0.38184    0.38611    0.38737    0.38959    0.39298    0.39566    0.39913    0.41070
   0.41411    0.42099    0.42116
 Eigenvalues (hartree) for nkpt=   1  k points, SPIN DOWN:
 kpt#   1, nband=115, wtk=  1.00000, kpt=  0.0000  0.0000  0.0000 (reduced coord)
  -1.39504   -1.39472   -1.39314   -1.39279   -1.39275   -1.39259   -1.39222   -1.39197
  -1.25619   -1.04819   -1.04191   -1.02004   -0.50497   -0.49634   -0.49525   -0.47032
  -0.46496   -0.46093   -0.45593   -0.45488   -0.45110   -0.44865   -0.44284   -0.40888
  -0.40490   -0.38916   -0.38516   -0.38153   -0.37308   -0.36537   -0.35959   -0.35808
  -0.35356   -0.31154   -0.30997   -0.30929   -0.30893   -0.30610   -0.30495   -0.30278
  -0.02494   -0.01672   -0.01509   -0.01142   -0.01120    0.01816    0.01913    0.02595
   0.02747    0.02772    0.03905    0.04566    0.04663    0.05482    0.06742    0.06772
   0.06846    0.07100    0.07182    0.07704    0.07904    0.08901    0.08981    0.09469
   0.09940    0.10215    0.10317    0.10462    0.11505    0.11508    0.11693    0.11995
   0.12157    0.12276    0.12456    0.12710    0.13291    0.13421    0.13740    0.13848
   0.13881    0.13925    0.13946    0.13980    0.15332    0.16158    0.16291    0.16582
   0.28879    0.29231    0.29667    0.31977    0.32231    0.32861    0.34173    0.36464
   0.36888    0.36931    0.37123    0.37424    0.37549    0.38039    0.38373    0.38582
   0.39246    0.39519    0.39617    0.40067    0.40121    0.40386    0.40658    0.41589
   0.42014    0.42222    0.42240
