 Fermi (or HOMO) energy (hartree) =   0.22140   Average Vxc (hartree)=  -0.38908
 Eigenvalues (hartree) for nkpt=   1  k points, SPIN UP:
 kpt#   1, nband=115, wtk=  1.00000, kpt=  0.0000  0.0000  0.0000 (reduced coord)
  -1.39336   -1.39288   -1.39282   -1.39275   -1.39274   -1.39262   -1.39261   -1.39250
  -1.22953   -1.05225   -1.04835   -1.04596   -0.48979   -0.48783   -0.47402   -0.46694
  -0.46681   -0.45935   -0.45598   -0.45233   -0.45188   -0.43738   -0.43729   -0.41218
  -0.40844   -0.40146   -0.39277   -0.38873   -0.38530   -0.38122   -0.37667   -0.36999
  -0.35304   -0.31248   -0.30954   -0.30868   -0.30809   -0.30742   -0.30469   -0.30376
  -0.02494   -0.01651   -0.01558   -0.01153   -0.01138    0.01851    0.01881    0.02673
   0.02721    0.02783    0.03933    0.04576    0.04664    0.05408    0.06651    0.06817
   0.06828    0.07124    0.07163    0.07804    0.07850    0.08938    0.08977    0.09502
   0.09956    0.10120    0.10437    0.10478    0.11556    0.11577    0.11731    0.12021
   0.12232    0.12276    0.12362    0.12579    0.13398    0.13402    0.13637    0.13877
   0.13893    0.13924    0.13940    0.13947    0.15276    0.16100    0.16241    0.16596
   0.21509    0.21518    0.21591    0.21629    0.21637    0.21714    0.22140    0.27976
   0.29050    0.29672    0.31765    0.32884    0.33813    0.37148    0.38109    0.38244
   0.38896    0.38911    0.39264    0.39912    0.40005    0.40287    0.40948    0.41093
   0.41921    0.42128    0.42168
 Eigenvalues (hartree) for nkpt=   1  k points, SPIN DOWN:
 kpt#   1, nband=115, wtk=  1.00000, kpt=  0.0000  0.0000  0.0000 (reduced coord)
  -1.39336   -1.39288   -1.39281   -1.39275   -1.39273   -1.39264   -1.39259   -1.39251
  -1.12234   -1.05224   -1.04817   -1.04594   -0.47262   -0.47228   -0.46721   -0.46694
  -0.45941   -0.45607   -0.45263   -0.45209   -0.41248   -0.41055   -0.40844   -0.40634
  -0.39274   -0.38871   -0.38717   -0.38437   -0.37650   -0.36997   -0.36869   -0.36063
  -0.35309   -0.30957   -0.30870   -0.30830   -0.30746   -0.30674   -0.30380   -0.30323
  -0.02464   -0.01579   -0.01540   -0.01129   -0.01020    0.01889    0.01927    0.02741
   0.02773    0.02803    0.03954    0.04635    0.04762    0.05517    0.06734    0.06841
   0.06872    0.07205    0.07261    0.07827    0.07903    0.08999    0.09063    0.09559
   0.10139    0.10174    0.10453    0.10484    0.11584    0.11587    0.11731    0.12099
   0.12375    0.12406    0.12481    0.12587    0.13389    0.13458    0.13900    0.13912
   0.13917    0.13946    0.13958    0.14026    0.15382    0.16262    0.16341    0.16650
   0.28878    0.29177    0.30043    0.32298    0.33681    0.33727    0.37681    0.38583
   0.38824    0.38840    0.39220    0.39425    0.39828    0.40066    0.41061    0.41101
   0.41572    0.42104    0.42194    0.42502    0.42777    0.42942    0.43113    0.45253
   0.45350    0.46481    0.46517
