
 **** DERIVATIVE DATABASE ****    
+DDB, Version number  20230401

  Note : temporary (transfer) database

    usepaw         1
     natom        36
      nkpt         1
    nsppol         2
      nsym         1
    ntypat         6
    occopt         2
     nband       115
     acell  0.10000000000000D+01  0.10000000000000D+01  0.10000000000000D+01
       amu  0.15196500000000D+03  0.87620000000000D+02  0.69410000000000D+01
            0.26981539000000D+02  0.14006740000000D+02  0.15999400000000D+02
   dilatmx  0.10000000000000D+01
      ecut  0.10000000000000D+02
 pawecutdg  0.20000000000000D+02
    ecutsm  0.00000000000000D+00
     intxc         0
      iscf        17
       ixc     -1012
       kpt  0.00000000000000D+00  0.00000000000000D+00  0.00000000000000D+00
    kptnrm  0.10000000000000D+01
     ngfft        45   45   36
    nspden         2
   nspinor         1
       occ  0.10000000000000D+01  0.10000000000000D+01  0.10000000000000D+01
            0.10000000000000D+01  0.10000000000000D+01  0.10000000000000D+01
            0.10000000000000D+01  0.10000000000000D+01  0.10000000000000D+01
            0.10000000000000D+01  0.10000000000000D+01  0.10000000000000D+01
            0.10000000000000D+01  0.10000000000000D+01  0.10000000000000D+01
            0.10000000000000D+01  0.10000000000000D+01  0.10000000000000D+01
            0.10000000000000D+01  0.10000000000000D+01  0.10000000000000D+01
            0.10000000000000D+01  0.10000000000000D+01  0.10000000000000D+01
            0.10000000000000D+01  0.10000000000000D+01  0.10000000000000D+01
            0.10000000000000D+01  0.10000000000000D+01  0.10000000000000D+01
            0.10000000000000D+01  0.10000000000000D+01  0.10000000000000D+01
            0.10000000000000D+01  0.10000000000000D+01  0.10000000000000D+01
            0.10000000000000D+01  0.10000000000000D+01  0.10000000000000D+01
            0.10000000000000D+01  0.10000000000000D+01  0.10000000000000D+01
            0.10000000000000D+01  0.10000000000000D+01  0.10000000000000D+01
            0.10000000000000D+01  0.10000000000000D+01  0.10000000000000D+01
            0.10000000000000D+01  0.10000000000000D+01  0.10000000000000D+01
            0.10000000000000D+01  0.10000000000000D+01  0.10000000000000D+01
            0.10000000000000D+01  0.10000000000000D+01  0.10000000000000D+01
            0.10000000000000D+01  0.10000000000000D+01  0.10000000000000D+01
            0.10000000000000D+01  0.10000000000000D+01  0.10000000000000D+01
            0.10000000000000D+01  0.10000000000000D+01  0.10000000000000D+01
            0.10000000000000D+01  0.10000000000000D+01  0.10000000000000D+01
            0.10000000000000D+01  0.10000000000000D+01  0.10000000000000D+01
            0.10000000000000D+01  0.10000000000000D+01  0.10000000000000D+01
            0.10000000000000D+01  0.10000000000000D+01  0.10000000000000D+01
            0.10000000000000D+01  0.10000000000000D+01  0.10000000000000D+01
            0.10000000000000D+01  0.10000000000000D+01  0.10000000000000D+01
            0.10000000000000D+01  0.10000000000000D+01  0.10000000000000D+01
            0.10000000000000D+01  0.10000000000000D+01  0.10000000000000D+01
            0.10000000000000D+01  0.10000000000000D+01  0.10000000000000D+01
            0.10000000000000D+01  0.10000000000000D+01  0.00000000000000D+00
            0.00000000000000D+00  0.00000000000000D+00  0.00000000000000D+00
            0.00000000000000D+00  0.00000000000000D+00  0.00000000000000D+00
            0.00000000000000D+00  0.00000000000000D+00  0.00000000000000D+00
            0.00000000000000D+00  0.00000000000000D+00  0.00000000000000D+00
            0.00000000000000D+00  0.00000000000000D+00  0.00000000000000D+00
            0.00000000000000D+00  0.00000000000000D+00  0.00000000000000D+00
            0.00000000000000D+00
     rprim  0.15040330225900D+02  0.00000000000000D+00  0.00000000000000D+00
            0.00000000000000D+00  0.15040330225900D+02  0.00000000000000D+00
            0.00000000000000D+00  0.00000000000000D+00  0.12033775961600D+02
  dfpt_sciss  0.00000000000000D+00
    spinat  0.00000000000000D+00  0.00000000000000D+00  0.00000000000000D+00
            0.00000000000000D+00  0.00000000000000D+00  0.00000000000000D+00
            0.00000000000000D+00  0.00000000000000D+00  0.00000000000000D+00
            0.00000000000000D+00  0.00000000000000D+00  0.00000000000000D+00
            0.00000000000000D+00  0.00000000000000D+00  0.00000000000000D+00
            0.00000000000000D+00  0.00000000000000D+00  0.00000000000000D+00
            0.00000000000000D+00  0.00000000000000D+00  0.00000000000000D+00
            0.00000000000000D+00  0.00000000000000D+00  0.00000000000000D+00
            0.00000000000000D+00  0.00000000000000D+00  0.00000000000000D+00
            0.00000000000000D+00  0.00000000000000D+00  0.00000000000000D+00
            0.00000000000000D+00  0.00000000000000D+00  0.00000000000000D+00
            0.00000000000000D+00  0.00000000000000D+00  0.00000000000000D+00
            0.00000000000000D+00  0.00000000000000D+00  0.00000000000000D+00
            0.00000000000000D+00  0.00000000000000D+00  0.00000000000000D+00
            0.00000000000000D+00  0.00000000000000D+00  0.00000000000000D+00
            0.00000000000000D+00  0.00000000000000D+00  0.00000000000000D+00
            0.00000000000000D+00  0.00000000000000D+00  0.00000000000000D+00
            0.00000000000000D+00  0.00000000000000D+00  0.00000000000000D+00
            0.00000000000000D+00  0.00000000000000D+00  0.00000000000000D+00
            0.00000000000000D+00  0.00000000000000D+00  0.00000000000000D+00
            0.00000000000000D+00  0.00000000000000D+00  0.00000000000000D+00
            0.00000000000000D+00  0.00000000000000D+00  0.00000000000000D+00
            0.00000000000000D+00  0.00000000000000D+00  0.00000000000000D+00
            0.00000000000000D+00  0.00000000000000D+00  0.00000000000000D+00
            0.00000000000000D+00  0.00000000000000D+00  0.00000000000000D+00
            0.00000000000000D+00  0.00000000000000D+00  0.00000000000000D+00
            0.00000000000000D+00  0.00000000000000D+00  0.00000000000000D+00
            0.00000000000000D+00  0.00000000000000D+00  0.00000000000000D+00
            0.00000000000000D+00  0.00000000000000D+00  0.00000000000000D+00
            0.00000000000000D+00  0.00000000000000D+00  0.00000000000000D+00
            0.00000000000000D+00  0.00000000000000D+00  0.00000000000000D+00
            0.00000000000000D+00  0.00000000000000D+00  0.00000000000000D+00
            0.00000000000000D+00  0.00000000000000D+00  0.00000000000000D+00
            0.00000000000000D+00  0.00000000000000D+00  0.00000000000000D+00
            0.00000000000000D+00  0.00000000000000D+00  0.00000000000000D+00
            0.00000000000000D+00  0.00000000000000D+00  0.00000000000000D+00
    symafm         1
    symrel         1    0    0    0    1    0    0    0    1
     tnons  0.00000000000000D+00  0.00000000000000D+00  0.00000000000000D+00
    tolwfr  0.10000000000000D+01
   tphysel  0.00000000000000D+00
    tsmear  0.10000000000000D-01
     typat         1    2    2    2    3    3    3    3    3    3    3    3
                   4    4    4    4    4    4    4    4    5    5    5    5
                   5    5    5    5    6    6    6    6    6    6    6    6
       wtk  0.10000000000000D+01
      xred  0.50000000000000D+00  0.00000000000000D+00  0.25000000000000D+00
            0.50000000000000D+00  0.00000000000000D+00  0.75000000000000D+00
            0.10000000000000D+01  0.50000000000000D+00  0.11890596229000D-03
            0.10000000000000D+01  0.50000000000000D+00  0.49988109400000D+00
            0.12744374710000D+00  0.82536213210000D+00  0.25000000000000D+00
            0.12704638640000D+00  0.82502282330000D+00  0.75000000000000D+00
            0.87255625290000D+00  0.17463786790000D+00  0.25000000000000D+00
            0.87295361360000D+00  0.17497717670000D+00  0.75000000000000D+00
            0.17373525920000D+00  0.12728967160000D+00  0.28739574230000D-03
            0.17499169840000D+00  0.12728967160000D+00  0.49971260430000D+00
            0.82500830160000D+00  0.87271032840000D+00  0.28739574230000D-03
            0.82500830160000D+00  0.87271032840000D+00  0.49971260430000D+00
            0.35173806670000D+00  0.68241995630000D+00  0.21289163617000D-03
            0.35173806670000D+00  0.68241995630000D+00  0.49978710840000D+00
            0.64826193330000D+00  0.31758004370000D+00  0.21289163617000D-03
            0.64826193330000D+00  0.31758004370000D+00  0.49978710840000D+00
            0.31780576680000D+00  0.35109081090000D+00  0.25000000000000D+00
            0.31777456060000D+00  0.35154217070000D+00  0.75000000000000D+00
            0.68219423320000D+00  0.64890918910000D+00  0.25000000000000D+00
            0.68222543940000D+00  0.64845782930000D+00  0.75000000000000D+00
            0.58430476540000D+00  0.73091011390000D+00  0.99992821440000D+00
            0.58430476540000D+00  0.73091011390000D+00  0.50007178560000D+00
            0.41569523460000D+00  0.26908988610000D+00  0.99992821440000D+00
            0.41569523460000D+00  0.26908988610000D+00  0.50007178560000D+00
            0.27019712620000D+00  0.58410218790000D+00  0.25000000000000D+00
            0.27041286440000D+00  0.58437089430000D+00  0.75000000000000D+00
            0.72980287380000D+00  0.41589781210000D+00  0.25000000000000D+00
            0.72958713560000D+00  0.41562910570000D+00  0.75000000000000D+00
            0.25250920030000D+00  0.88699605780000D+00  0.99991734080000D+00
            0.25250920030000D+00  0.88699605780000D+00  0.50008265920000D+00
            0.74749079970000D+00  0.11300394220000D+00  0.99991734080000D+00
            0.74749079970000D+00  0.11300394220000D+00  0.50008265920000D+00
            0.11279815010000D+00  0.25309031310000D+00  0.25000000000000D+00
            0.11273121590000D+00  0.25349138290000D+00  0.75000000000000D+00
            0.88720184990000D+00  0.74690968690000D+00  0.25000000000000D+00
            0.88726878410000D+00  0.74650861710000D+00  0.75000000000000D+00
     znucl  0.63000000000000D+02  0.38000000000000D+02  0.30000000000000D+01
            0.13000000000000D+02  0.70000000000000D+01  0.80000000000000D+01
      zion  0.17000000000000D+02  0.10000000000000D+02  0.30000000000000D+01
            0.30000000000000D+01  0.50000000000000D+01  0.60000000000000D+01
 
 No information on the potentials yet 
 
 **** Database of total energy derivatives ****
 Number of data blocks=    2
  
 1st derivatives              - # elements :         114
     1     1  0.18039802264742D-02  0.00000000000000D+00
     2     1 -0.74780027758456D-03  0.00000000000000D+00
     3     1  0.90541180446210D-03  0.00000000000000D+00
     1     2  0.17448701668928D-02  0.00000000000000D+00
     2     2 -0.75590369238296D-03  0.00000000000000D+00
     3     2 -0.88897428745312D-03  0.00000000000000D+00
     1     3  0.11556372734995D-03  0.00000000000000D+00
     2     3 -0.13514564991040D-02  0.00000000000000D+00
     3     3  0.41610063880731D-03  0.00000000000000D+00
     1     4  0.17411284003935D-03  0.00000000000000D+00
     2     4 -0.43071260966485D-03  0.00000000000000D+00
     3     4 -0.41599267128411D-03  0.00000000000000D+00
     1     5  0.28518115287380D-02  0.00000000000000D+00
     2     5  0.41902417070340D-02  0.00000000000000D+00
     3     5 -0.10846056190747D-03  0.00000000000000D+00
     1     6  0.17871298293135D-02  0.00000000000000D+00
     2     6  0.42620125598359D-02  0.00000000000000D+00
     3     6  0.10798271626590D-03  0.00000000000000D+00
     1     7 -0.21613821275175D-02  0.00000000000000D+00
     2     7 -0.41763576129810D-02  0.00000000000000D+00
     3     7 -0.86830974370475D-03  0.00000000000000D+00
     1     8 -0.11089734113939D-02  0.00000000000000D+00
     2     8 -0.42633487570188D-02  0.00000000000000D+00
     3     8  0.86960239419951D-03  0.00000000000000D+00
     1     9 -0.12130434030852D-01  0.00000000000000D+00
     2     9  0.30375928106333D-02  0.00000000000000D+00
     3     9  0.90979859205770D-03  0.00000000000000D+00
     1    10 -0.25702339506745D-02  0.00000000000000D+00
     2    10  0.37937175299389D-02  0.00000000000000D+00
     3    10 -0.82882400115729D-03  0.00000000000000D+00
     1    11  0.27815931443897D-02  0.00000000000000D+00
     2    11 -0.30951492201708D-02  0.00000000000000D+00
     3    11  0.81536109702268D-03  0.00000000000000D+00
     1    12  0.23458712245827D-02  0.00000000000000D+00
     2    12 -0.36012345420864D-02  0.00000000000000D+00
     3    12 -0.81403061970889D-03  0.00000000000000D+00
     1    13 -0.74964695125525D-02  0.00000000000000D+00
     2    13 -0.75202462429353D-02  0.00000000000000D+00
     3    13  0.12710038703518D-02  0.00000000000000D+00
     1    14 -0.76613706738675D-02  0.00000000000000D+00
     2    14 -0.75393538373587D-02  0.00000000000000D+00
     3    14 -0.12680724968027D-02  0.00000000000000D+00
     1    15  0.92182286499593D-02  0.00000000000000D+00
     2    15  0.69136069821314D-02  0.00000000000000D+00
     3    15  0.12684010106861D-02  0.00000000000000D+00
     1    16  0.79163036731809D-02  0.00000000000000D+00
     2    16  0.74353505720589D-02  0.00000000000000D+00
     3    16 -0.12660328259411D-02  0.00000000000000D+00
     1    17  0.45999910897845D-02  0.00000000000000D+00
     2    17 -0.99720237245528D-02  0.00000000000000D+00
     3    17  0.18099313816715D-02  0.00000000000000D+00
     1    18  0.52425734637005D-02  0.00000000000000D+00
     2    18 -0.85340490294407D-02  0.00000000000000D+00
     3    18 -0.17973017245586D-02  0.00000000000000D+00
     1    19 -0.53146704778237D-02  0.00000000000000D+00
     2    19  0.11654578532085D-01  0.00000000000000D+00
     3    19  0.22576134319799D-04  0.00000000000000D+00
     1    20 -0.59642493823665D-02  0.00000000000000D+00
     2    20  0.10265244595631D-01  0.00000000000000D+00
     3    20 -0.24319611746491D-04  0.00000000000000D+00
     1    21  0.61300597264496D-02  0.00000000000000D+00
     2    21  0.37084202730569D-02  0.00000000000000D+00
     3    21 -0.22711015241232D-02  0.00000000000000D+00
     1    22  0.62380223073783D-02  0.00000000000000D+00
     2    22  0.40031377532540D-02  0.00000000000000D+00
     3    22  0.22608533589419D-02  0.00000000000000D+00
     1    23 -0.66781329907122D-02  0.00000000000000D+00
     2    23 -0.46780845337751D-02  0.00000000000000D+00
     3    23 -0.23180326401113D-02  0.00000000000000D+00
     1    24 -0.59593477915030D-02  0.00000000000000D+00
     2    24 -0.38597354036009D-02  0.00000000000000D+00
     3    24  0.22891578235124D-02  0.00000000000000D+00
     1    25 -0.25546453493896D-02  0.00000000000000D+00
     2    25  0.99622886642864D-02  0.00000000000000D+00
     3    25 -0.23610114830059D-03  0.00000000000000D+00
     1    26 -0.47197812754358D-02  0.00000000000000D+00
     2    26  0.49775436444730D-02  0.00000000000000D+00
     3    26  0.23122804370680D-03  0.00000000000000D+00
     1    27  0.23854280888325D-02  0.00000000000000D+00
     2    27 -0.97641660120959D-02  0.00000000000000D+00
     3    27 -0.13429422920451D-03  0.00000000000000D+00
     1    28  0.45512590449095D-02  0.00000000000000D+00
     2    28 -0.47820668239713D-02  0.00000000000000D+00
     3    28  0.13168402429516D-03  0.00000000000000D+00
     1    29 -0.31787244562926D-02  0.00000000000000D+00
     2    29 -0.24370805068669D-01  0.00000000000000D+00
     3    29 -0.28633178505839D-03  0.00000000000000D+00
     1    30 -0.47370776533019D-02  0.00000000000000D+00
     2    30 -0.25006252453076D-01  0.00000000000000D+00
     3    30  0.27060669504032D-03  0.00000000000000D+00
     1    31  0.26144379289717D-02  0.00000000000000D+00
     2    31  0.25268466764143D-01  0.00000000000000D+00
     3    31 -0.24235896520849D-03  0.00000000000000D+00
     1    32  0.45705769037781D-02  0.00000000000000D+00
     2    32  0.24885906793236D-01  0.00000000000000D+00
     3    32  0.24107513492361D-03  0.00000000000000D+00
     1    33  0.24648203416288D-01  0.00000000000000D+00
     2    33 -0.10417473830783D-01  0.00000000000000D+00
     3    33 -0.39492853277833D-03  0.00000000000000D+00
     1    34  0.23080401539144D-01  0.00000000000000D+00
     2    34 -0.80416778814565D-02  0.00000000000000D+00
     3    34  0.34265897845059D-03  0.00000000000000D+00
     1    35 -0.22150019385950D-01  0.00000000000000D+00
     2    35  0.10479697300107D-01  0.00000000000000D+00
     3    35  0.75951046033533D-04  0.00000000000000D+00
     1    36 -0.20582493985730D-01  0.00000000000000D+00
     2    36  0.81232139544949D-02  0.00000000000000D+00
     3    36 -0.75203718323796D-04  0.00000000000000D+00
     1    39  0.26503772477957D-02  0.00000000000000D+00
     2    39  0.26525871598791D-02  0.00000000000000D+00
     3    39  0.24357595960939D-02  0.00000000000000D+00
     1    40 -0.11223961171962D-08  0.00000000000000D+00
     2    40  0.13725434954937D-08  0.00000000000000D+00
     3    40 -0.16868261383698D-05  0.00000000000000D+00
  
 Total energy                 - # elements :           1
 -0.47548225467848D+03  0.00000000000000D+00
