
 **** DERIVATIVE DATABASE ****    
+DDB, Version number  20230401

  Note : temporary (transfer) database

    usepaw         1
     natom        36
      nkpt         1
    nsppol         2
      nsym         2
    ntypat         6
    occopt         2
     nband       115
     acell  0.10000000000000D+01  0.10000000000000D+01  0.10000000000000D+01
       amu  0.15196500000000D+03  0.87620000000000D+02  0.69410000000000D+01
            0.26981539000000D+02  0.14006740000000D+02  0.15999400000000D+02
   dilatmx  0.10000000000000D+01
      ecut  0.10000000000000D+02
 pawecutdg  0.20000000000000D+02
    ecutsm  0.00000000000000D+00
     intxc         0
      iscf        17
       ixc     -1012
       kpt  0.00000000000000D+00  0.00000000000000D+00  0.00000000000000D+00
    kptnrm  0.10000000000000D+01
     ngfft        45   45   36
    nspden         2
   nspinor         1
       occ  0.10000000000000D+01  0.10000000000000D+01  0.10000000000000D+01
            0.10000000000000D+01  0.10000000000000D+01  0.10000000000000D+01
            0.10000000000000D+01  0.10000000000000D+01  0.10000000000000D+01
            0.10000000000000D+01  0.10000000000000D+01  0.10000000000000D+01
            0.10000000000000D+01  0.10000000000000D+01  0.10000000000000D+01
            0.10000000000000D+01  0.10000000000000D+01  0.10000000000000D+01
            0.10000000000000D+01  0.10000000000000D+01  0.10000000000000D+01
            0.10000000000000D+01  0.10000000000000D+01  0.10000000000000D+01
            0.10000000000000D+01  0.10000000000000D+01  0.10000000000000D+01
            0.10000000000000D+01  0.10000000000000D+01  0.10000000000000D+01
            0.10000000000000D+01  0.10000000000000D+01  0.10000000000000D+01
            0.10000000000000D+01  0.10000000000000D+01  0.10000000000000D+01
            0.10000000000000D+01  0.10000000000000D+01  0.10000000000000D+01
            0.10000000000000D+01  0.10000000000000D+01  0.10000000000000D+01
            0.10000000000000D+01  0.10000000000000D+01  0.10000000000000D+01
            0.10000000000000D+01  0.10000000000000D+01  0.10000000000000D+01
            0.10000000000000D+01  0.10000000000000D+01  0.10000000000000D+01
            0.10000000000000D+01  0.10000000000000D+01  0.10000000000000D+01
            0.10000000000000D+01  0.10000000000000D+01  0.10000000000000D+01
            0.10000000000000D+01  0.10000000000000D+01  0.10000000000000D+01
            0.10000000000000D+01  0.10000000000000D+01  0.10000000000000D+01
            0.10000000000000D+01  0.10000000000000D+01  0.10000000000000D+01
            0.10000000000000D+01  0.10000000000000D+01  0.10000000000000D+01
            0.10000000000000D+01  0.10000000000000D+01  0.10000000000000D+01
            0.10000000000000D+01  0.10000000000000D+01  0.10000000000000D+01
            0.10000000000000D+01  0.10000000000000D+01  0.10000000000000D+01
            0.10000000000000D+01  0.10000000000000D+01  0.10000000000000D+01
            0.10000000000000D+01  0.10000000000000D+01  0.10000000000000D+01
            0.10000000000000D+01  0.10000000000000D+01  0.10000000000000D+01
            0.10000000000000D+01  0.10000000000000D+01  0.10000000000000D+01
            0.10000000000000D+01  0.10000000000000D+01  0.10000000000000D+01
            0.10000000000000D+01  0.10000000000000D+01  0.00000000000000D+00
            0.00000000000000D+00  0.00000000000000D+00  0.00000000000000D+00
            0.00000000000000D+00  0.00000000000000D+00  0.00000000000000D+00
            0.00000000000000D+00  0.00000000000000D+00  0.00000000000000D+00
            0.00000000000000D+00  0.00000000000000D+00  0.00000000000000D+00
            0.00000000000000D+00  0.00000000000000D+00  0.00000000000000D+00
            0.00000000000000D+00  0.00000000000000D+00  0.00000000000000D+00
            0.00000000000000D+00
     rprim  0.15040330225900D+02  0.00000000000000D+00  0.00000000000000D+00
            0.00000000000000D+00  0.15040330225900D+02  0.00000000000000D+00
            0.00000000000000D+00  0.00000000000000D+00  0.12033775961600D+02
  dfpt_sciss  0.00000000000000D+00
    spinat  0.00000000000000D+00  0.00000000000000D+00  0.00000000000000D+00
            0.00000000000000D+00  0.00000000000000D+00  0.00000000000000D+00
            0.00000000000000D+00  0.00000000000000D+00  0.00000000000000D+00
            0.00000000000000D+00  0.00000000000000D+00  0.00000000000000D+00
            0.00000000000000D+00  0.00000000000000D+00  0.00000000000000D+00
            0.00000000000000D+00  0.00000000000000D+00  0.00000000000000D+00
            0.00000000000000D+00  0.00000000000000D+00  0.00000000000000D+00
            0.00000000000000D+00  0.00000000000000D+00  0.00000000000000D+00
            0.00000000000000D+00  0.00000000000000D+00  0.00000000000000D+00
            0.00000000000000D+00  0.00000000000000D+00  0.00000000000000D+00
            0.00000000000000D+00  0.00000000000000D+00  0.00000000000000D+00
            0.00000000000000D+00  0.00000000000000D+00  0.00000000000000D+00
            0.00000000000000D+00  0.00000000000000D+00  0.00000000000000D+00
            0.00000000000000D+00  0.00000000000000D+00  0.00000000000000D+00
            0.00000000000000D+00  0.00000000000000D+00  0.00000000000000D+00
            0.00000000000000D+00  0.00000000000000D+00  0.00000000000000D+00
            0.00000000000000D+00  0.00000000000000D+00  0.00000000000000D+00
            0.00000000000000D+00  0.00000000000000D+00  0.00000000000000D+00
            0.00000000000000D+00  0.00000000000000D+00  0.00000000000000D+00
            0.00000000000000D+00  0.00000000000000D+00  0.00000000000000D+00
            0.00000000000000D+00  0.00000000000000D+00  0.00000000000000D+00
            0.00000000000000D+00  0.00000000000000D+00  0.00000000000000D+00
            0.00000000000000D+00  0.00000000000000D+00  0.00000000000000D+00
            0.00000000000000D+00  0.00000000000000D+00  0.00000000000000D+00
            0.00000000000000D+00  0.00000000000000D+00  0.00000000000000D+00
            0.00000000000000D+00  0.00000000000000D+00  0.00000000000000D+00
            0.00000000000000D+00  0.00000000000000D+00  0.00000000000000D+00
            0.00000000000000D+00  0.00000000000000D+00  0.00000000000000D+00
            0.00000000000000D+00  0.00000000000000D+00  0.00000000000000D+00
            0.00000000000000D+00  0.00000000000000D+00  0.00000000000000D+00
            0.00000000000000D+00  0.00000000000000D+00  0.00000000000000D+00
            0.00000000000000D+00  0.00000000000000D+00  0.00000000000000D+00
            0.00000000000000D+00  0.00000000000000D+00  0.00000000000000D+00
            0.00000000000000D+00  0.00000000000000D+00  0.00000000000000D+00
            0.00000000000000D+00  0.00000000000000D+00  0.00000000000000D+00
            0.00000000000000D+00  0.00000000000000D+00  0.00000000000000D+00
    symafm         1    1
    symrel         1    0    0    0    1    0    0    0    1
                   1    0    0    0    1    0    0    0   -1
     tnons  0.00000000000000D+00  0.00000000000000D+00  0.00000000000000D+00
            0.00000000000000D+00  0.00000000000000D+00  0.50000000000000D+00
    tolwfr  0.10000000000000D+01
   tphysel  0.00000000000000D+00
    tsmear  0.10000000000000D-01
     typat         1    2    2    2    3    3    3    3    3    3    3    3
                   4    4    4    4    4    4    4    4    5    5    5    5
                   5    5    5    5    6    6    6    6    6    6    6    6
       wtk  0.10000000000000D+01
      xred  0.50000000000000D+00  0.00000000000000D+00  0.25000000000000D+00
            0.50000000000000D+00  0.00000000000000D+00  0.75000000000000D+00
            0.10000000000000D+01  0.50000000000000D+00  0.11890598114499D-03
            0.10000000000000D+01  0.50000000000000D+00  0.49988109401885D+00
            0.12744374710000D+00  0.82536213210000D+00  0.25000000000000D+00
            0.12704638640000D+00  0.82502282330000D+00  0.75000000000000D+00
            0.87255625290000D+00  0.17463786790000D+00  0.25000000000000D+00
            0.87295361360000D+00  0.17497717670000D+00  0.75000000000000D+00
            0.17499169840000D+00  0.12728967160000D+00  0.28739572115001D-03
            0.17499169840000D+00  0.12728967160000D+00  0.49971260427885D+00
            0.82500830160000D+00  0.87271032840000D+00  0.28739572115001D-03
            0.82500830160000D+00  0.87271032840000D+00  0.49971260427885D+00
            0.35173806670000D+00  0.68241995630000D+00  0.21289161808499D-03
            0.35173806670000D+00  0.68241995630000D+00  0.49978710838191D+00
            0.64826193330000D+00  0.31758004370000D+00  0.21289161808499D-03
            0.64826193330000D+00  0.31758004370000D+00  0.49978710838191D+00
            0.31780576680000D+00  0.35109081090000D+00  0.25000000000000D+00
            0.31777456060000D+00  0.35154217070000D+00  0.75000000000000D+00
            0.68219423320000D+00  0.64890918910000D+00  0.25000000000000D+00
            0.68222543940000D+00  0.64845782930000D+00  0.75000000000000D+00
            0.58430476540000D+00  0.73091011390000D+00  0.99992821440000D+00
            0.58430476540000D+00  0.73091011390000D+00  0.50007178560000D+00
            0.41569523460000D+00  0.26908988610000D+00  0.99992821440000D+00
            0.41569523460000D+00  0.26908988610000D+00  0.50007178560000D+00
            0.27019712620000D+00  0.58410218790000D+00  0.25000000000000D+00
            0.27041286440000D+00  0.58437089430000D+00  0.75000000000000D+00
            0.72980287380000D+00  0.41589781210000D+00  0.25000000000000D+00
            0.72958713560000D+00  0.41562910570000D+00  0.75000000000000D+00
            0.25250920030000D+00  0.88699605780000D+00  0.99991734080000D+00
            0.25250920030000D+00  0.88699605780000D+00  0.50008265920000D+00
            0.74749079970000D+00  0.11300394220000D+00  0.99991734080000D+00
            0.74749079970000D+00  0.11300394220000D+00  0.50008265920000D+00
            0.11279815010000D+00  0.25183387380000D+00  0.25000000000000D+00
            0.11273121590000D+00  0.25349138290000D+00  0.75000000000000D+00
            0.88720184990000D+00  0.74690968690000D+00  0.25000000000000D+00
            0.88726878410000D+00  0.74650861710000D+00  0.75000000000000D+00
     znucl  0.63000000000000D+02  0.38000000000000D+02  0.30000000000000D+01
            0.13000000000000D+02  0.70000000000000D+01  0.80000000000000D+01
      zion  0.17000000000000D+02  0.10000000000000D+02  0.30000000000000D+01
            0.30000000000000D+01  0.50000000000000D+01  0.60000000000000D+01
 
 No information on the potentials yet 
 
 **** Database of total energy derivatives ****
 Number of data blocks=    2
  
 1st derivatives              - # elements :         114
     1     1  0.13041316256496D-02  0.00000000000000D+00
     2     1 -0.10406355349626D-02  0.00000000000000D+00
     3     1  0.00000000000000D+00  0.00000000000000D+00
     1     2  0.26740560911937D-03  0.00000000000000D+00
     2     2 -0.29085229269139D-03  0.00000000000000D+00
     3     2  0.00000000000000D+00  0.00000000000000D+00
     1     3  0.90876355579667D-03  0.00000000000000D+00
     2     3  0.68340147782128D-03  0.00000000000000D+00
     3     3  0.70570298674111D-03  0.00000000000000D+00
     1     4  0.90876355579667D-03  0.00000000000000D+00
     2     4  0.68340147782128D-03  0.00000000000000D+00
     3     4 -0.70570298674111D-03  0.00000000000000D+00
     1     5  0.36032424722576D-02  0.00000000000000D+00
     2     5  0.14237924453311D-02  0.00000000000000D+00
     3     5  0.00000000000000D+00  0.00000000000000D+00
     1     6  0.19231724710572D-02  0.00000000000000D+00
     2     6  0.34509045116557D-02  0.00000000000000D+00
     3     6  0.00000000000000D+00  0.00000000000000D+00
     1     7 -0.45966596370471D-02  0.00000000000000D+00
     2     7 -0.18966274616548D-02  0.00000000000000D+00
     3     7  0.00000000000000D+00  0.00000000000000D+00
     1     8 -0.23808298489289D-02  0.00000000000000D+00
     2     8 -0.35946924910440D-02  0.00000000000000D+00
     3     8  0.00000000000000D+00  0.00000000000000D+00
     1     9 -0.18935003948253D-02  0.00000000000000D+00
     2     9  0.54342438015869D-02  0.00000000000000D+00
     3     9  0.65954013989194D-03  0.00000000000000D+00
     1    10 -0.18935003948253D-02  0.00000000000000D+00
     2    10  0.54342438015869D-02  0.00000000000000D+00
     3    10 -0.65954013989194D-03  0.00000000000000D+00
     1    11  0.19428303686418D-02  0.00000000000000D+00
     2    11 -0.41353365094256D-02  0.00000000000000D+00
     3    11  0.60566172573138D-03  0.00000000000000D+00
     1    12  0.19428303686418D-02  0.00000000000000D+00
     2    12 -0.41353365094256D-02  0.00000000000000D+00
     3    12 -0.60566172573138D-03  0.00000000000000D+00
     1    13 -0.77934414880882D-02  0.00000000000000D+00
     2    13 -0.89572662754101D-02  0.00000000000000D+00
     3    13  0.27233915972227D-02  0.00000000000000D+00
     1    14 -0.77934414880882D-02  0.00000000000000D+00
     2    14 -0.89572662754101D-02  0.00000000000000D+00
     3    14 -0.27233915972227D-02  0.00000000000000D+00
     1    15  0.77093324926112D-02  0.00000000000000D+00
     2    15  0.83414480242650D-02  0.00000000000000D+00
     3    15  0.14486895994735D-02  0.00000000000000D+00
     1    16  0.77093324926112D-02  0.00000000000000D+00
     2    16  0.83414480242650D-02  0.00000000000000D+00
     3    16 -0.14486895994735D-02  0.00000000000000D+00
     1    17  0.13988968254440D-01  0.00000000000000D+00
     2    17 -0.28854997703526D-04  0.00000000000000D+00
     3    17  0.00000000000000D+00  0.00000000000000D+00
     1    18  0.62137807278372D-02  0.00000000000000D+00
     2    18 -0.95596963907481D-02  0.00000000000000D+00
     3    18  0.00000000000000D+00  0.00000000000000D+00
     1    19 -0.61456084074313D-02  0.00000000000000D+00
     2    19  0.11253322191277D-01  0.00000000000000D+00
     3    19  0.00000000000000D+00  0.00000000000000D+00
     1    20 -0.59879350773445D-02  0.00000000000000D+00
     2    20  0.10479738998610D-01  0.00000000000000D+00
     3    20  0.00000000000000D+00  0.00000000000000D+00
     1    21  0.66050986729895D-02  0.00000000000000D+00
     2    21  0.43825735868996D-02  0.00000000000000D+00
     3    21 -0.25699840696140D-02  0.00000000000000D+00
     1    22  0.66050986729895D-02  0.00000000000000D+00
     2    22  0.43825735868996D-02  0.00000000000000D+00
     3    22  0.25699840696140D-02  0.00000000000000D+00
     1    23 -0.64519850594658D-02  0.00000000000000D+00
     2    23 -0.55156917186128D-02  0.00000000000000D+00
     3    23 -0.20042451172396D-02  0.00000000000000D+00
     1    24 -0.64519850594658D-02  0.00000000000000D+00
     2    24 -0.55156917186128D-02  0.00000000000000D+00
     3    24  0.20042451172396D-02  0.00000000000000D+00
     1    25 -0.38767519444876D-03  0.00000000000000D+00
     2    25  0.13281936090865D-01  0.00000000000000D+00
     3    25  0.00000000000000D+00  0.00000000000000D+00
     1    26 -0.46666003874746D-02  0.00000000000000D+00
     2    26  0.51483774049261D-02  0.00000000000000D+00
     3    26  0.00000000000000D+00  0.00000000000000D+00
     1    27  0.15175638066300D-02  0.00000000000000D+00
     2    27 -0.99791560632823D-02  0.00000000000000D+00
     3    27  0.00000000000000D+00  0.00000000000000D+00
     1    28  0.41063530962502D-02  0.00000000000000D+00
     2    28 -0.56980631931244D-02  0.00000000000000D+00
     3    28  0.00000000000000D+00  0.00000000000000D+00
     1    29 -0.60888724624178D-02  0.00000000000000D+00
     2    29 -0.22482056744750D-01  0.00000000000000D+00
     3    29  0.18132498337371D-03  0.00000000000000D+00
     1    30 -0.60888724624178D-02  0.00000000000000D+00
     2    30 -0.22482056744750D-01  0.00000000000000D+00
     3    30 -0.18132498337371D-03  0.00000000000000D+00
     1    31  0.60958693049917D-02  0.00000000000000D+00
     2    31  0.24560556369551D-01  0.00000000000000D+00
     3    31  0.11465985453675D-03  0.00000000000000D+00
     1    32  0.60958693049917D-02  0.00000000000000D+00
     2    32  0.24560556369551D-01  0.00000000000000D+00
     3    32 -0.11465985453675D-03  0.00000000000000D+00
     1    33  0.12824504326540D-01  0.00000000000000D+00
     2    33 -0.28709558874009D-01  0.00000000000000D+00
     3    33  0.00000000000000D+00  0.00000000000000D+00
     1    34  0.20072266401203D-01  0.00000000000000D+00
     2    34 -0.10001345490607D-01  0.00000000000000D+00
     3    34  0.00000000000000D+00  0.00000000000000D+00
     1    35 -0.22042995244123D-01  0.00000000000000D+00
     2    35  0.11525340030185D-01  0.00000000000000D+00
     3    35  0.00000000000000D+00  0.00000000000000D+00
     1    36 -0.20693263324330D-01  0.00000000000000D+00
     2    36  0.93854882646690D-02  0.00000000000000D+00
     3    36  0.00000000000000D+00  0.00000000000000D+00
     1    39  0.26512978897803D-02  0.00000000000000D+00
     2    39  0.26534294278560D-02  0.00000000000000D+00
     3    39  0.24352704960618D-02  0.00000000000000D+00
     1    40  0.00000000000000D+00  0.00000000000000D+00
     2    40  0.00000000000000D+00  0.00000000000000D+00
     3    40 -0.10024698704655D-05  0.00000000000000D+00
  
 Total energy                 - # elements :           1
 -0.47548223912938D+03  0.00000000000000D+00
