 Fermi (or HOMO) energy (hartree) =   0.22137   Average Vxc (hartree)=  -0.38908
 Eigenvalues (hartree) for nkpt=   1  k points, SPIN UP:
 kpt#   1, nband=115, wtk=  1.00000, kpt=  0.0000  0.0000  0.0000 (reduced coord)
  -1.39317   -1.39274   -1.39273   -1.39260   -1.39252   -1.39224   -1.39222   -1.39218
  -1.22955   -1.05248   -1.04840   -1.04619   -0.48980   -0.48781   -0.47389   -0.46687
  -0.46672   -0.45925   -0.45586   -0.45227   -0.45169   -0.43734   -0.43729   -0.41237
  -0.40867   -0.40154   -0.39298   -0.38892   -0.38534   -0.38126   -0.37691   -0.37022
  -0.35317   -0.31259   -0.30969   -0.30880   -0.30820   -0.30756   -0.30480   -0.30390
  -0.02497   -0.01660   -0.01567   -0.01161   -0.01146    0.01846    0.01880    0.02674
   0.02728    0.02775    0.03939    0.04579    0.04669    0.05409    0.06655    0.06827
   0.06834    0.07132    0.07164    0.07809    0.07863    0.08940    0.08988    0.09499
   0.09963    0.10124    0.10437    0.10483    0.11548    0.11570    0.11738    0.12025
   0.12222    0.12277    0.12362    0.12564    0.13390    0.13395    0.13631    0.13863
   0.13892    0.13919    0.13934    0.13943    0.15268    0.16091    0.16232    0.16586
   0.21507    0.21515    0.21588    0.21626    0.21634    0.21711    0.22137    0.27970
   0.29067    0.29662    0.31756    0.32890    0.33810    0.37148    0.38107    0.38233
   0.38871    0.38905    0.39248    0.39902    0.40000    0.40278    0.40942    0.41074
   0.41928    0.42173    0.42200
 Eigenvalues (hartree) for nkpt=   1  k points, SPIN DOWN:
 kpt#   1, nband=115, wtk=  1.00000, kpt=  0.0000  0.0000  0.0000 (reduced coord)
  -1.39317   -1.39274   -1.39273   -1.39261   -1.39254   -1.39224   -1.39220   -1.39217
  -1.12237   -1.05247   -1.04822   -1.04618   -0.47258   -0.47210   -0.46718   -0.46679
  -0.45931   -0.45595   -0.45257   -0.45191   -0.41268   -0.41061   -0.40866   -0.40635
  -0.39296   -0.38889   -0.38721   -0.38442   -0.37673   -0.37020   -0.36870   -0.36067
  -0.35322   -0.30971   -0.30882   -0.30841   -0.30760   -0.30685   -0.30394   -0.30335
  -0.02468   -0.01588   -0.01549   -0.01138   -0.01028    0.01887    0.01924    0.02743
   0.02781    0.02795    0.03961    0.04638    0.04767    0.05518    0.06738    0.06851
   0.06879    0.07215    0.07262    0.07832    0.07915    0.09002    0.09073    0.09557
   0.10143    0.10182    0.10453    0.10489    0.11576    0.11580    0.11737    0.12103
   0.12365    0.12405    0.12482    0.12572    0.13383    0.13450    0.13898    0.13902
   0.13911    0.13940    0.13954    0.14016    0.15375    0.16252    0.16332    0.16639
   0.28867    0.29195    0.30032    0.32294    0.33685    0.33724    0.37679    0.38579
   0.38799    0.38837    0.39204    0.39416    0.39818    0.40060    0.41043    0.41094
   0.41561    0.42151    0.42229    0.42510    0.42776    0.42931    0.43125    0.45236
   0.45356    0.46475    0.46517
