
 **** DERIVATIVE DATABASE ****    
+DDB, Version number  20230401

  Note : temporary (transfer) database

    usepaw         1
     natom        36
      nkpt         1
    nsppol         2
      nsym         1
    ntypat         6
    occopt         2
     nband       115
     acell  0.10000000000000D+01  0.10000000000000D+01  0.10000000000000D+01
       amu  0.15196500000000D+03  0.87620000000000D+02  0.69410000000000D+01
            0.26981539000000D+02  0.14006740000000D+02  0.15999400000000D+02
   dilatmx  0.10000000000000D+01
      ecut  0.10000000000000D+02
 pawecutdg  0.20000000000000D+02
    ecutsm  0.00000000000000D+00
     intxc         0
      iscf        17
       ixc     -1012
       kpt  0.00000000000000D+00  0.00000000000000D+00  0.00000000000000D+00
    kptnrm  0.10000000000000D+01
     ngfft        45   45   36
    nspden         2
   nspinor         1
       occ  0.10000000000000D+01  0.10000000000000D+01  0.10000000000000D+01
            0.10000000000000D+01  0.10000000000000D+01  0.10000000000000D+01
            0.10000000000000D+01  0.10000000000000D+01  0.10000000000000D+01
            0.10000000000000D+01  0.10000000000000D+01  0.10000000000000D+01
            0.10000000000000D+01  0.10000000000000D+01  0.10000000000000D+01
            0.10000000000000D+01  0.10000000000000D+01  0.10000000000000D+01
            0.10000000000000D+01  0.10000000000000D+01  0.10000000000000D+01
            0.10000000000000D+01  0.10000000000000D+01  0.10000000000000D+01
            0.10000000000000D+01  0.10000000000000D+01  0.10000000000000D+01
            0.10000000000000D+01  0.10000000000000D+01  0.10000000000000D+01
            0.10000000000000D+01  0.10000000000000D+01  0.10000000000000D+01
            0.10000000000000D+01  0.10000000000000D+01  0.10000000000000D+01
            0.10000000000000D+01  0.10000000000000D+01  0.10000000000000D+01
            0.10000000000000D+01  0.10000000000000D+01  0.10000000000000D+01
            0.10000000000000D+01  0.10000000000000D+01  0.10000000000000D+01
            0.10000000000000D+01  0.10000000000000D+01  0.10000000000000D+01
            0.10000000000000D+01  0.10000000000000D+01  0.10000000000000D+01
            0.10000000000000D+01  0.10000000000000D+01  0.10000000000000D+01
            0.10000000000000D+01  0.10000000000000D+01  0.10000000000000D+01
            0.10000000000000D+01  0.10000000000000D+01  0.10000000000000D+01
            0.10000000000000D+01  0.10000000000000D+01  0.10000000000000D+01
            0.10000000000000D+01  0.10000000000000D+01  0.10000000000000D+01
            0.10000000000000D+01  0.10000000000000D+01  0.10000000000000D+01
            0.10000000000000D+01  0.10000000000000D+01  0.10000000000000D+01
            0.10000000000000D+01  0.10000000000000D+01  0.10000000000000D+01
            0.10000000000000D+01  0.10000000000000D+01  0.10000000000000D+01
            0.10000000000000D+01  0.10000000000000D+01  0.10000000000000D+01
            0.10000000000000D+01  0.10000000000000D+01  0.10000000000000D+01
            0.10000000000000D+01  0.10000000000000D+01  0.10000000000000D+01
            0.10000000000000D+01  0.10000000000000D+01  0.10000000000000D+01
            0.10000000000000D+01  0.10000000000000D+01  0.10000000000000D+01
            0.10000000000000D+01  0.10000000000000D+01  0.00000000000000D+00
            0.00000000000000D+00  0.00000000000000D+00  0.00000000000000D+00
            0.00000000000000D+00  0.00000000000000D+00  0.00000000000000D+00
            0.00000000000000D+00  0.00000000000000D+00  0.00000000000000D+00
            0.00000000000000D+00  0.00000000000000D+00  0.00000000000000D+00
            0.00000000000000D+00  0.00000000000000D+00  0.00000000000000D+00
            0.00000000000000D+00  0.00000000000000D+00  0.00000000000000D+00
            0.00000000000000D+00
     rprim  0.15040330225900D+02  0.00000000000000D+00  0.00000000000000D+00
            0.00000000000000D+00  0.15040330225900D+02  0.00000000000000D+00
            0.00000000000000D+00  0.00000000000000D+00  0.12033775961600D+02
  dfpt_sciss  0.00000000000000D+00
    spinat  0.00000000000000D+00  0.00000000000000D+00  0.00000000000000D+00
            0.00000000000000D+00  0.00000000000000D+00  0.00000000000000D+00
            0.00000000000000D+00  0.00000000000000D+00  0.00000000000000D+00
            0.00000000000000D+00  0.00000000000000D+00  0.00000000000000D+00
            0.00000000000000D+00  0.00000000000000D+00  0.00000000000000D+00
            0.00000000000000D+00  0.00000000000000D+00  0.00000000000000D+00
            0.00000000000000D+00  0.00000000000000D+00  0.00000000000000D+00
            0.00000000000000D+00  0.00000000000000D+00  0.00000000000000D+00
            0.00000000000000D+00  0.00000000000000D+00  0.00000000000000D+00
            0.00000000000000D+00  0.00000000000000D+00  0.00000000000000D+00
            0.00000000000000D+00  0.00000000000000D+00  0.00000000000000D+00
            0.00000000000000D+00  0.00000000000000D+00  0.00000000000000D+00
            0.00000000000000D+00  0.00000000000000D+00  0.00000000000000D+00
            0.00000000000000D+00  0.00000000000000D+00  0.00000000000000D+00
            0.00000000000000D+00  0.00000000000000D+00  0.00000000000000D+00
            0.00000000000000D+00  0.00000000000000D+00  0.00000000000000D+00
            0.00000000000000D+00  0.00000000000000D+00  0.00000000000000D+00
            0.00000000000000D+00  0.00000000000000D+00  0.00000000000000D+00
            0.00000000000000D+00  0.00000000000000D+00  0.00000000000000D+00
            0.00000000000000D+00  0.00000000000000D+00  0.00000000000000D+00
            0.00000000000000D+00  0.00000000000000D+00  0.00000000000000D+00
            0.00000000000000D+00  0.00000000000000D+00  0.00000000000000D+00
            0.00000000000000D+00  0.00000000000000D+00  0.00000000000000D+00
            0.00000000000000D+00  0.00000000000000D+00  0.00000000000000D+00
            0.00000000000000D+00  0.00000000000000D+00  0.00000000000000D+00
            0.00000000000000D+00  0.00000000000000D+00  0.00000000000000D+00
            0.00000000000000D+00  0.00000000000000D+00  0.00000000000000D+00
            0.00000000000000D+00  0.00000000000000D+00  0.00000000000000D+00
            0.00000000000000D+00  0.00000000000000D+00  0.00000000000000D+00
            0.00000000000000D+00  0.00000000000000D+00  0.00000000000000D+00
            0.00000000000000D+00  0.00000000000000D+00  0.00000000000000D+00
            0.00000000000000D+00  0.00000000000000D+00  0.00000000000000D+00
            0.00000000000000D+00  0.00000000000000D+00  0.00000000000000D+00
            0.00000000000000D+00  0.00000000000000D+00  0.00000000000000D+00
            0.00000000000000D+00  0.00000000000000D+00  0.00000000000000D+00
            0.00000000000000D+00  0.00000000000000D+00  0.00000000000000D+00
    symafm         1
    symrel         1    0    0    0    1    0    0    0    1
     tnons  0.00000000000000D+00  0.00000000000000D+00  0.00000000000000D+00
    tolwfr  0.10000000000000D+01
   tphysel  0.00000000000000D+00
    tsmear  0.10000000000000D-01
     typat         1    2    2    2    3    3    3    3    3    3    3    3
                   4    4    4    4    4    4    4    4    5    5    5    5
                   5    5    5    5    6    6    6    6    6    6    6    6
       wtk  0.10000000000000D+01
      xred  0.50000000000000D+00  0.00000000000000D+00  0.25000000000000D+00
            0.50000000000000D+00  0.00000000000000D+00  0.75000000000000D+00
            0.10000000000000D+01  0.50000000000000D+00  0.11890596229000D-03
            0.10000000000000D+01  0.50000000000000D+00  0.49988109400000D+00
            0.12744374710000D+00  0.82536213210000D+00  0.25000000000000D+00
            0.12704638640000D+00  0.82502282330000D+00  0.75000000000000D+00
            0.87255625290000D+00  0.17463786790000D+00  0.25000000000000D+00
            0.87295361360000D+00  0.17497717670000D+00  0.75000000000000D+00
            0.17499169840000D+00  0.12728967160000D+00  0.28739574230000D-03
            0.17499169840000D+00  0.12728967160000D+00  0.49971260430000D+00
            0.82500830160000D+00  0.87271032840000D+00  0.28739574230000D-03
            0.82500830160000D+00  0.87271032840000D+00  0.49971260430000D+00
            0.35173806670000D+00  0.68241995630000D+00  0.21289163617000D-03
            0.35173806670000D+00  0.68241995630000D+00  0.49978710840000D+00
            0.64826193330000D+00  0.31758004370000D+00  0.21289163617000D-03
            0.64826193330000D+00  0.31758004370000D+00  0.49978710840000D+00
            0.31780576680000D+00  0.35109081090000D+00  0.25000000000000D+00
            0.31777456060000D+00  0.35154217070000D+00  0.75000000000000D+00
            0.68219423320000D+00  0.64890918910000D+00  0.25000000000000D+00
            0.68222543940000D+00  0.64845782930000D+00  0.75000000000000D+00
            0.58430476540000D+00  0.73216655310000D+00  0.99992821440000D+00
            0.58430476540000D+00  0.73091011390000D+00  0.50007178560000D+00
            0.41569523460000D+00  0.26908988610000D+00  0.99992821440000D+00
            0.41569523460000D+00  0.26908988610000D+00  0.50007178560000D+00
            0.27019712620000D+00  0.58410218790000D+00  0.25000000000000D+00
            0.27041286440000D+00  0.58437089430000D+00  0.75000000000000D+00
            0.72980287380000D+00  0.41589781210000D+00  0.25000000000000D+00
            0.72958713560000D+00  0.41562910570000D+00  0.75000000000000D+00
            0.25250920030000D+00  0.88699605780000D+00  0.99991734080000D+00
            0.25250920030000D+00  0.88699605780000D+00  0.50008265920000D+00
            0.74749079970000D+00  0.11300394220000D+00  0.99991734080000D+00
            0.74749079970000D+00  0.11300394220000D+00  0.50008265920000D+00
            0.11279815010000D+00  0.25309031310000D+00  0.25000000000000D+00
            0.11273121590000D+00  0.25349138290000D+00  0.75000000000000D+00
            0.88720184990000D+00  0.74690968690000D+00  0.25000000000000D+00
            0.88726878410000D+00  0.74650861710000D+00  0.75000000000000D+00
     znucl  0.63000000000000D+02  0.38000000000000D+02  0.30000000000000D+01
            0.13000000000000D+02  0.70000000000000D+01  0.80000000000000D+01
      zion  0.17000000000000D+02  0.10000000000000D+02  0.30000000000000D+01
            0.30000000000000D+01  0.50000000000000D+01  0.60000000000000D+01
 
 No information on the potentials yet 
 
 **** Database of total energy derivatives ****
 Number of data blocks=    2
  
 1st derivatives              - # elements :         114
     1     1 -0.17432914537122D-03  0.00000000000000D+00
     2     1  0.79268917962304D-03  0.00000000000000D+00
     3     1  0.49962669475681D-05  0.00000000000000D+00
     1     2 -0.23051194010960D-03  0.00000000000000D+00
     2     2  0.75360161846277D-03  0.00000000000000D+00
     3     2 -0.39066895252031D-06  0.00000000000000D+00
     1     3 -0.60133866612939D-03  0.00000000000000D+00
     2     3 -0.10851868830122D-03  0.00000000000000D+00
     3     3  0.41382468410547D-03  0.00000000000000D+00
     1     4 -0.37752935928245D-03  0.00000000000000D+00
     2     4 -0.17490007304439D-03  0.00000000000000D+00
     3     4 -0.41241371699175D-03  0.00000000000000D+00
     1     5  0.32781314943928D-02  0.00000000000000D+00
     2     5  0.33956526258701D-02  0.00000000000000D+00
     3     5  0.25296210363227D-03  0.00000000000000D+00
     1     6  0.22114503649194D-02  0.00000000000000D+00
     2     6  0.34803513284175D-02  0.00000000000000D+00
     3     6 -0.25441191822077D-03  0.00000000000000D+00
     1     7 -0.32827518240543D-02  0.00000000000000D+00
     2     7 -0.32309144241436D-02  0.00000000000000D+00
     3     7  0.33522490589024D-03  0.00000000000000D+00
     1     8 -0.22235007464211D-02  0.00000000000000D+00
     2     8 -0.33098194604852D-02  0.00000000000000D+00
     3     8 -0.33971391297929D-03  0.00000000000000D+00
     1     9 -0.20999932598828D-02  0.00000000000000D+00
     2     9  0.41850482130323D-02  0.00000000000000D+00
     3     9  0.81464314172490D-03  0.00000000000000D+00
     1    10 -0.23917387204398D-02  0.00000000000000D+00
     2    10  0.38261654456776D-02  0.00000000000000D+00
     3    10 -0.81019225860433D-03  0.00000000000000D+00
     1    11  0.30334381963414D-02  0.00000000000000D+00
     2    11 -0.45972954801554D-02  0.00000000000000D+00
     3    11  0.83879870649293D-03  0.00000000000000D+00
     1    12  0.22482829628060D-02  0.00000000000000D+00
     2    12 -0.36373012886061D-02  0.00000000000000D+00
     3    12 -0.82645328968343D-03  0.00000000000000D+00
     1    13 -0.10478042734188D-01  0.00000000000000D+00
     2    13 -0.14393601015124D-01  0.00000000000000D+00
     3    13  0.13163499868456D-02  0.00000000000000D+00
     1    14 -0.84513473196917D-02  0.00000000000000D+00
     2    14 -0.86264338397917D-02  0.00000000000000D+00
     3    14 -0.12770919169149D-02  0.00000000000000D+00
     1    15  0.70894748680116D-02  0.00000000000000D+00
     2    15  0.11725256681857D-01  0.00000000000000D+00
     3    15  0.12533775688607D-02  0.00000000000000D+00
     1    16  0.97661165064367D-02  0.00000000000000D+00
     2    16  0.85840359898634D-02  0.00000000000000D+00
     3    16 -0.12467368402739D-02  0.00000000000000D+00
     1    17  0.56341894459528D-02  0.00000000000000D+00
     2    17 -0.10992821672322D-01  0.00000000000000D+00
     3    17 -0.49496052351554D-03  0.00000000000000D+00
     1    18  0.63010081408063D-02  0.00000000000000D+00
     2    18 -0.96544408912609D-02  0.00000000000000D+00
     3    18  0.49839579951063D-03  0.00000000000000D+00
     1    19 -0.33857836244850D-02  0.00000000000000D+00
     2    19  0.39157972151438D-02  0.00000000000000D+00
     3    19  0.30066782171168D-02  0.00000000000000D+00
     1    20 -0.40024091472948D-02  0.00000000000000D+00
     2    20  0.24060317474006D-02  0.00000000000000D+00
     3    20 -0.30241904787997D-02  0.00000000000000D+00
     1    21  0.66512355106593D-02  0.00000000000000D+00
     2    21  0.25995699207640D-01  0.00000000000000D+00
     3    21 -0.21487560030143D-02  0.00000000000000D+00
     1    22  0.61562957907383D-02  0.00000000000000D+00
     2    22  0.70265666791210D-02  0.00000000000000D+00
     3    22  0.23201429825659D-02  0.00000000000000D+00
     1    23 -0.68138514495992D-02  0.00000000000000D+00
     2    23 -0.54271911007725D-02  0.00000000000000D+00
     3    23 -0.22927203801375D-02  0.00000000000000D+00
     1    24 -0.62148641177051D-02  0.00000000000000D+00
     2    24 -0.56050725498856D-02  0.00000000000000D+00
     3    24  0.21892979057065D-02  0.00000000000000D+00
     1    25 -0.40924934002309D-02  0.00000000000000D+00
     2    25  0.10376042015795D-01  0.00000000000000D+00
     3    25  0.10075885990301D-02  0.00000000000000D+00
     1    26 -0.62302382315210D-02  0.00000000000000D+00
     2    26  0.53908820805202D-02  0.00000000000000D+00
     3    26 -0.10280555276658D-02  0.00000000000000D+00
     1    27  0.40683830195888D-02  0.00000000000000D+00
     2    27 -0.11834191068212D-01  0.00000000000000D+00
     3    27  0.21143629296158D-02  0.00000000000000D+00
     1    28  0.62177544121664D-02  0.00000000000000D+00
     2    28 -0.68320165366607D-02  0.00000000000000D+00
     3    28 -0.21085958808392D-02  0.00000000000000D+00
     1    29 -0.25614487959318D-02  0.00000000000000D+00
     2    29 -0.25018336546074D-01  0.00000000000000D+00
     3    29 -0.28340841821989D-03  0.00000000000000D+00
     1    30 -0.45764137523587D-02  0.00000000000000D+00
     2    30 -0.23938158556953D-01  0.00000000000000D+00
     3    30  0.26292894125576D-03  0.00000000000000D+00
     1    31  0.35780616594796D-02  0.00000000000000D+00
     2    31  0.20474724138720D-01  0.00000000000000D+00
     3    31 -0.27176329703525D-03  0.00000000000000D+00
     1    32  0.39586279883289D-02  0.00000000000000D+00
     2    32  0.23348787396915D-01  0.00000000000000D+00
     3    32  0.24705488232000D-03  0.00000000000000D+00
     1    33  0.22083132575431D-01  0.00000000000000D+00
     2    33 -0.11309483922215D-01  0.00000000000000D+00
     3    33 -0.79671936982224D-04  0.00000000000000D+00
     1    34  0.20508204068076D-01  0.00000000000000D+00
     2    34 -0.89499186392688D-02  0.00000000000000D+00
     3    34  0.83874746245212D-04  0.00000000000000D+00
     1    35 -0.22609662623136D-01  0.00000000000000D+00
     2    35  0.12451518462657D-01  0.00000000000000D+00
     3    35 -0.37781864278576D-03  0.00000000000000D+00
     1    36 -0.21064260124057D-01  0.00000000000000D+00
     2    36  0.10111816630240D-01  0.00000000000000D+00
     3    36  0.38557567163050D-03  0.00000000000000D+00
     1    39  0.26504984153834D-02  0.00000000000000D+00
     2    39  0.26527811414232D-02  0.00000000000000D+00
     3    39  0.24364402716381D-02  0.00000000000000D+00
     1    40 -0.10707114014107D-07  0.00000000000000D+00
     2    40  0.17515351908576D-09  0.00000000000000D+00
     3    40 -0.17730819306242D-05  0.00000000000000D+00
  
 Total energy                 - # elements :           1
 -0.47548224522462D+03  0.00000000000000D+00
