 Fermi (or HOMO) energy (hartree) =   0.22157   Average Vxc (hartree)=  -0.38908
 Eigenvalues (hartree) for nkpt=   1  k points, SPIN UP:
 kpt#   1, nband=115, wtk=  1.00000, kpt=  0.0000  0.0000  0.0000 (reduced coord)
  -1.39325   -1.39277   -1.39270   -1.39266   -1.39263   -1.39257   -1.39244   -1.39240
  -1.22937   -1.05231   -1.04816   -1.04601   -0.48968   -0.48772   -0.47396   -0.46690
  -0.46672   -0.45928   -0.45591   -0.45224   -0.45180   -0.43727   -0.43718   -0.41225
  -0.40846   -0.40136   -0.39283   -0.38877   -0.38513   -0.38106   -0.37669   -0.37004
  -0.35308   -0.31239   -0.30968   -0.30881   -0.30813   -0.30758   -0.30464   -0.30391
  -0.02493   -0.01653   -0.01572   -0.01149   -0.01142    0.01848    0.01880    0.02673
   0.02726    0.02781    0.03928    0.04577    0.04662    0.05414    0.06645    0.06823
   0.06836    0.07122    0.07171    0.07810    0.07857    0.08941    0.08984    0.09505
   0.09965    0.10127    0.10439    0.10482    0.11550    0.11580    0.11740    0.12027
   0.12207    0.12281    0.12361    0.12567    0.13391    0.13403    0.13635    0.13861
   0.13896    0.13930    0.13936    0.13939    0.15270    0.16088    0.16231    0.16584
   0.21525    0.21534    0.21607    0.21644    0.21652    0.21730    0.22157    0.27981
   0.29058    0.29663    0.31770    0.32882    0.33807    0.37159    0.38117    0.38243
   0.38889    0.38916    0.39227    0.39893    0.39993    0.40302    0.40950    0.41093
   0.41930    0.42135    0.42180
 Eigenvalues (hartree) for nkpt=   1  k points, SPIN DOWN:
 kpt#   1, nband=115, wtk=  1.00000, kpt=  0.0000  0.0000  0.0000 (reduced coord)
  -1.39325   -1.39277   -1.39269   -1.39266   -1.39261   -1.39259   -1.39244   -1.39239
  -1.12219   -1.05229   -1.04798   -1.04600   -0.47253   -0.47223   -0.46712   -0.46690
  -0.45934   -0.45600   -0.45255   -0.45201   -0.41256   -0.41051   -0.40845   -0.40623
  -0.39281   -0.38874   -0.38703   -0.38422   -0.37651   -0.37003   -0.36856   -0.36046
  -0.35313   -0.30971   -0.30883   -0.30834   -0.30760   -0.30663   -0.30395   -0.30317
  -0.02464   -0.01580   -0.01554   -0.01134   -0.01016    0.01884    0.01928    0.02741
   0.02778    0.02801    0.03949    0.04636    0.04761    0.05522    0.06728    0.06847
   0.06880    0.07203    0.07269    0.07833    0.07911    0.09002    0.09070    0.09562
   0.10146    0.10184    0.10455    0.10488    0.11578    0.11590    0.11740    0.12105
   0.12349    0.12405    0.12488    0.12575    0.13390    0.13452    0.13895    0.13904
   0.13925    0.13943    0.13952    0.14020    0.15377    0.16251    0.16329    0.16638
   0.28878    0.29186    0.30032    0.32306    0.33679    0.33721    0.37687    0.38587
   0.38816    0.38846    0.39182    0.39425    0.39807    0.40055    0.41060    0.41112
   0.41573    0.42120    0.42212    0.42514    0.42770    0.42949    0.43128    0.45242
   0.45356    0.46473    0.46533
