 Fermi (or HOMO) energy (hartree) =   0.22137   Average Vxc (hartree)=  -0.38907
 Eigenvalues (hartree) for nkpt=   1  k points, SPIN UP:
 kpt#   1, nband=115, wtk=  1.00000, kpt=  0.0000  0.0000  0.0000 (reduced coord)
  -1.39349   -1.39314   -1.39285   -1.39278   -1.39273   -1.39263   -1.39251   -1.39226
  -1.22956   -1.05235   -1.04836   -1.04605   -0.48982   -0.48786   -0.47407   -0.46699
  -0.46684   -0.45941   -0.45605   -0.45236   -0.45195   -0.43741   -0.43733   -0.41224
  -0.40857   -0.40147   -0.39285   -0.38882   -0.38531   -0.38124   -0.37680   -0.37008
  -0.35302   -0.31245   -0.30956   -0.30867   -0.30807   -0.30742   -0.30466   -0.30376
  -0.02489   -0.01649   -0.01559   -0.01150   -0.01140    0.01849    0.01884    0.02669
   0.02718    0.02781    0.03932    0.04574    0.04659    0.05404    0.06645    0.06816
   0.06826    0.07119    0.07162    0.07802    0.07850    0.08931    0.08976    0.09499
   0.09952    0.10116    0.10434    0.10472    0.11553    0.11582    0.11733    0.12017
   0.12230    0.12274    0.12363    0.12576    0.13400    0.13408    0.13639    0.13880
   0.13899    0.13923    0.13942    0.13949    0.15278    0.16098    0.16237    0.16593
   0.21506    0.21515    0.21589    0.21626    0.21634    0.21712    0.22137    0.27973
   0.29053    0.29664    0.31763    0.32890    0.33812    0.37149    0.38106    0.38232
   0.38891    0.38911    0.39264    0.39910    0.40015    0.40288    0.40947    0.41088
   0.41918    0.42131    0.42168
 Eigenvalues (hartree) for nkpt=   1  k points, SPIN DOWN:
 kpt#   1, nband=115, wtk=  1.00000, kpt=  0.0000  0.0000  0.0000 (reduced coord)
  -1.39351   -1.39315   -1.39284   -1.39276   -1.39272   -1.39265   -1.39251   -1.39224
  -1.12237   -1.05233   -1.04818   -1.04604   -0.47264   -0.47234   -0.46724   -0.46699
  -0.45947   -0.45614   -0.45266   -0.45217   -0.41255   -0.41056   -0.40857   -0.40636
  -0.39282   -0.38880   -0.38718   -0.38440   -0.37663   -0.37007   -0.36873   -0.36065
  -0.35307   -0.30958   -0.30870   -0.30828   -0.30747   -0.30671   -0.30380   -0.30321
  -0.02460   -0.01577   -0.01541   -0.01131   -0.01017    0.01888    0.01930    0.02738
   0.02771    0.02800    0.03953    0.04633    0.04757    0.05512    0.06729    0.06841
   0.06870    0.07201    0.07260    0.07825    0.07904    0.08992    0.09061    0.09556
   0.10134    0.10171    0.10451    0.10477    0.11581    0.11592    0.11733    0.12094
   0.12374    0.12407    0.12479    0.12584    0.13395    0.13460    0.13905    0.13913
   0.13919    0.13949    0.13961    0.14026    0.15384    0.16258    0.16339    0.16646
   0.28873    0.29181    0.30036    0.32299    0.33685    0.33726    0.37680    0.38573
   0.38820    0.38838    0.39219    0.39424    0.39829    0.40074    0.41054    0.41104
   0.41571    0.42110    0.42200    0.42501    0.42776    0.42936    0.43117    0.45250
   0.45348    0.46474    0.46516
