
 **** DERIVATIVE DATABASE ****    
+DDB, Version number  20230401

  Note : temporary (transfer) database

    usepaw         1
     natom        36
      nkpt         1
    nsppol         2
      nsym         1
    ntypat         6
    occopt         2
     nband       115
     acell  0.10000000000000D+01  0.10000000000000D+01  0.10000000000000D+01
       amu  0.15196500000000D+03  0.87620000000000D+02  0.69410000000000D+01
            0.26981539000000D+02  0.14006740000000D+02  0.15999400000000D+02
   dilatmx  0.10000000000000D+01
      ecut  0.10000000000000D+02
 pawecutdg  0.20000000000000D+02
    ecutsm  0.00000000000000D+00
     intxc         0
      iscf        17
       ixc     -1012
       kpt  0.00000000000000D+00  0.00000000000000D+00  0.00000000000000D+00
    kptnrm  0.10000000000000D+01
     ngfft        45   45   36
    nspden         2
   nspinor         1
       occ  0.10000000000000D+01  0.10000000000000D+01  0.10000000000000D+01
            0.10000000000000D+01  0.10000000000000D+01  0.10000000000000D+01
            0.10000000000000D+01  0.10000000000000D+01  0.10000000000000D+01
            0.10000000000000D+01  0.10000000000000D+01  0.10000000000000D+01
            0.10000000000000D+01  0.10000000000000D+01  0.10000000000000D+01
            0.10000000000000D+01  0.10000000000000D+01  0.10000000000000D+01
            0.10000000000000D+01  0.10000000000000D+01  0.10000000000000D+01
            0.10000000000000D+01  0.10000000000000D+01  0.10000000000000D+01
            0.10000000000000D+01  0.10000000000000D+01  0.10000000000000D+01
            0.10000000000000D+01  0.10000000000000D+01  0.10000000000000D+01
            0.10000000000000D+01  0.10000000000000D+01  0.10000000000000D+01
            0.10000000000000D+01  0.10000000000000D+01  0.10000000000000D+01
            0.10000000000000D+01  0.10000000000000D+01  0.10000000000000D+01
            0.10000000000000D+01  0.10000000000000D+01  0.10000000000000D+01
            0.10000000000000D+01  0.10000000000000D+01  0.10000000000000D+01
            0.10000000000000D+01  0.10000000000000D+01  0.10000000000000D+01
            0.10000000000000D+01  0.10000000000000D+01  0.10000000000000D+01
            0.10000000000000D+01  0.10000000000000D+01  0.10000000000000D+01
            0.10000000000000D+01  0.10000000000000D+01  0.10000000000000D+01
            0.10000000000000D+01  0.10000000000000D+01  0.10000000000000D+01
            0.10000000000000D+01  0.10000000000000D+01  0.10000000000000D+01
            0.10000000000000D+01  0.10000000000000D+01  0.10000000000000D+01
            0.10000000000000D+01  0.10000000000000D+01  0.10000000000000D+01
            0.10000000000000D+01  0.10000000000000D+01  0.10000000000000D+01
            0.10000000000000D+01  0.10000000000000D+01  0.10000000000000D+01
            0.10000000000000D+01  0.10000000000000D+01  0.10000000000000D+01
            0.10000000000000D+01  0.10000000000000D+01  0.10000000000000D+01
            0.10000000000000D+01  0.10000000000000D+01  0.10000000000000D+01
            0.10000000000000D+01  0.10000000000000D+01  0.10000000000000D+01
            0.10000000000000D+01  0.10000000000000D+01  0.10000000000000D+01
            0.10000000000000D+01  0.10000000000000D+01  0.10000000000000D+01
            0.10000000000000D+01  0.10000000000000D+01  0.00000000000000D+00
            0.00000000000000D+00  0.00000000000000D+00  0.00000000000000D+00
            0.00000000000000D+00  0.00000000000000D+00  0.00000000000000D+00
            0.00000000000000D+00  0.00000000000000D+00  0.00000000000000D+00
            0.00000000000000D+00  0.00000000000000D+00  0.00000000000000D+00
            0.00000000000000D+00  0.00000000000000D+00  0.00000000000000D+00
            0.00000000000000D+00  0.00000000000000D+00  0.00000000000000D+00
            0.00000000000000D+00
     rprim  0.15040330225900D+02  0.00000000000000D+00  0.00000000000000D+00
            0.00000000000000D+00  0.15040330225900D+02  0.00000000000000D+00
            0.00000000000000D+00  0.00000000000000D+00  0.12033775961600D+02
  dfpt_sciss  0.00000000000000D+00
    spinat  0.00000000000000D+00  0.00000000000000D+00  0.00000000000000D+00
            0.00000000000000D+00  0.00000000000000D+00  0.00000000000000D+00
            0.00000000000000D+00  0.00000000000000D+00  0.00000000000000D+00
            0.00000000000000D+00  0.00000000000000D+00  0.00000000000000D+00
            0.00000000000000D+00  0.00000000000000D+00  0.00000000000000D+00
            0.00000000000000D+00  0.00000000000000D+00  0.00000000000000D+00
            0.00000000000000D+00  0.00000000000000D+00  0.00000000000000D+00
            0.00000000000000D+00  0.00000000000000D+00  0.00000000000000D+00
            0.00000000000000D+00  0.00000000000000D+00  0.00000000000000D+00
            0.00000000000000D+00  0.00000000000000D+00  0.00000000000000D+00
            0.00000000000000D+00  0.00000000000000D+00  0.00000000000000D+00
            0.00000000000000D+00  0.00000000000000D+00  0.00000000000000D+00
            0.00000000000000D+00  0.00000000000000D+00  0.00000000000000D+00
            0.00000000000000D+00  0.00000000000000D+00  0.00000000000000D+00
            0.00000000000000D+00  0.00000000000000D+00  0.00000000000000D+00
            0.00000000000000D+00  0.00000000000000D+00  0.00000000000000D+00
            0.00000000000000D+00  0.00000000000000D+00  0.00000000000000D+00
            0.00000000000000D+00  0.00000000000000D+00  0.00000000000000D+00
            0.00000000000000D+00  0.00000000000000D+00  0.00000000000000D+00
            0.00000000000000D+00  0.00000000000000D+00  0.00000000000000D+00
            0.00000000000000D+00  0.00000000000000D+00  0.00000000000000D+00
            0.00000000000000D+00  0.00000000000000D+00  0.00000000000000D+00
            0.00000000000000D+00  0.00000000000000D+00  0.00000000000000D+00
            0.00000000000000D+00  0.00000000000000D+00  0.00000000000000D+00
            0.00000000000000D+00  0.00000000000000D+00  0.00000000000000D+00
            0.00000000000000D+00  0.00000000000000D+00  0.00000000000000D+00
            0.00000000000000D+00  0.00000000000000D+00  0.00000000000000D+00
            0.00000000000000D+00  0.00000000000000D+00  0.00000000000000D+00
            0.00000000000000D+00  0.00000000000000D+00  0.00000000000000D+00
            0.00000000000000D+00  0.00000000000000D+00  0.00000000000000D+00
            0.00000000000000D+00  0.00000000000000D+00  0.00000000000000D+00
            0.00000000000000D+00  0.00000000000000D+00  0.00000000000000D+00
            0.00000000000000D+00  0.00000000000000D+00  0.00000000000000D+00
            0.00000000000000D+00  0.00000000000000D+00  0.00000000000000D+00
            0.00000000000000D+00  0.00000000000000D+00  0.00000000000000D+00
            0.00000000000000D+00  0.00000000000000D+00  0.00000000000000D+00
    symafm         1
    symrel         1    0    0    0    1    0    0    0    1
     tnons  0.00000000000000D+00  0.00000000000000D+00  0.00000000000000D+00
    tolwfr  0.10000000000000D+01
   tphysel  0.00000000000000D+00
    tsmear  0.10000000000000D-01
     typat         1    2    2    2    3    3    3    3    3    3    3    3
                   4    4    4    4    4    4    4    4    5    5    5    5
                   5    5    5    5    6    6    6    6    6    6    6    6
       wtk  0.10000000000000D+01
      xred  0.50000000000000D+00  0.00000000000000D+00  0.25000000000000D+00
            0.50000000000000D+00  0.00000000000000D+00  0.75000000000000D+00
            0.10000000000000D+01  0.50000000000000D+00  0.11890596229000D-03
            0.10000000000000D+01  0.50000000000000D+00  0.49988109400000D+00
            0.12744374710000D+00  0.82536213210000D+00  0.25000000000000D+00
            0.12704638640000D+00  0.82502282330000D+00  0.75000000000000D+00
            0.87255625290000D+00  0.17463786790000D+00  0.25000000000000D+00
            0.87295361360000D+00  0.17497717670000D+00  0.75000000000000D+00
            0.17499169840000D+00  0.12728967160000D+00  0.28739574230000D-03
            0.17499169840000D+00  0.12728967160000D+00  0.49971260430000D+00
            0.82500830160000D+00  0.87271032840000D+00  0.28739574230000D-03
            0.82500830160000D+00  0.87271032840000D+00  0.49971260430000D+00
            0.35173806670000D+00  0.68241995630000D+00  0.21289163617000D-03
            0.35173806670000D+00  0.68241995630000D+00  0.49978710840000D+00
            0.64826193330000D+00  0.31758004370000D+00  0.21289163617000D-03
            0.64826193330000D+00  0.31758004370000D+00  0.49978710840000D+00
            0.31780576680000D+00  0.35109081090000D+00  0.25000000000000D+00
            0.31777456060000D+00  0.35154217070000D+00  0.75000000000000D+00
            0.68219423320000D+00  0.64890918910000D+00  0.25000000000000D+00
            0.68222543940000D+00  0.64845782930000D+00  0.75000000000000D+00
            0.58430476540000D+00  0.73091011390000D+00  0.99992821440000D+00
            0.58430476540000D+00  0.73091011390000D+00  0.50007178560000D+00
            0.41569523460000D+00  0.26908988610000D+00  0.99992821440000D+00
            0.41569523460000D+00  0.26908988610000D+00  0.50007178560000D+00
            0.27019712620000D+00  0.58410218790000D+00  0.25000000000000D+00
            0.27041286440000D+00  0.58437089430000D+00  0.75000000000000D+00
            0.72980287380000D+00  0.41589781210000D+00  0.25000000000000D+00
            0.72958713560000D+00  0.41562910570000D+00  0.75000000000000D+00
            0.25250920030000D+00  0.88699605780000D+00  0.99991734080000D+00
            0.25250920030000D+00  0.88699605780000D+00  0.50008265920000D+00
            0.74749079970000D+00  0.11300394220000D+00  0.99991734080000D+00
            0.74749079970000D+00  0.11300394220000D+00  0.50008265920000D+00
            0.11279815010000D+00  0.25309031310000D+00  0.25000000000000D+00
            0.11371228210000D+00  0.25349138290000D+00  0.75098106610000D+00
            0.88720184990000D+00  0.74690968690000D+00  0.25000000000000D+00
            0.88726878410000D+00  0.74650861710000D+00  0.75000000000000D+00
     znucl  0.63000000000000D+02  0.38000000000000D+02  0.30000000000000D+01
            0.13000000000000D+02  0.70000000000000D+01  0.80000000000000D+01
      zion  0.17000000000000D+02  0.10000000000000D+02  0.30000000000000D+01
            0.30000000000000D+01  0.50000000000000D+01  0.60000000000000D+01
 
 No information on the potentials yet 
 
 **** Database of total energy derivatives ****
 Number of data blocks=    2
  
 1st derivatives              - # elements :         114
     1     1  0.75349646598154D-03  0.00000000000000D+00
     2     1 -0.71391895955360D-03  0.00000000000000D+00
     3     1  0.44601354781660D-03  0.00000000000000D+00
     1     2  0.15236788158145D-02  0.00000000000000D+00
     2     2 -0.80512235080765D-03  0.00000000000000D+00
     3     2 -0.36799289479513D-03  0.00000000000000D+00
     1     3 -0.12296462253377D-02  0.00000000000000D+00
     2     3 -0.71541458153484D-03  0.00000000000000D+00
     3     3 -0.83080406290945D-04  0.00000000000000D+00
     1     4 -0.76114996017119D-03  0.00000000000000D+00
     2     4 -0.16343514500907D-02  0.00000000000000D+00
     3     4 -0.24122105390526D-03  0.00000000000000D+00
     1     5  0.30080850033914D-02  0.00000000000000D+00
     2     5  0.37740911882825D-02  0.00000000000000D+00
     3     5  0.97983903941551D-04  0.00000000000000D+00
     1     6  0.16375532022075D-02  0.00000000000000D+00
     2     6  0.41402365312473D-02  0.00000000000000D+00
     3     6 -0.15730392922040D-03  0.00000000000000D+00
     1     7 -0.31975824538447D-02  0.00000000000000D+00
     2     7 -0.38245768458940D-02  0.00000000000000D+00
     3     7  0.40017205209069D-03  0.00000000000000D+00
     1     8 -0.18635361617980D-02  0.00000000000000D+00
     2     8 -0.33661963862888D-02  0.00000000000000D+00
     3     8 -0.11765890021818D-02  0.00000000000000D+00
     1     9 -0.46184626190038D-02  0.00000000000000D+00
     2     9  0.37785082058125D-02  0.00000000000000D+00
     3     9 -0.68407286485749D-03  0.00000000000000D+00
     1    10 -0.40701721172356D-02  0.00000000000000D+00
     2    10  0.35435290608173D-02  0.00000000000000D+00
     3    10 -0.20722161219889D-02  0.00000000000000D+00
     1    11  0.23150155299260D-02  0.00000000000000D+00
     2    11 -0.35679149778660D-02  0.00000000000000D+00
     3    11  0.76671051329854D-03  0.00000000000000D+00
     1    12  0.24315815817419D-02  0.00000000000000D+00
     2    12 -0.33111818185424D-02  0.00000000000000D+00
     3    12 -0.74144904332096D-03  0.00000000000000D+00
     1    13 -0.73222350795174D-02  0.00000000000000D+00
     2    13 -0.73368818846955D-02  0.00000000000000D+00
     3    13  0.16210105691922D-02  0.00000000000000D+00
     1    14 -0.74506837553020D-02  0.00000000000000D+00
     2    14 -0.73880066999381D-02  0.00000000000000D+00
     3    14 -0.16959122737150D-02  0.00000000000000D+00
     1    15  0.10154867075908D-01  0.00000000000000D+00
     2    15  0.80948048601058D-02  0.00000000000000D+00
     3    15  0.19823354453928D-03  0.00000000000000D+00
     1    16  0.92268544145174D-02  0.00000000000000D+00
     2    16  0.70749455668645D-02  0.00000000000000D+00
     3    16 -0.40610237717711D-03  0.00000000000000D+00
     1    17  0.39154932817697D-02  0.00000000000000D+00
     2    17 -0.11067013434907D-01  0.00000000000000D+00
     3    17  0.11805470733274D-02  0.00000000000000D+00
     1    18 -0.12012532999712D-01  0.00000000000000D+00
     2    18 -0.16089394183219D-01  0.00000000000000D+00
     3    18 -0.38561200799705D-02  0.00000000000000D+00
     1    19 -0.52510742640096D-02  0.00000000000000D+00
     2    19  0.11930209403564D-01  0.00000000000000D+00
     3    19  0.31743022415451D-05  0.00000000000000D+00
     1    20 -0.57801709461019D-02  0.00000000000000D+00
     2    20  0.94893967957338D-02  0.00000000000000D+00
     3    20 -0.15300820619706D-04  0.00000000000000D+00
     1    21  0.59054226001633D-02  0.00000000000000D+00
     2    21  0.39887992554379D-02  0.00000000000000D+00
     3    21 -0.22294343461981D-02  0.00000000000000D+00
     1    22  0.59682019800636D-02  0.00000000000000D+00
     2    22  0.38613098578979D-02  0.00000000000000D+00
     3    22  0.22251073502586D-02  0.00000000000000D+00
     1    23 -0.10526855392883D-01  0.00000000000000D+00
     2    23 -0.46650567730021D-02  0.00000000000000D+00
     3    23 -0.37328713803690D-02  0.00000000000000D+00
     1    24 -0.67731355864492D-02  0.00000000000000D+00
     2    24 -0.40637893954782D-02  0.00000000000000D+00
     3    24  0.30767989939713D-02  0.00000000000000D+00
     1    25 -0.22022625528101D-02  0.00000000000000D+00
     2    25  0.96092678735680D-02  0.00000000000000D+00
     3    25 -0.32397897094204D-03  0.00000000000000D+00
     1    26 -0.51942107736031D-02  0.00000000000000D+00
     2    26  0.38331975626607D-02  0.00000000000000D+00
     3    26  0.66213476705595D-03  0.00000000000000D+00
     1    27  0.16891416076671D-02  0.00000000000000D+00
     2    27 -0.99699791778260D-02  0.00000000000000D+00
     3    27 -0.50488782065910D-03  0.00000000000000D+00
     1    28  0.15603362629419D-02  0.00000000000000D+00
     2    28 -0.33911120774710D-02  0.00000000000000D+00
     3    28  0.49923104099766D-03  0.00000000000000D+00
     1    29 -0.50273925953939D-02  0.00000000000000D+00
     2    29 -0.24326071825579D-01  0.00000000000000D+00
     3    29 -0.60125366529135D-03  0.00000000000000D+00
     1    30 -0.44341633085201D-02  0.00000000000000D+00
     2    30 -0.25513513127834D-01  0.00000000000000D+00
     3    30  0.40445225063473D-03  0.00000000000000D+00
     1    31  0.34279061586718D-02  0.00000000000000D+00
     2    31  0.25126436802603D-01  0.00000000000000D+00
     3    31  0.26644354256129D-03  0.00000000000000D+00
     1    32  0.27126787112078D-02  0.00000000000000D+00
     2    32  0.24631909020651D-01  0.00000000000000D+00
     3    32 -0.44839988653054D-03  0.00000000000000D+00
     1    33  0.24076221289547D-01  0.00000000000000D+00
     2    33 -0.10507173751349D-01  0.00000000000000D+00
     3    33 -0.31943268304532D-02  0.00000000000000D+00
     1    34  0.49229684302993D-01  0.00000000000000D+00
     2    34 -0.89295130836181D-03  0.00000000000000D+00
     3    34  0.10610311990717D-01  0.00000000000000D+00
     1    35 -0.22417431586958D-01  0.00000000000000D+00
     2    35  0.10993892511113D-01  0.00000000000000D+00
     3    35 -0.26048466169198D-03  0.00000000000000D+00
     1    36 -0.20350138888180D-01  0.00000000000000D+00
     2    36  0.84846383885318D-02  0.00000000000000D+00
     3    36  0.20670850335105D-03  0.00000000000000D+00
     1    39  0.26485855913241D-02  0.00000000000000D+00
     2    39  0.26521128247364D-02  0.00000000000000D+00
     3    39  0.24354118663484D-02  0.00000000000000D+00
     1    40  0.17742500345615D-06  0.00000000000000D+00
     2    40 -0.41883322729094D-06  0.00000000000000D+00
     3    40 -0.25704924573887D-05  0.00000000000000D+00
  
 Total energy                 - # elements :           1
 -0.47548222444594D+03  0.00000000000000D+00
