 Fermi (or HOMO) energy (hartree) =   0.22138   Average Vxc (hartree)=  -0.38908
 Eigenvalues (hartree) for nkpt=   1  k points, SPIN UP:
 kpt#   1, nband=115, wtk=  1.00000, kpt=  0.0000  0.0000  0.0000 (reduced coord)
  -1.39327   -1.39279   -1.39278   -1.39272   -1.39267   -1.39254   -1.39244   -1.39211
  -1.22955   -1.05234   -1.04839   -1.04604   -0.48978   -0.48777   -0.47404   -0.46694
  -0.46683   -0.45929   -0.45593   -0.45220   -0.45186   -0.43729   -0.43726   -0.41223
  -0.40849   -0.40153   -0.39285   -0.38879   -0.38534   -0.38123   -0.37672   -0.37007
  -0.35310   -0.31261   -0.30961   -0.30877   -0.30822   -0.30746   -0.30480   -0.30381
  -0.02487   -0.01664   -0.01567   -0.01159   -0.01145    0.01854    0.01882    0.02682
   0.02722    0.02779    0.03932    0.04576    0.04665    0.05408    0.06654    0.06821
   0.06837    0.07125    0.07167    0.07814    0.07854    0.08941    0.08981    0.09496
   0.09968    0.10121    0.10434    0.10477    0.11566    0.11570    0.11735    0.12022
   0.12220    0.12281    0.12357    0.12573    0.13398    0.13404    0.13624    0.13876
   0.13885    0.13926    0.13940    0.13942    0.15265    0.16093    0.16237    0.16592
   0.21507    0.21516    0.21590    0.21627    0.21636    0.21712    0.22138    0.27974
   0.29058    0.29664    0.31762    0.32883    0.33813    0.37146    0.38110    0.38245
   0.38889    0.38894    0.39256    0.39909    0.39998    0.40272    0.40947    0.41090
   0.41933    0.42152    0.42179
 Eigenvalues (hartree) for nkpt=   1  k points, SPIN DOWN:
 kpt#   1, nband=115, wtk=  1.00000, kpt=  0.0000  0.0000  0.0000 (reduced coord)
  -1.39326   -1.39279   -1.39276   -1.39273   -1.39265   -1.39253   -1.39247   -1.39210
  -1.12236   -1.05232   -1.04822   -1.04603   -0.47253   -0.47228   -0.46713   -0.46694
  -0.45935   -0.45602   -0.45251   -0.45207   -0.41253   -0.41061   -0.40848   -0.40633
  -0.39282   -0.38877   -0.38720   -0.38441   -0.37655   -0.37006   -0.36868   -0.36066
  -0.35315   -0.30964   -0.30881   -0.30843   -0.30748   -0.30686   -0.30385   -0.30335
  -0.02458   -0.01592   -0.01549   -0.01137   -0.01026    0.01896    0.01924    0.02750
   0.02774    0.02800    0.03954    0.04635    0.04763    0.05516    0.06737    0.06845
   0.06881    0.07205    0.07266    0.07837    0.07907    0.09002    0.09067    0.09553
   0.10140    0.10187    0.10450    0.10484    0.11580    0.11594    0.11735    0.12099
   0.12363    0.12401    0.12487    0.12580    0.13385    0.13465    0.13891    0.13913
   0.13916    0.13943    0.13955    0.14013    0.15373    0.16257    0.16333    0.16645
   0.28874    0.29186    0.30034    0.32296    0.33682    0.33727    0.37680    0.38582
   0.38821    0.38839    0.39211    0.39405    0.39824    0.40059    0.41059    0.41088
   0.41565    0.42125    0.42209    0.42519    0.42767    0.42943    0.43140    0.45245
   0.45350    0.46473    0.46515
