 Fermi (or HOMO) energy (hartree) =   0.16856   Average Vxc (hartree)=  -0.38884
 Eigenvalues (hartree) for nkpt=   1  k points:
 kpt#   1, nband= 60, wtk=  1.00000, kpt=  0.2500  0.2500  0.2500 (reduced coord)
  -1.37746   -1.37721   -1.37711   -1.37702   -1.03676   -1.03674   -0.45332   -0.45316
  -0.45068   -0.44933   -0.39385   -0.39160   -0.38232   -0.38171   -0.36894   -0.36788
  -0.32890   -0.31031   -0.30883   -0.29529   -0.00181    0.01385    0.01569    0.03395
   0.03955    0.05187    0.06312    0.06706    0.07822    0.08321    0.08854    0.09170
   0.10338    0.10468    0.10667    0.11791    0.12409    0.13159    0.13385    0.13458
   0.14969    0.15625    0.15790    0.16856    0.35024    0.36051    0.36816    0.37923
   0.38497    0.39189    0.42638    0.43252    0.43418    0.44584    0.45165    0.46509
   0.46930    0.47888    0.48238    0.48657
