
 **** DERIVATIVE DATABASE ****    
+DDB, Version number  20230401

  Note : temporary (transfer) database

    usepaw         1
     natom        36
      nkpt         1
    nsppol         2
      nsym         1
    ntypat         6
    occopt         2
     nband       115
     acell  0.10000000000000D+01  0.10000000000000D+01  0.10000000000000D+01
       amu  0.15196500000000D+03  0.87620000000000D+02  0.69410000000000D+01
            0.26981539000000D+02  0.14006740000000D+02  0.15999400000000D+02
   dilatmx  0.10000000000000D+01
      ecut  0.10000000000000D+02
 pawecutdg  0.20000000000000D+02
    ecutsm  0.00000000000000D+00
     intxc         0
      iscf        17
       ixc     -1012
       kpt  0.00000000000000D+00  0.00000000000000D+00  0.00000000000000D+00
    kptnrm  0.10000000000000D+01
     ngfft        45   45   36
    nspden         2
   nspinor         1
       occ  0.10000000000000D+01  0.10000000000000D+01  0.10000000000000D+01
            0.10000000000000D+01  0.10000000000000D+01  0.10000000000000D+01
            0.10000000000000D+01  0.10000000000000D+01  0.10000000000000D+01
            0.10000000000000D+01  0.10000000000000D+01  0.10000000000000D+01
            0.10000000000000D+01  0.10000000000000D+01  0.10000000000000D+01
            0.10000000000000D+01  0.10000000000000D+01  0.10000000000000D+01
            0.10000000000000D+01  0.10000000000000D+01  0.10000000000000D+01
            0.10000000000000D+01  0.10000000000000D+01  0.10000000000000D+01
            0.10000000000000D+01  0.10000000000000D+01  0.10000000000000D+01
            0.10000000000000D+01  0.10000000000000D+01  0.10000000000000D+01
            0.10000000000000D+01  0.10000000000000D+01  0.10000000000000D+01
            0.10000000000000D+01  0.10000000000000D+01  0.10000000000000D+01
            0.10000000000000D+01  0.10000000000000D+01  0.10000000000000D+01
            0.10000000000000D+01  0.10000000000000D+01  0.10000000000000D+01
            0.10000000000000D+01  0.10000000000000D+01  0.10000000000000D+01
            0.10000000000000D+01  0.10000000000000D+01  0.10000000000000D+01
            0.10000000000000D+01  0.10000000000000D+01  0.10000000000000D+01
            0.10000000000000D+01  0.10000000000000D+01  0.10000000000000D+01
            0.10000000000000D+01  0.10000000000000D+01  0.10000000000000D+01
            0.10000000000000D+01  0.10000000000000D+01  0.10000000000000D+01
            0.10000000000000D+01  0.10000000000000D+01  0.10000000000000D+01
            0.10000000000000D+01  0.10000000000000D+01  0.10000000000000D+01
            0.10000000000000D+01  0.10000000000000D+01  0.10000000000000D+01
            0.10000000000000D+01  0.10000000000000D+01  0.10000000000000D+01
            0.10000000000000D+01  0.10000000000000D+01  0.10000000000000D+01
            0.10000000000000D+01  0.10000000000000D+01  0.10000000000000D+01
            0.10000000000000D+01  0.10000000000000D+01  0.10000000000000D+01
            0.10000000000000D+01  0.10000000000000D+01  0.10000000000000D+01
            0.10000000000000D+01  0.10000000000000D+01  0.10000000000000D+01
            0.10000000000000D+01  0.10000000000000D+01  0.10000000000000D+01
            0.10000000000000D+01  0.10000000000000D+01  0.10000000000000D+01
            0.10000000000000D+01  0.10000000000000D+01  0.00000000000000D+00
            0.00000000000000D+00  0.00000000000000D+00  0.00000000000000D+00
            0.00000000000000D+00  0.00000000000000D+00  0.00000000000000D+00
            0.00000000000000D+00  0.00000000000000D+00  0.00000000000000D+00
            0.00000000000000D+00  0.00000000000000D+00  0.00000000000000D+00
            0.00000000000000D+00  0.00000000000000D+00  0.00000000000000D+00
            0.00000000000000D+00  0.00000000000000D+00  0.00000000000000D+00
            0.00000000000000D+00
     rprim  0.15040330225900D+02  0.00000000000000D+00  0.00000000000000D+00
            0.00000000000000D+00  0.15040330225900D+02  0.00000000000000D+00
            0.00000000000000D+00  0.00000000000000D+00  0.12033775961600D+02
  dfpt_sciss  0.00000000000000D+00
    spinat  0.00000000000000D+00  0.00000000000000D+00  0.00000000000000D+00
            0.00000000000000D+00  0.00000000000000D+00  0.00000000000000D+00
            0.00000000000000D+00  0.00000000000000D+00  0.00000000000000D+00
            0.00000000000000D+00  0.00000000000000D+00  0.00000000000000D+00
            0.00000000000000D+00  0.00000000000000D+00  0.00000000000000D+00
            0.00000000000000D+00  0.00000000000000D+00  0.00000000000000D+00
            0.00000000000000D+00  0.00000000000000D+00  0.00000000000000D+00
            0.00000000000000D+00  0.00000000000000D+00  0.00000000000000D+00
            0.00000000000000D+00  0.00000000000000D+00  0.00000000000000D+00
            0.00000000000000D+00  0.00000000000000D+00  0.00000000000000D+00
            0.00000000000000D+00  0.00000000000000D+00  0.00000000000000D+00
            0.00000000000000D+00  0.00000000000000D+00  0.00000000000000D+00
            0.00000000000000D+00  0.00000000000000D+00  0.00000000000000D+00
            0.00000000000000D+00  0.00000000000000D+00  0.00000000000000D+00
            0.00000000000000D+00  0.00000000000000D+00  0.00000000000000D+00
            0.00000000000000D+00  0.00000000000000D+00  0.00000000000000D+00
            0.00000000000000D+00  0.00000000000000D+00  0.00000000000000D+00
            0.00000000000000D+00  0.00000000000000D+00  0.00000000000000D+00
            0.00000000000000D+00  0.00000000000000D+00  0.00000000000000D+00
            0.00000000000000D+00  0.00000000000000D+00  0.00000000000000D+00
            0.00000000000000D+00  0.00000000000000D+00  0.00000000000000D+00
            0.00000000000000D+00  0.00000000000000D+00  0.00000000000000D+00
            0.00000000000000D+00  0.00000000000000D+00  0.00000000000000D+00
            0.00000000000000D+00  0.00000000000000D+00  0.00000000000000D+00
            0.00000000000000D+00  0.00000000000000D+00  0.00000000000000D+00
            0.00000000000000D+00  0.00000000000000D+00  0.00000000000000D+00
            0.00000000000000D+00  0.00000000000000D+00  0.00000000000000D+00
            0.00000000000000D+00  0.00000000000000D+00  0.00000000000000D+00
            0.00000000000000D+00  0.00000000000000D+00  0.00000000000000D+00
            0.00000000000000D+00  0.00000000000000D+00  0.00000000000000D+00
            0.00000000000000D+00  0.00000000000000D+00  0.00000000000000D+00
            0.00000000000000D+00  0.00000000000000D+00  0.00000000000000D+00
            0.00000000000000D+00  0.00000000000000D+00  0.00000000000000D+00
            0.00000000000000D+00  0.00000000000000D+00  0.00000000000000D+00
            0.00000000000000D+00  0.00000000000000D+00  0.00000000000000D+00
            0.00000000000000D+00  0.00000000000000D+00  0.00000000000000D+00
    symafm         1
    symrel         1    0    0    0    1    0    0    0    1
     tnons  0.00000000000000D+00  0.00000000000000D+00  0.00000000000000D+00
    tolwfr  0.10000000000000D+01
   tphysel  0.00000000000000D+00
    tsmear  0.10000000000000D-01
     typat         1    2    2    2    3    3    3    3    3    3    3    3
                   4    4    4    4    4    4    4    4    5    5    5    5
                   5    5    5    5    6    6    6    6    6    6    6    6
       wtk  0.10000000000000D+01
      xred  0.50000000000000D+00  0.00000000000000D+00  0.25000000000000D+00
            0.50000000000000D+00  0.00000000000000D+00  0.75000000000000D+00
            0.10000000000000D+01  0.50000000000000D+00  0.11890596229000D-03
            0.10000000000000D+01  0.50000000000000D+00  0.49988109400000D+00
            0.12744374710000D+00  0.82536213210000D+00  0.25000000000000D+00
            0.12704638640000D+00  0.82502282330000D+00  0.75000000000000D+00
            0.87255625290000D+00  0.17463786790000D+00  0.25000000000000D+00
            0.87295361360000D+00  0.17497717670000D+00  0.75000000000000D+00
            0.17499169840000D+00  0.12728967160000D+00  0.28739574230000D-03
            0.17499169840000D+00  0.12728967160000D+00  0.49971260430000D+00
            0.82500830160000D+00  0.87271032840000D+00  0.28739574230000D-03
            0.82500830160000D+00  0.87271032840000D+00  0.49971260430000D+00
            0.35173806670000D+00  0.68241995630000D+00  0.21289163617000D-03
            0.35173806670000D+00  0.68241995630000D+00  0.49978710840000D+00
            0.64826193330000D+00  0.31758004370000D+00  0.21289163617000D-03
            0.64826193330000D+00  0.31758004370000D+00  0.49978710840000D+00
            0.31780576680000D+00  0.35109081090000D+00  0.25000000000000D+00
            0.31777456060000D+00  0.35154217070000D+00  0.75000000000000D+00
            0.68219423320000D+00  0.64890918910000D+00  0.25000000000000D+00
            0.68222543940000D+00  0.64845782930000D+00  0.75000000000000D+00
            0.58430476540000D+00  0.73091011390000D+00  0.99992821440000D+00
            0.58430476540000D+00  0.73091011390000D+00  0.50007178560000D+00
            0.41569523460000D+00  0.26908988610000D+00  0.99992821440000D+00
            0.41569523460000D+00  0.26908988610000D+00  0.50007178560000D+00
            0.27019712620000D+00  0.58410218790000D+00  0.25000000000000D+00
            0.27041286440000D+00  0.58437089430000D+00  0.75000000000000D+00
            0.72980287380000D+00  0.41589781210000D+00  0.25000000000000D+00
            0.72958713560000D+00  0.41562910570000D+00  0.75000000000000D+00
            0.25376563960000D+00  0.88699605780000D+00  0.99991734080000D+00
            0.25250920030000D+00  0.88699605780000D+00  0.50008265920000D+00
            0.74749079970000D+00  0.11300394220000D+00  0.99991734080000D+00
            0.74749079970000D+00  0.11300394220000D+00  0.50008265920000D+00
            0.11279815010000D+00  0.25309031310000D+00  0.25000000000000D+00
            0.11273121590000D+00  0.25349138290000D+00  0.75000000000000D+00
            0.88720184990000D+00  0.74690968690000D+00  0.25000000000000D+00
            0.88726878410000D+00  0.74650861710000D+00  0.75000000000000D+00
     znucl  0.63000000000000D+02  0.38000000000000D+02  0.30000000000000D+01
            0.13000000000000D+02  0.70000000000000D+01  0.80000000000000D+01
      zion  0.17000000000000D+02  0.10000000000000D+02  0.30000000000000D+01
            0.30000000000000D+01  0.50000000000000D+01  0.60000000000000D+01
 
 No information on the potentials yet 
 
 **** Database of total energy derivatives ****
 Number of data blocks=    2
  
 1st derivatives              - # elements :         114
     1     1 -0.65618280115786D-03  0.00000000000000D+00
     2     1  0.81417158651959D-03  0.00000000000000D+00
     3     1 -0.12934072172338D-04  0.00000000000000D+00
     1     2 -0.84819159813706D-03  0.00000000000000D+00
     2     2  0.79655097166163D-03  0.00000000000000D+00
     3     2 -0.24837069406918D-04  0.00000000000000D+00
     1     3  0.89832706880491D-03  0.00000000000000D+00
     2     3  0.13633455722377D-02  0.00000000000000D+00
     3     3  0.41295834661018D-03  0.00000000000000D+00
     1     4  0.33015340800058D-03  0.00000000000000D+00
     2     4  0.33764106213261D-03  0.00000000000000D+00
     3     4 -0.41253572790099D-03  0.00000000000000D+00
     1     5  0.15789853529842D-02  0.00000000000000D+00
     2     5  0.41160103515229D-02  0.00000000000000D+00
     3     5 -0.28299223874055D-03  0.00000000000000D+00
     1     6  0.52837033310594D-03  0.00000000000000D+00
     2     6  0.42078736410204D-02  0.00000000000000D+00
     3     6  0.30754655465186D-03  0.00000000000000D+00
     1     7 -0.27615541615287D-02  0.00000000000000D+00
     2     7 -0.40417236684519D-02  0.00000000000000D+00
     3     7 -0.23195892963760D-03  0.00000000000000D+00
     1     8 -0.17097466771863D-02  0.00000000000000D+00
     2     8 -0.41290163509619D-02  0.00000000000000D+00
     3     8  0.23093551653008D-03  0.00000000000000D+00
     1     9 -0.40274096094774D-02  0.00000000000000D+00
     2     9  0.22082074044378D-02  0.00000000000000D+00
     3     9  0.82157840410643D-03  0.00000000000000D+00
     1    10 -0.24679150021445D-02  0.00000000000000D+00
     2    10  0.34470980495458D-02  0.00000000000000D+00
     3    10 -0.81654854468744D-03  0.00000000000000D+00
     1    11  0.45728614957143D-02  0.00000000000000D+00
     2    11 -0.33398894411997D-02  0.00000000000000D+00
     3    11  0.81718809773589D-03  0.00000000000000D+00
     1    12  0.26308016553705D-02  0.00000000000000D+00
     2    12 -0.39810406991192D-02  0.00000000000000D+00
     3    12 -0.81514200198389D-03  0.00000000000000D+00
     1    13 -0.19577973462572D-01  0.00000000000000D+00
     2    13  0.15071266031357D-02  0.00000000000000D+00
     3    13  0.13236173170354D-02  0.00000000000000D+00
     1    14 -0.84145687862509D-02  0.00000000000000D+00
     2    14 -0.76094751540850D-02  0.00000000000000D+00
     3    14 -0.12806554151083D-02  0.00000000000000D+00
     1    15  0.80186813261830D-02  0.00000000000000D+00
     2    15  0.70699689751873D-02  0.00000000000000D+00
     3    15  0.12504508585125D-02  0.00000000000000D+00
     1    16  0.74337394841712D-02  0.00000000000000D+00
     2    16  0.79775536811168D-02  0.00000000000000D+00
     3    16 -0.12435071304219D-02  0.00000000000000D+00
     1    17  0.48297172540296D-02  0.00000000000000D+00
     2    17 -0.11562497094776D-01  0.00000000000000D+00
     3    17  0.12938931301017D-03  0.00000000000000D+00
     1    18  0.54995897067773D-02  0.00000000000000D+00
     2    18 -0.10170373013529D-01  0.00000000000000D+00
     3    18 -0.13424265904499D-03  0.00000000000000D+00
     1    19 -0.42763723235612D-02  0.00000000000000D+00
     2    19  0.11599767041452D-01  0.00000000000000D+00
     3    19  0.14212041037256D-02  0.00000000000000D+00
     1    20 -0.49184602117363D-02  0.00000000000000D+00
     2    20  0.10168670501805D-01  0.00000000000000D+00
     3    20 -0.14214003933858D-02  0.00000000000000D+00
     1    21  0.29878145892906D-02  0.00000000000000D+00
     2    21  0.62720044870673D-02  0.00000000000000D+00
     3    21 -0.23350133878825D-02  0.00000000000000D+00
     1    22  0.61272624481261D-02  0.00000000000000D+00
     2    22  0.42395237309278D-02  0.00000000000000D+00
     3    22  0.22891067545327D-02  0.00000000000000D+00
     1    23 -0.62231139749270D-02  0.00000000000000D+00
     2    23 -0.52230822992720D-02  0.00000000000000D+00
     3    23 -0.22777504543584D-02  0.00000000000000D+00
     1    24 -0.54647795326589D-02  0.00000000000000D+00
     2    24 -0.48587389914703D-02  0.00000000000000D+00
     3    24  0.22643971542588D-02  0.00000000000000D+00
     1    25 -0.12030857676960D-02  0.00000000000000D+00
     2    25  0.96754917526256D-02  0.00000000000000D+00
     3    25  0.33376076139926D-03  0.00000000000000D+00
     1    26 -0.33646784749464D-02  0.00000000000000D+00
     2    26  0.47109382038930D-02  0.00000000000000D+00
     3    26 -0.33151491996587D-03  0.00000000000000D+00
     1    27  0.23768244841540D-02  0.00000000000000D+00
     2    27 -0.96654009595485D-02  0.00000000000000D+00
     3    27 -0.27658043757481D-03  0.00000000000000D+00
     1    28  0.45462623012736D-02  0.00000000000000D+00
     2    28 -0.46819930100568D-02  0.00000000000000D+00
     3    28  0.27841283741150D-03  0.00000000000000D+00
     1    29  0.13562752931816D-01  0.00000000000000D+00
     2    29 -0.35933393590262D-01  0.00000000000000D+00
     3    29 -0.74936672615388D-04  0.00000000000000D+00
     1    30 -0.33878658925016D-02  0.00000000000000D+00
     2    30 -0.25213103992512D-01  0.00000000000000D+00
     3    30  0.24829411234715D-03  0.00000000000000D+00
     1    31  0.42661973712683D-02  0.00000000000000D+00
     2    31  0.24852021168472D-01  0.00000000000000D+00
     3    31 -0.25979995097825D-03  0.00000000000000D+00
     1    32  0.37863813199048D-02  0.00000000000000D+00
     2    32  0.24494784884058D-01  0.00000000000000D+00
     3    32  0.16205945145846D-03  0.00000000000000D+00
     1    33  0.22268192969484D-01  0.00000000000000D+00
     2    33 -0.96651014627484D-02  0.00000000000000D+00
     3    33  0.37438636974571D-03  0.00000000000000D+00
     1    34  0.20705718153666D-01  0.00000000000000D+00
     2    34 -0.73110840260188D-02  0.00000000000000D+00
     3    34 -0.37706629295379D-03  0.00000000000000D+00
     1    35 -0.24400457719502D-01  0.00000000000000D+00
     2    35  0.96571578544549D-02  0.00000000000000D+00
     3    35  0.46980757178978D-03  0.00000000000000D+00
     1    36 -0.22832751779724D-01  0.00000000000000D+00
     2    36  0.73108823034452D-02  0.00000000000000D+00
     3    36 -0.46857263075947D-03  0.00000000000000D+00
     1    39  0.26493869072368D-02  0.00000000000000D+00
     2    39  0.26514921274852D-02  0.00000000000000D+00
     3    39  0.24360138433718D-02  0.00000000000000D+00
     1    40 -0.13661379893124D-07  0.00000000000000D+00
     2    40 -0.19843174061363D-07  0.00000000000000D+00
     3    40 -0.99799744876622D-06  0.00000000000000D+00
  
 Total energy                 - # elements :           1
 -0.47548225802278D+03  0.00000000000000D+00
