 Fermi (or HOMO) energy (hartree) =   0.22157   Average Vxc (hartree)=  -0.38907
 Eigenvalues (hartree) for nkpt=   1  k points, SPIN UP:
 kpt#   1, nband=115, wtk=  1.00000, kpt=  0.0000  0.0000  0.0000 (reduced coord)
  -1.39354   -1.39317   -1.39312   -1.39289   -1.39277   -1.39262   -1.39262   -1.39257
  -1.22937   -1.05226   -1.04817   -1.04597   -0.48982   -0.48791   -0.47399   -0.46694
  -0.46672   -0.45942   -0.45605   -0.45244   -0.45187   -0.43731   -0.43720   -0.41218
  -0.40844   -0.40132   -0.39277   -0.38874   -0.38511   -0.38103   -0.37668   -0.36999
  -0.35301   -0.31243   -0.30953   -0.30866   -0.30805   -0.30741   -0.30465   -0.30375
  -0.02491   -0.01650   -0.01557   -0.01152   -0.01137    0.01849    0.01883    0.02667
   0.02721    0.02785    0.03930    0.04571    0.04661    0.05407    0.06642    0.06814
   0.06822    0.07125    0.07156    0.07797    0.07850    0.08927    0.08974    0.09502
   0.09956    0.10118    0.10432    0.10479    0.11556    0.11578    0.11731    0.12021
   0.12237    0.12275    0.12361    0.12580    0.13400    0.13405    0.13640    0.13878
   0.13897    0.13926    0.13940    0.13949    0.15277    0.16100    0.16241    0.16596
   0.21525    0.21533    0.21607    0.21646    0.21652    0.21730    0.22157    0.27987
   0.29048    0.29675    0.31767    0.32882    0.33804    0.37156    0.38132    0.38240
   0.38894    0.38919    0.39265    0.39910    0.40007    0.40300    0.40953    0.41095
   0.41928    0.42121    0.42156
 Eigenvalues (hartree) for nkpt=   1  k points, SPIN DOWN:
 kpt#   1, nband=115, wtk=  1.00000, kpt=  0.0000  0.0000  0.0000 (reduced coord)
  -1.39354   -1.39318   -1.39311   -1.39287   -1.39275   -1.39265   -1.39260   -1.39257
  -1.12219   -1.05224   -1.04799   -1.04595   -0.47279   -0.47228   -0.46735   -0.46694
  -0.45948   -0.45614   -0.45274   -0.45208   -0.41249   -0.41043   -0.40844   -0.40614
  -0.39274   -0.38871   -0.38702   -0.38424   -0.37650   -0.36998   -0.36850   -0.36046
  -0.35307   -0.30955   -0.30869   -0.30827   -0.30745   -0.30669   -0.30379   -0.30320
  -0.02462   -0.01578   -0.01539   -0.01129   -0.01019    0.01889    0.01926    0.02735
   0.02773    0.02805    0.03952    0.04630    0.04759    0.05516    0.06725    0.06839
   0.06866    0.07207    0.07254    0.07819    0.07903    0.08988    0.09060    0.09560
   0.10137    0.10175    0.10448    0.10485    0.11585    0.11587    0.11731    0.12100
   0.12381    0.12403    0.12480    0.12588    0.13393    0.13460    0.13905    0.13914
   0.13918    0.13947    0.13960    0.14029    0.15383    0.16261    0.16341    0.16649
   0.28883    0.29175    0.30046    0.32303    0.33679    0.33718    0.37685    0.38583
   0.38822    0.38858    0.39220    0.39433    0.39826    0.40068    0.41062    0.41113
   0.41575    0.42105    0.42180    0.42511    0.42768    0.42952    0.43117    0.45249
   0.45367    0.46478    0.46517
