
 **** DERIVATIVE DATABASE ****    
+DDB, Version number  20230401

  Note : temporary (transfer) database

    usepaw         1
     natom        36
      nkpt         1
    nsppol         2
      nsym         2
    ntypat         6
    occopt         2
     nband       115
     acell  0.10000000000000D+01  0.10000000000000D+01  0.10000000000000D+01
       amu  0.15196500000000D+03  0.87620000000000D+02  0.69410000000000D+01
            0.26981539000000D+02  0.14006740000000D+02  0.15999400000000D+02
   dilatmx  0.10000000000000D+01
      ecut  0.10000000000000D+02
 pawecutdg  0.20000000000000D+02
    ecutsm  0.00000000000000D+00
     intxc         0
      iscf        17
       ixc     -1012
       kpt  0.00000000000000D+00  0.00000000000000D+00  0.00000000000000D+00
    kptnrm  0.10000000000000D+01
     ngfft        45   45   36
    nspden         2
   nspinor         1
       occ  0.10000000000000D+01  0.10000000000000D+01  0.10000000000000D+01
            0.10000000000000D+01  0.10000000000000D+01  0.10000000000000D+01
            0.10000000000000D+01  0.10000000000000D+01  0.10000000000000D+01
            0.10000000000000D+01  0.10000000000000D+01  0.10000000000000D+01
            0.10000000000000D+01  0.10000000000000D+01  0.10000000000000D+01
            0.10000000000000D+01  0.10000000000000D+01  0.10000000000000D+01
            0.10000000000000D+01  0.10000000000000D+01  0.10000000000000D+01
            0.10000000000000D+01  0.10000000000000D+01  0.10000000000000D+01
            0.10000000000000D+01  0.10000000000000D+01  0.10000000000000D+01
            0.10000000000000D+01  0.10000000000000D+01  0.10000000000000D+01
            0.10000000000000D+01  0.10000000000000D+01  0.10000000000000D+01
            0.10000000000000D+01  0.10000000000000D+01  0.10000000000000D+01
            0.10000000000000D+01  0.10000000000000D+01  0.10000000000000D+01
            0.10000000000000D+01  0.10000000000000D+01  0.10000000000000D+01
            0.10000000000000D+01  0.10000000000000D+01  0.10000000000000D+01
            0.10000000000000D+01  0.10000000000000D+01  0.10000000000000D+01
            0.10000000000000D+01  0.10000000000000D+01  0.10000000000000D+01
            0.10000000000000D+01  0.10000000000000D+01  0.10000000000000D+01
            0.10000000000000D+01  0.10000000000000D+01  0.10000000000000D+01
            0.10000000000000D+01  0.10000000000000D+01  0.10000000000000D+01
            0.10000000000000D+01  0.10000000000000D+01  0.10000000000000D+01
            0.10000000000000D+01  0.10000000000000D+01  0.10000000000000D+01
            0.10000000000000D+01  0.10000000000000D+01  0.10000000000000D+01
            0.10000000000000D+01  0.10000000000000D+01  0.10000000000000D+01
            0.10000000000000D+01  0.10000000000000D+01  0.10000000000000D+01
            0.10000000000000D+01  0.10000000000000D+01  0.10000000000000D+01
            0.10000000000000D+01  0.10000000000000D+01  0.10000000000000D+01
            0.10000000000000D+01  0.10000000000000D+01  0.10000000000000D+01
            0.10000000000000D+01  0.10000000000000D+01  0.10000000000000D+01
            0.10000000000000D+01  0.10000000000000D+01  0.10000000000000D+01
            0.10000000000000D+01  0.10000000000000D+01  0.10000000000000D+01
            0.10000000000000D+01  0.10000000000000D+01  0.00000000000000D+00
            0.00000000000000D+00  0.00000000000000D+00  0.00000000000000D+00
            0.00000000000000D+00  0.00000000000000D+00  0.00000000000000D+00
            0.00000000000000D+00  0.00000000000000D+00  0.00000000000000D+00
            0.00000000000000D+00  0.00000000000000D+00  0.00000000000000D+00
            0.00000000000000D+00  0.00000000000000D+00  0.00000000000000D+00
            0.00000000000000D+00  0.00000000000000D+00  0.00000000000000D+00
            0.00000000000000D+00
     rprim  0.15040330225900D+02  0.00000000000000D+00  0.00000000000000D+00
            0.00000000000000D+00  0.15040330225900D+02  0.00000000000000D+00
            0.00000000000000D+00  0.00000000000000D+00  0.12033775961600D+02
  dfpt_sciss  0.00000000000000D+00
    spinat  0.00000000000000D+00  0.00000000000000D+00  0.00000000000000D+00
            0.00000000000000D+00  0.00000000000000D+00  0.00000000000000D+00
            0.00000000000000D+00  0.00000000000000D+00  0.00000000000000D+00
            0.00000000000000D+00  0.00000000000000D+00  0.00000000000000D+00
            0.00000000000000D+00  0.00000000000000D+00  0.00000000000000D+00
            0.00000000000000D+00  0.00000000000000D+00  0.00000000000000D+00
            0.00000000000000D+00  0.00000000000000D+00  0.00000000000000D+00
            0.00000000000000D+00  0.00000000000000D+00  0.00000000000000D+00
            0.00000000000000D+00  0.00000000000000D+00  0.00000000000000D+00
            0.00000000000000D+00  0.00000000000000D+00  0.00000000000000D+00
            0.00000000000000D+00  0.00000000000000D+00  0.00000000000000D+00
            0.00000000000000D+00  0.00000000000000D+00  0.00000000000000D+00
            0.00000000000000D+00  0.00000000000000D+00  0.00000000000000D+00
            0.00000000000000D+00  0.00000000000000D+00  0.00000000000000D+00
            0.00000000000000D+00  0.00000000000000D+00  0.00000000000000D+00
            0.00000000000000D+00  0.00000000000000D+00  0.00000000000000D+00
            0.00000000000000D+00  0.00000000000000D+00  0.00000000000000D+00
            0.00000000000000D+00  0.00000000000000D+00  0.00000000000000D+00
            0.00000000000000D+00  0.00000000000000D+00  0.00000000000000D+00
            0.00000000000000D+00  0.00000000000000D+00  0.00000000000000D+00
            0.00000000000000D+00  0.00000000000000D+00  0.00000000000000D+00
            0.00000000000000D+00  0.00000000000000D+00  0.00000000000000D+00
            0.00000000000000D+00  0.00000000000000D+00  0.00000000000000D+00
            0.00000000000000D+00  0.00000000000000D+00  0.00000000000000D+00
            0.00000000000000D+00  0.00000000000000D+00  0.00000000000000D+00
            0.00000000000000D+00  0.00000000000000D+00  0.00000000000000D+00
            0.00000000000000D+00  0.00000000000000D+00  0.00000000000000D+00
            0.00000000000000D+00  0.00000000000000D+00  0.00000000000000D+00
            0.00000000000000D+00  0.00000000000000D+00  0.00000000000000D+00
            0.00000000000000D+00  0.00000000000000D+00  0.00000000000000D+00
            0.00000000000000D+00  0.00000000000000D+00  0.00000000000000D+00
            0.00000000000000D+00  0.00000000000000D+00  0.00000000000000D+00
            0.00000000000000D+00  0.00000000000000D+00  0.00000000000000D+00
            0.00000000000000D+00  0.00000000000000D+00  0.00000000000000D+00
            0.00000000000000D+00  0.00000000000000D+00  0.00000000000000D+00
            0.00000000000000D+00  0.00000000000000D+00  0.00000000000000D+00
    symafm         1    1
    symrel         1    0    0    0    1    0    0    0    1
                   1    0    0    0    1    0    0    0   -1
     tnons  0.00000000000000D+00  0.00000000000000D+00  0.00000000000000D+00
            0.00000000000000D+00  0.00000000000000D+00  0.50000000000000D+00
    tolwfr  0.10000000000000D+01
   tphysel  0.00000000000000D+00
    tsmear  0.10000000000000D-01
     typat         1    2    2    2    3    3    3    3    3    3    3    3
                   4    4    4    4    4    4    4    4    5    5    5    5
                   5    5    5    5    6    6    6    6    6    6    6    6
       wtk  0.10000000000000D+01
      xred  0.50000000000000D+00  0.00000000000000D+00  0.25000000000000D+00
            0.50000000000000D+00  0.00000000000000D+00  0.75000000000000D+00
            0.10000000000000D+01  0.50000000000000D+00  0.11890598114499D-03
            0.10000000000000D+01  0.50000000000000D+00  0.49988109401885D+00
            0.12744374710000D+00  0.82536213210000D+00  0.25000000000000D+00
            0.12704638640000D+00  0.82502282330000D+00  0.75000000000000D+00
            0.87255625290000D+00  0.17463786790000D+00  0.25000000000000D+00
            0.87295361360000D+00  0.17497717670000D+00  0.75000000000000D+00
            0.17499169840000D+00  0.12728967160000D+00  0.28739572115001D-03
            0.17499169840000D+00  0.12728967160000D+00  0.49971260427885D+00
            0.82500830160000D+00  0.87271032840000D+00  0.28739572115001D-03
            0.82500830160000D+00  0.87271032840000D+00  0.49971260427885D+00
            0.35173806670000D+00  0.68241995630000D+00  0.21289161808499D-03
            0.35173806670000D+00  0.68241995630000D+00  0.49978710838191D+00
            0.64826193330000D+00  0.31758004370000D+00  0.21289161808499D-03
            0.64826193330000D+00  0.31758004370000D+00  0.49978710838191D+00
            0.31780576680000D+00  0.35109081090000D+00  0.25000000000000D+00
            0.31777456060000D+00  0.35279860990000D+00  0.75000000000000D+00
            0.68219423320000D+00  0.64890918910000D+00  0.25000000000000D+00
            0.68222543940000D+00  0.64845782930000D+00  0.75000000000000D+00
            0.58430476540000D+00  0.73091011390000D+00  0.99992821440000D+00
            0.58430476540000D+00  0.73091011390000D+00  0.50007178560000D+00
            0.41569523460000D+00  0.26908988610000D+00  0.99992821440000D+00
            0.41569523460000D+00  0.26908988610000D+00  0.50007178560000D+00
            0.27019712620000D+00  0.58410218790000D+00  0.25000000000000D+00
            0.27041286440000D+00  0.58437089430000D+00  0.75000000000000D+00
            0.72980287380000D+00  0.41589781210000D+00  0.25000000000000D+00
            0.72958713560000D+00  0.41562910570000D+00  0.75000000000000D+00
            0.25250920030000D+00  0.88699605780000D+00  0.99991734080000D+00
            0.25250920030000D+00  0.88699605780000D+00  0.50008265920000D+00
            0.74749079970000D+00  0.11300394220000D+00  0.99991734080000D+00
            0.74749079970000D+00  0.11300394220000D+00  0.50008265920000D+00
            0.11279815010000D+00  0.25309031310000D+00  0.25000000000000D+00
            0.11273121590000D+00  0.25349138290000D+00  0.75000000000000D+00
            0.88720184990000D+00  0.74690968690000D+00  0.25000000000000D+00
            0.88726878410000D+00  0.74650861710000D+00  0.75000000000000D+00
     znucl  0.63000000000000D+02  0.38000000000000D+02  0.30000000000000D+01
            0.13000000000000D+02  0.70000000000000D+01  0.80000000000000D+01
      zion  0.17000000000000D+02  0.10000000000000D+02  0.30000000000000D+01
            0.30000000000000D+01  0.50000000000000D+01  0.60000000000000D+01
 
 No information on the potentials yet 
 
 **** Database of total energy derivatives ****
 Number of data blocks=    2
  
 1st derivatives              - # elements :         114
     1     1  0.10955861590023D-03  0.00000000000000D+00
     2     1 -0.22164206923511D-02  0.00000000000000D+00
     3     1  0.00000000000000D+00  0.00000000000000D+00
     1     2  0.31717602813529D-02  0.00000000000000D+00
     2     2 -0.69267279330795D-02  0.00000000000000D+00
     3     2  0.00000000000000D+00  0.00000000000000D+00
     1     3  0.27154179528216D-02  0.00000000000000D+00
     2     3  0.19530158944325D-02  0.00000000000000D+00
     3     3 -0.85278568180921D-03  0.00000000000000D+00
     1     4  0.27154179528216D-02  0.00000000000000D+00
     2     4  0.19530158944325D-02  0.00000000000000D+00
     3     4  0.85278568180921D-03  0.00000000000000D+00
     1     5  0.33434123245140D-02  0.00000000000000D+00
     2     5  0.35620003981946D-02  0.00000000000000D+00
     3     5  0.00000000000000D+00  0.00000000000000D+00
     1     6  0.26236872145663D-02  0.00000000000000D+00
     2     6  0.23167652133967D-02  0.00000000000000D+00
     3     6  0.00000000000000D+00  0.00000000000000D+00
     1     7 -0.34510913224198D-02  0.00000000000000D+00
     2     7 -0.38739896787505D-02  0.00000000000000D+00
     3     7  0.00000000000000D+00  0.00000000000000D+00
     1     8 -0.29909397091876D-02  0.00000000000000D+00
     2     8 -0.40958439045735D-02  0.00000000000000D+00
     3     8  0.00000000000000D+00  0.00000000000000D+00
     1     9 -0.38623551915546D-02  0.00000000000000D+00
     2     9  0.10676241047833D-02  0.00000000000000D+00
     3     9  0.30897811112395D-02  0.00000000000000D+00
     1    10 -0.38623551915546D-02  0.00000000000000D+00
     2    10  0.10676241047833D-02  0.00000000000000D+00
     3    10 -0.30897811112395D-02  0.00000000000000D+00
     1    11  0.21423721511237D-02  0.00000000000000D+00
     2    11 -0.40857798654913D-02  0.00000000000000D+00
     3    11  0.78183490343861D-03  0.00000000000000D+00
     1    12  0.21423721511237D-02  0.00000000000000D+00
     2    12 -0.40857798654913D-02  0.00000000000000D+00
     3    12 -0.78183490343861D-03  0.00000000000000D+00
     1    13 -0.91796171298947D-02  0.00000000000000D+00
     2    13 -0.11859630757571D-01  0.00000000000000D+00
     3    13 -0.29530779877064D-02  0.00000000000000D+00
     1    14 -0.91796171298947D-02  0.00000000000000D+00
     2    14 -0.11859630757571D-01  0.00000000000000D+00
     3    14  0.29530779877064D-02  0.00000000000000D+00
     1    15  0.91654823689652D-02  0.00000000000000D+00
     2    15  0.84039313777892D-02  0.00000000000000D+00
     3    15  0.75626298681409D-03  0.00000000000000D+00
     1    16  0.91654823689652D-02  0.00000000000000D+00
     2    16  0.84039313777892D-02  0.00000000000000D+00
     3    16 -0.75626298681409D-03  0.00000000000000D+00
     1    17  0.40432017155335D-02  0.00000000000000D+00
     2    17 -0.92820270832594D-02  0.00000000000000D+00
     3    17  0.00000000000000D+00  0.00000000000000D+00
     1    18  0.27077874597161D-02  0.00000000000000D+00
     2    18  0.53776435905924D-01  0.00000000000000D+00
     3    18  0.00000000000000D+00  0.00000000000000D+00
     1    19 -0.61052091983819D-02  0.00000000000000D+00
     2    19  0.12972069012762D-01  0.00000000000000D+00
     3    19  0.00000000000000D+00  0.00000000000000D+00
     1    20 -0.79336644596989D-02  0.00000000000000D+00
     2    20  0.10350373152350D-01  0.00000000000000D+00
     3    20  0.00000000000000D+00  0.00000000000000D+00
     1    21  0.74449058205828D-02  0.00000000000000D+00
     2    21  0.43602664980504D-02  0.00000000000000D+00
     3    21 -0.14400863544067D-02  0.00000000000000D+00
     1    22  0.74449058205828D-02  0.00000000000000D+00
     2    22  0.43602664980504D-02  0.00000000000000D+00
     3    22  0.14400863544067D-02  0.00000000000000D+00
     1    23 -0.41831620128252D-02  0.00000000000000D+00
     2    23 -0.11615673846520D-01  0.00000000000000D+00
     3    23  0.14109878876463D-02  0.00000000000000D+00
     1    24 -0.41831620128252D-02  0.00000000000000D+00
     2    24 -0.11615673846520D-01  0.00000000000000D+00
     3    24 -0.14109878876463D-02  0.00000000000000D+00
     1    25 -0.21653997994917D-02  0.00000000000000D+00
     2    25  0.84955790805638D-02  0.00000000000000D+00
     3    25  0.00000000000000D+00  0.00000000000000D+00
     1    26 -0.19550518302032D-02  0.00000000000000D+00
     2    26 -0.17718381988965D-01  0.00000000000000D+00
     3    26  0.00000000000000D+00  0.00000000000000D+00
     1    27  0.10265186268204D-02  0.00000000000000D+00
     2    27 -0.11280476948063D-01  0.00000000000000D+00
     3    27  0.00000000000000D+00  0.00000000000000D+00
     1    28  0.58228035470508D-02  0.00000000000000D+00
     2    28 -0.62775513720827D-02  0.00000000000000D+00
     3    28  0.00000000000000D+00  0.00000000000000D+00
     1    29 -0.49700903521425D-02  0.00000000000000D+00
     2    29 -0.22349021990539D-01  0.00000000000000D+00
     3    29  0.35264092815203D-03  0.00000000000000D+00
     1    30 -0.49700903521425D-02  0.00000000000000D+00
     2    30 -0.22349021990539D-01  0.00000000000000D+00
     3    30 -0.35264092815203D-03  0.00000000000000D+00
     1    31  0.49671240056283D-02  0.00000000000000D+00
     2    31  0.25391090363806D-01  0.00000000000000D+00
     3    31 -0.34685184674736D-03  0.00000000000000D+00
     1    32  0.49671240056283D-02  0.00000000000000D+00
     2    32  0.25391090363806D-01  0.00000000000000D+00
     3    32  0.34685184674736D-03  0.00000000000000D+00
     1    33  0.22666676060916D-01  0.00000000000000D+00
     2    33 -0.11393650154876D-01  0.00000000000000D+00
     3    33  0.00000000000000D+00  0.00000000000000D+00
     1    34  0.13391707065295D-01  0.00000000000000D+00
     2    34 -0.20078968394241D-01  0.00000000000000D+00
     3    34  0.00000000000000D+00  0.00000000000000D+00
     1    35 -0.21496703247162D-01  0.00000000000000D+00
     2    35  0.10459683578553D-01  0.00000000000000D+00
     3    35  0.00000000000000D+00  0.00000000000000D+00
     1    36 -0.21286002897697D-01  0.00000000000000D+00
     2    36  0.87107082220914D-02  0.00000000000000D+00
     3    36  0.00000000000000D+00  0.00000000000000D+00
     1    39  0.26509673238032D-02  0.00000000000000D+00
     2    39  0.26517288583492D-02  0.00000000000000D+00
     3    39  0.24361160171193D-02  0.00000000000000D+00
     1    40  0.00000000000000D+00  0.00000000000000D+00
     2    40  0.00000000000000D+00  0.00000000000000D+00
     3    40 -0.14264465344451D-05  0.00000000000000D+00
  
 Total energy                 - # elements :           1
 -0.47548223649127D+03  0.00000000000000D+00
