 Fermi (or HOMO) energy (hartree) =   0.22133   Average Vxc (hartree)=  -0.38907
 Eigenvalues (hartree) for nkpt=   1  k points, SPIN UP:
 kpt#   1, nband=115, wtk=  1.00000, kpt=  0.0000  0.0000  0.0000 (reduced coord)
  -1.39326   -1.39284   -1.39276   -1.39272   -1.39252   -1.39243   -1.39243   -1.39236
  -1.22959   -1.05230   -1.04828   -1.04601   -0.48982   -0.48786   -0.47390   -0.46687
  -0.46670   -0.45925   -0.45585   -0.45233   -0.45161   -0.43740   -0.43733   -0.41229
  -0.40840   -0.40133   -0.39285   -0.38875   -0.38526   -0.38118   -0.37663   -0.37004
  -0.35319   -0.31242   -0.30996   -0.30876   -0.30803   -0.30773   -0.30460   -0.30405
  -0.02498   -0.01642   -0.01582   -0.01154   -0.01147    0.01843    0.01885    0.02665
   0.02734    0.02773    0.03938    0.04583    0.04666    0.05413    0.06654    0.06828
   0.06829    0.07129    0.07168    0.07804    0.07866    0.08941    0.08991    0.09504
   0.09956    0.10141    0.10436    0.10492    0.11539    0.11583    0.11734    0.12031
   0.12228    0.12273    0.12371    0.12555    0.13380    0.13408    0.13635    0.13868
   0.13888    0.13931    0.13932    0.13944    0.15276    0.16086    0.16231    0.16589
   0.21503    0.21511    0.21585    0.21622    0.21630    0.21707    0.22133    0.27976
   0.29056    0.29663    0.31764    0.32891    0.33808    0.37147    0.38104    0.38239
   0.38896    0.38904    0.39244    0.39890    0.40009    0.40279    0.40948    0.41090
   0.41925    0.42138    0.42182
 Eigenvalues (hartree) for nkpt=   1  k points, SPIN DOWN:
 kpt#   1, nband=115, wtk=  1.00000, kpt=  0.0000  0.0000  0.0000 (reduced coord)
  -1.39326   -1.39285   -1.39275   -1.39271   -1.39253   -1.39244   -1.39241   -1.39235
  -1.12241   -1.05228   -1.04810   -1.04599   -0.47262   -0.47209   -0.46721   -0.46678
  -0.45932   -0.45593   -0.45264   -0.45181   -0.41260   -0.41047   -0.40839   -0.40633
  -0.39282   -0.38872   -0.38716   -0.38434   -0.37646   -0.37002   -0.36873   -0.36064
  -0.35324   -0.31000   -0.30879   -0.30823   -0.30775   -0.30668   -0.30409   -0.30316
  -0.02469   -0.01569   -0.01564   -0.01146   -0.01015    0.01875    0.01937    0.02732
   0.02786    0.02795    0.03959    0.04643    0.04765    0.05523    0.06735    0.06853
   0.06873    0.07209    0.07266    0.07826    0.07919    0.09002    0.09076    0.09561
   0.10160    0.10175    0.10449    0.10501    0.11567    0.11593    0.11735    0.12110
   0.12372    0.12414    0.12480    0.12563    0.13395    0.13441    0.13889    0.13903
   0.13931    0.13945    0.13947    0.14023    0.15381    0.16252    0.16326    0.16641
   0.28877    0.29185    0.30033    0.32303    0.33688    0.33722    0.37679    0.38580
   0.38828    0.38834    0.39200    0.39409    0.39811    0.40067    0.41058    0.41097
   0.41570    0.42122    0.42215    0.42515    0.42776    0.42940    0.43119    0.45252
   0.45354    0.46483    0.46514
