
 **** DERIVATIVE DATABASE ****    
+DDB, Version number  20230401

  Note : temporary (transfer) database

    usepaw         1
     natom        36
      nkpt         1
    nsppol         2
      nsym         1
    ntypat         6
    occopt         2
     nband       115
     acell  0.10000000000000D+01  0.10000000000000D+01  0.10000000000000D+01
       amu  0.15196500000000D+03  0.87620000000000D+02  0.69410000000000D+01
            0.26981539000000D+02  0.14006740000000D+02  0.15999400000000D+02
   dilatmx  0.10000000000000D+01
      ecut  0.10000000000000D+02
 pawecutdg  0.20000000000000D+02
    ecutsm  0.00000000000000D+00
     intxc         0
      iscf        17
       ixc     -1012
       kpt  0.00000000000000D+00  0.00000000000000D+00  0.00000000000000D+00
    kptnrm  0.10000000000000D+01
     ngfft        45   45   36
    nspden         2
   nspinor         1
       occ  0.10000000000000D+01  0.10000000000000D+01  0.10000000000000D+01
            0.10000000000000D+01  0.10000000000000D+01  0.10000000000000D+01
            0.10000000000000D+01  0.10000000000000D+01  0.10000000000000D+01
            0.10000000000000D+01  0.10000000000000D+01  0.10000000000000D+01
            0.10000000000000D+01  0.10000000000000D+01  0.10000000000000D+01
            0.10000000000000D+01  0.10000000000000D+01  0.10000000000000D+01
            0.10000000000000D+01  0.10000000000000D+01  0.10000000000000D+01
            0.10000000000000D+01  0.10000000000000D+01  0.10000000000000D+01
            0.10000000000000D+01  0.10000000000000D+01  0.10000000000000D+01
            0.10000000000000D+01  0.10000000000000D+01  0.10000000000000D+01
            0.10000000000000D+01  0.10000000000000D+01  0.10000000000000D+01
            0.10000000000000D+01  0.10000000000000D+01  0.10000000000000D+01
            0.10000000000000D+01  0.10000000000000D+01  0.10000000000000D+01
            0.10000000000000D+01  0.10000000000000D+01  0.10000000000000D+01
            0.10000000000000D+01  0.10000000000000D+01  0.10000000000000D+01
            0.10000000000000D+01  0.10000000000000D+01  0.10000000000000D+01
            0.10000000000000D+01  0.10000000000000D+01  0.10000000000000D+01
            0.10000000000000D+01  0.10000000000000D+01  0.10000000000000D+01
            0.10000000000000D+01  0.10000000000000D+01  0.10000000000000D+01
            0.10000000000000D+01  0.10000000000000D+01  0.10000000000000D+01
            0.10000000000000D+01  0.10000000000000D+01  0.10000000000000D+01
            0.10000000000000D+01  0.10000000000000D+01  0.10000000000000D+01
            0.10000000000000D+01  0.10000000000000D+01  0.10000000000000D+01
            0.10000000000000D+01  0.10000000000000D+01  0.10000000000000D+01
            0.10000000000000D+01  0.10000000000000D+01  0.10000000000000D+01
            0.10000000000000D+01  0.10000000000000D+01  0.10000000000000D+01
            0.10000000000000D+01  0.10000000000000D+01  0.10000000000000D+01
            0.10000000000000D+01  0.10000000000000D+01  0.10000000000000D+01
            0.10000000000000D+01  0.10000000000000D+01  0.10000000000000D+01
            0.10000000000000D+01  0.10000000000000D+01  0.10000000000000D+01
            0.10000000000000D+01  0.10000000000000D+01  0.10000000000000D+01
            0.10000000000000D+01  0.10000000000000D+01  0.00000000000000D+00
            0.00000000000000D+00  0.00000000000000D+00  0.00000000000000D+00
            0.00000000000000D+00  0.00000000000000D+00  0.00000000000000D+00
            0.00000000000000D+00  0.00000000000000D+00  0.00000000000000D+00
            0.00000000000000D+00  0.00000000000000D+00  0.00000000000000D+00
            0.00000000000000D+00  0.00000000000000D+00  0.00000000000000D+00
            0.00000000000000D+00  0.00000000000000D+00  0.00000000000000D+00
            0.00000000000000D+00
     rprim  0.15040330225900D+02  0.00000000000000D+00  0.00000000000000D+00
            0.00000000000000D+00  0.15040330225900D+02  0.00000000000000D+00
            0.00000000000000D+00  0.00000000000000D+00  0.12033775961600D+02
  dfpt_sciss  0.00000000000000D+00
    spinat  0.00000000000000D+00  0.00000000000000D+00  0.00000000000000D+00
            0.00000000000000D+00  0.00000000000000D+00  0.00000000000000D+00
            0.00000000000000D+00  0.00000000000000D+00  0.00000000000000D+00
            0.00000000000000D+00  0.00000000000000D+00  0.00000000000000D+00
            0.00000000000000D+00  0.00000000000000D+00  0.00000000000000D+00
            0.00000000000000D+00  0.00000000000000D+00  0.00000000000000D+00
            0.00000000000000D+00  0.00000000000000D+00  0.00000000000000D+00
            0.00000000000000D+00  0.00000000000000D+00  0.00000000000000D+00
            0.00000000000000D+00  0.00000000000000D+00  0.00000000000000D+00
            0.00000000000000D+00  0.00000000000000D+00  0.00000000000000D+00
            0.00000000000000D+00  0.00000000000000D+00  0.00000000000000D+00
            0.00000000000000D+00  0.00000000000000D+00  0.00000000000000D+00
            0.00000000000000D+00  0.00000000000000D+00  0.00000000000000D+00
            0.00000000000000D+00  0.00000000000000D+00  0.00000000000000D+00
            0.00000000000000D+00  0.00000000000000D+00  0.00000000000000D+00
            0.00000000000000D+00  0.00000000000000D+00  0.00000000000000D+00
            0.00000000000000D+00  0.00000000000000D+00  0.00000000000000D+00
            0.00000000000000D+00  0.00000000000000D+00  0.00000000000000D+00
            0.00000000000000D+00  0.00000000000000D+00  0.00000000000000D+00
            0.00000000000000D+00  0.00000000000000D+00  0.00000000000000D+00
            0.00000000000000D+00  0.00000000000000D+00  0.00000000000000D+00
            0.00000000000000D+00  0.00000000000000D+00  0.00000000000000D+00
            0.00000000000000D+00  0.00000000000000D+00  0.00000000000000D+00
            0.00000000000000D+00  0.00000000000000D+00  0.00000000000000D+00
            0.00000000000000D+00  0.00000000000000D+00  0.00000000000000D+00
            0.00000000000000D+00  0.00000000000000D+00  0.00000000000000D+00
            0.00000000000000D+00  0.00000000000000D+00  0.00000000000000D+00
            0.00000000000000D+00  0.00000000000000D+00  0.00000000000000D+00
            0.00000000000000D+00  0.00000000000000D+00  0.00000000000000D+00
            0.00000000000000D+00  0.00000000000000D+00  0.00000000000000D+00
            0.00000000000000D+00  0.00000000000000D+00  0.00000000000000D+00
            0.00000000000000D+00  0.00000000000000D+00  0.00000000000000D+00
            0.00000000000000D+00  0.00000000000000D+00  0.00000000000000D+00
            0.00000000000000D+00  0.00000000000000D+00  0.00000000000000D+00
            0.00000000000000D+00  0.00000000000000D+00  0.00000000000000D+00
            0.00000000000000D+00  0.00000000000000D+00  0.00000000000000D+00
    symafm         1
    symrel         1    0    0    0    1    0    0    0    1
     tnons  0.00000000000000D+00  0.00000000000000D+00  0.00000000000000D+00
    tolwfr  0.10000000000000D+01
   tphysel  0.00000000000000D+00
    tsmear  0.10000000000000D-01
     typat         1    2    2    2    3    3    3    3    3    3    3    3
                   4    4    4    4    4    4    4    4    5    5    5    5
                   5    5    5    5    6    6    6    6    6    6    6    6
       wtk  0.10000000000000D+01
      xred  0.50000000000000D+00  0.00000000000000D+00  0.25000000000000D+00
            0.50000000000000D+00  0.00000000000000D+00  0.75000000000000D+00
            0.10000000000000D+01  0.50000000000000D+00  0.11890596229000D-03
            0.10000000000000D+01  0.50000000000000D+00  0.49988109400000D+00
            0.12744374710000D+00  0.82536213210000D+00  0.25000000000000D+00
            0.12704638640000D+00  0.82502282330000D+00  0.75000000000000D+00
            0.87255625290000D+00  0.17463786790000D+00  0.25000000000000D+00
            0.87295361360000D+00  0.17497717670000D+00  0.75000000000000D+00
            0.17499169840000D+00  0.12728967160000D+00  0.28739574230000D-03
            0.17499169840000D+00  0.12728967160000D+00  0.49971260430000D+00
            0.82500830160000D+00  0.87271032840000D+00  0.28739574230000D-03
            0.82500830160000D+00  0.87271032840000D+00  0.49971260430000D+00
            0.35173806670000D+00  0.68241995630000D+00 -0.13574601000000D-02
            0.35173806670000D+00  0.68241995630000D+00  0.49978710840000D+00
            0.64826193330000D+00  0.31758004370000D+00  0.21289163617000D-03
            0.64826193330000D+00  0.31758004370000D+00  0.49978710840000D+00
            0.31780576680000D+00  0.35109081090000D+00  0.25000000000000D+00
            0.31777456060000D+00  0.35154217070000D+00  0.75000000000000D+00
            0.68219423320000D+00  0.64890918910000D+00  0.25000000000000D+00
            0.68222543940000D+00  0.64845782930000D+00  0.75000000000000D+00
            0.58430476540000D+00  0.73091011390000D+00  0.99992821440000D+00
            0.58430476540000D+00  0.73091011390000D+00  0.50007178560000D+00
            0.41569523460000D+00  0.26908988610000D+00  0.99992821440000D+00
            0.41569523460000D+00  0.26908988610000D+00  0.50007178560000D+00
            0.27019712620000D+00  0.58410218790000D+00  0.25000000000000D+00
            0.27041286440000D+00  0.58437089430000D+00  0.75000000000000D+00
            0.72980287380000D+00  0.41589781210000D+00  0.25000000000000D+00
            0.72958713560000D+00  0.41562910570000D+00  0.75000000000000D+00
            0.25250920030000D+00  0.88699605780000D+00  0.99991734080000D+00
            0.25250920030000D+00  0.88699605780000D+00  0.50008265920000D+00
            0.74749079970000D+00  0.11300394220000D+00  0.99991734080000D+00
            0.74749079970000D+00  0.11300394220000D+00  0.50008265920000D+00
            0.11279815010000D+00  0.25309031310000D+00  0.25000000000000D+00
            0.11273121590000D+00  0.25349138290000D+00  0.75000000000000D+00
            0.88720184990000D+00  0.74690968690000D+00  0.25000000000000D+00
            0.88726878410000D+00  0.74650861710000D+00  0.75000000000000D+00
     znucl  0.63000000000000D+02  0.38000000000000D+02  0.30000000000000D+01
            0.13000000000000D+02  0.70000000000000D+01  0.80000000000000D+01
      zion  0.17000000000000D+02  0.10000000000000D+02  0.30000000000000D+01
            0.30000000000000D+01  0.50000000000000D+01  0.60000000000000D+01
 
 No information on the potentials yet 
 
 **** Database of total energy derivatives ****
 Number of data blocks=    2
  
 1st derivatives              - # elements :         114
     1     1  0.12770889518551D-02  0.00000000000000D+00
     2     1  0.25541892554859D-02  0.00000000000000D+00
     3     1  0.71223824532494D-03  0.00000000000000D+00
     1     2 -0.13861404561354D-02  0.00000000000000D+00
     2     2 -0.27648830492192D-02  0.00000000000000D+00
     3     2  0.73084714768458D-03  0.00000000000000D+00
     1     3 -0.74168803666247D-05  0.00000000000000D+00
     2     3  0.77434787916190D-05  0.00000000000000D+00
     3     3 -0.15796655279130D-02  0.00000000000000D+00
     1     4  0.25922591832883D-06  0.00000000000000D+00
     2     4  0.16280291599631D-04  0.00000000000000D+00
     3     4  0.10642878992871D-02  0.00000000000000D+00
     1     5  0.60018926541346D-03  0.00000000000000D+00
     2     5  0.60130700811208D-02  0.00000000000000D+00
     3     5  0.10627866925789D-02  0.00000000000000D+00
     1     6  0.49112762002121D-02  0.00000000000000D+00
     2     6  0.15572771011752D-02  0.00000000000000D+00
     3     6  0.10642445053920D-02  0.00000000000000D+00
     1     7 -0.34104961052008D-02  0.00000000000000D+00
     2     7 -0.37894322367953D-02  0.00000000000000D+00
     3     7  0.47724233561819D-06  0.00000000000000D+00
     1     8 -0.20297185360523D-02  0.00000000000000D+00
     2     8 -0.37713552630502D-02  0.00000000000000D+00
     3     8  0.45317194550966D-05  0.00000000000000D+00
     1     9 -0.22351254063558D-02  0.00000000000000D+00
     2     9  0.36429655977495D-02  0.00000000000000D+00
     3     9  0.78267312465255D-03  0.00000000000000D+00
     1    10 -0.22375489863485D-02  0.00000000000000D+00
     2    10  0.36468811211386D-02  0.00000000000000D+00
     3    10 -0.68232777574270D-03  0.00000000000000D+00
     1    11  0.22360315999953D-02  0.00000000000000D+00
     2    11 -0.36688988176055D-02  0.00000000000000D+00
     3    11  0.98386570957377D-03  0.00000000000000D+00
     1    12  0.22393575712300D-02  0.00000000000000D+00
     2    12 -0.36706456540474D-02  0.00000000000000D+00
     3    12 -0.83756677657893D-03  0.00000000000000D+00
     1    13 -0.81386072795262D-02  0.00000000000000D+00
     2    13 -0.80352734362740D-02  0.00000000000000D+00
     3    13 -0.48837244766563D-01  0.00000000000000D+00
     1    14 -0.77196254361260D-02  0.00000000000000D+00
     2    14 -0.75361503533512D-02  0.00000000000000D+00
     3    14  0.79844919399504D-02  0.00000000000000D+00
     1    15  0.77762894972203D-02  0.00000000000000D+00
     2    15  0.76470635917778D-02  0.00000000000000D+00
     3    15  0.10414638599122D-02  0.00000000000000D+00
     1    16  0.77780465336916D-02  0.00000000000000D+00
     2    16  0.76632986472528D-02  0.00000000000000D+00
     3    16 -0.11055788707069D-02  0.00000000000000D+00
     1    17  0.65375201367803D-02  0.00000000000000D+00
     2    17 -0.16799130695076D-01  0.00000000000000D+00
     3    17  0.40566686108928D-03  0.00000000000000D+00
     1    18  0.52707073148651D-02  0.00000000000000D+00
     2    18 -0.49019546564449D-02  0.00000000000000D+00
     3    18  0.42300695901815D-03  0.00000000000000D+00
     1    19 -0.24647923081495D-02  0.00000000000000D+00
     2    19  0.12286789246698D-01  0.00000000000000D+00
     3    19  0.42002539164062D-03  0.00000000000000D+00
     1    20 -0.94332139390682D-02  0.00000000000000D+00
     2    20  0.95303296513098D-02  0.00000000000000D+00
     3    20  0.42461683392244D-03  0.00000000000000D+00
     1    21  0.65206799540673D-02  0.00000000000000D+00
     2    21  0.38035511003064D-02  0.00000000000000D+00
     3    21  0.34434937310560D-02  0.00000000000000D+00
     1    22  0.64271039003014D-02  0.00000000000000D+00
     2    22  0.38364773007265D-02  0.00000000000000D+00
     3    22  0.48460115688581D-03  0.00000000000000D+00
     1    23 -0.63903537907306D-02  0.00000000000000D+00
     2    23 -0.38668283497027D-02  0.00000000000000D+00
     3    23 -0.10974863298826D-02  0.00000000000000D+00
     1    24 -0.63806328538119D-02  0.00000000000000D+00
     2    24 -0.38716751064250D-02  0.00000000000000D+00
     3    24  0.91759148840591D-03  0.00000000000000D+00
     1    25 -0.67030739328044D-02  0.00000000000000D+00
     2    25  0.56690743810195D-02  0.00000000000000D+00
     3    25  0.13205525952641D-01  0.00000000000000D+00
     1    26 -0.84277782796957D-03  0.00000000000000D+00
     2    26  0.94135508719814D-02  0.00000000000000D+00
     3    26  0.14021887800296D-01  0.00000000000000D+00
     1    27  0.23459489466231D-02  0.00000000000000D+00
     2    27 -0.98560585365682D-02  0.00000000000000D+00
     3    27  0.57399744848829D-04  0.00000000000000D+00
     1    28  0.56218253079594D-02  0.00000000000000D+00
     2    28 -0.48663917017187D-02  0.00000000000000D+00
     3    28  0.49209880169448D-04  0.00000000000000D+00
     1    29 -0.50631142354576D-02  0.00000000000000D+00
     2    29 -0.24783642124158D-01  0.00000000000000D+00
     3    29  0.59336521341779D-02  0.00000000000000D+00
     1    30 -0.49835743236798D-02  0.00000000000000D+00
     2    30 -0.24853853531280D-01  0.00000000000000D+00
     3    30 -0.16218113235608D-02  0.00000000000000D+00
     1    31  0.49451044308574D-02  0.00000000000000D+00
     2    31  0.24872330358453D-01  0.00000000000000D+00
     3    31 -0.20053626666130D-03  0.00000000000000D+00
     1    32  0.49344362248631D-02  0.00000000000000D+00
     2    32  0.24873300160487D-01  0.00000000000000D+00
     3    32  0.21178319698141D-03  0.00000000000000D+00
     1    33  0.22595969482785D-01  0.00000000000000D+00
     2    33 -0.89538734145084D-02  0.00000000000000D+00
     3    33  0.65647417105138D-04  0.00000000000000D+00
     1    34  0.19781390946986D-01  0.00000000000000D+00
     2    34 -0.10247095515659D-01  0.00000000000000D+00
     3    34  0.57529000093666D-04  0.00000000000000D+00
     1    35 -0.20404790237832D-01  0.00000000000000D+00
     2    35  0.10548473951682D-01  0.00000000000000D+00
     3    35  0.17230041762470D-03  0.00000000000000D+00
     1    36 -0.21959986827894D-01  0.00000000000000D+00
     2    36  0.86428128914171D-02  0.00000000000000D+00
     3    36  0.16820870624256D-03  0.00000000000000D+00
     1    39  0.26502198247739D-02  0.00000000000000D+00
     2    39  0.26525947380250D-02  0.00000000000000D+00
     3    39  0.24355998605332D-02  0.00000000000000D+00
     1    40 -0.65864343424643D-06  0.00000000000000D+00
     2    40 -0.68505023367270D-06  0.00000000000000D+00
     3    40 -0.16755305468673D-05  0.00000000000000D+00
  
 Total energy                 - # elements :           1
 -0.47548222636834D+03  0.00000000000000D+00
