 Fermi (or HOMO) energy (hartree) =   0.22137   Average Vxc (hartree)=  -0.38907
 Eigenvalues (hartree) for nkpt=   1  k points, SPIN UP:
 kpt#   1, nband=115, wtk=  1.00000, kpt=  0.0000  0.0000  0.0000 (reduced coord)
  -1.39331   -1.39287   -1.39275   -1.39271   -1.39267   -1.39263   -1.39255   -1.39236
  -1.22956   -1.05224   -1.04843   -1.04595   -0.48983   -0.48783   -0.47399   -0.46689
  -0.46682   -0.45933   -0.45596   -0.45234   -0.45180   -0.43740   -0.43733   -0.41218
  -0.40841   -0.40157   -0.39276   -0.38871   -0.38537   -0.38130   -0.37664   -0.36997
  -0.35310   -0.31255   -0.30972   -0.30882   -0.30817   -0.30726   -0.30477   -0.30372
  -0.02494   -0.01657   -0.01561   -0.01158   -0.01140    0.01846    0.01882    0.02675
   0.02723    0.02779    0.03935    0.04577    0.04663    0.05408    0.06650    0.06818
   0.06830    0.07124    0.07165    0.07804    0.07855    0.08937    0.08978    0.09501
   0.09956    0.10125    0.10436    0.10480    0.11557    0.11571    0.11730    0.12023
   0.12223    0.12275    0.12364    0.12576    0.13393    0.13400    0.13639    0.13886
   0.13892    0.13914    0.13931    0.13946    0.15275    0.16095    0.16239    0.16592
   0.21505    0.21515    0.21590    0.21625    0.21634    0.21711    0.22137    0.27972
   0.29058    0.29669    0.31765    0.32881    0.33816    0.37143    0.38109    0.38246
   0.38891    0.38902    0.39262    0.39910    0.39998    0.40281    0.40946    0.41091
   0.41932    0.42130    0.42182
 Eigenvalues (hartree) for nkpt=   1  k points, SPIN DOWN:
 kpt#   1, nband=115, wtk=  1.00000, kpt=  0.0000  0.0000  0.0000 (reduced coord)
  -1.39331   -1.39289   -1.39273   -1.39269   -1.39269   -1.39263   -1.39254   -1.39236
  -1.12238   -1.05222   -1.04825   -1.04593   -0.47264   -0.47223   -0.46724   -0.46688
  -0.45939   -0.45605   -0.45264   -0.45202   -0.41248   -0.41063   -0.40840   -0.40639
  -0.39273   -0.38868   -0.38722   -0.38445   -0.37647   -0.36996   -0.36872   -0.36068
  -0.35315   -0.30976   -0.30884   -0.30838   -0.30735   -0.30675   -0.30375   -0.30331
  -0.02465   -0.01585   -0.01543   -0.01133   -0.01024    0.01887    0.01925    0.02738
   0.02775    0.02803    0.03956    0.04636    0.04761    0.05517    0.06732    0.06843
   0.06873    0.07206    0.07263    0.07827    0.07907    0.08998    0.09064    0.09558
   0.10143    0.10175    0.10452    0.10486    0.11581    0.11583    0.11733    0.12101
   0.12366    0.12406    0.12481    0.12585    0.13384    0.13457    0.13899    0.13915
   0.13918    0.13940    0.13957    0.14021    0.15378    0.16259    0.16334    0.16645
   0.28875    0.29185    0.30039    0.32299    0.33673    0.33730    0.37682    0.38581
   0.38821    0.38840    0.39217    0.39419    0.39825    0.40056    0.41062    0.41097
   0.41568    0.42119    0.42214    0.42511    0.42778    0.42940    0.43115    0.45256
   0.45348    0.46476    0.46513
