 Fermi (or HOMO) energy (hartree) =   0.22131   Average Vxc (hartree)=  -0.38907
 Eigenvalues (hartree) for nkpt=   1  k points, SPIN UP:
 kpt#   1, nband=115, wtk=  1.00000, kpt=  0.0000  0.0000  0.0000 (reduced coord)
  -1.39330   -1.39281   -1.39275   -1.39271   -1.39266   -1.39263   -1.39255   -1.39245
  -1.22962   -1.05224   -1.04839   -1.04595   -0.48985   -0.48788   -0.47402   -0.46694
  -0.46680   -0.45933   -0.45596   -0.45234   -0.45181   -0.43741   -0.43735   -0.41218
  -0.40841   -0.40151   -0.39276   -0.38871   -0.38534   -0.38125   -0.37664   -0.36997
  -0.35309   -0.31255   -0.30956   -0.30873   -0.30817   -0.30745   -0.30477   -0.30378
  -0.02494   -0.01657   -0.01561   -0.01157   -0.01141    0.01847    0.01882    0.02674
   0.02722    0.02779    0.03935    0.04577    0.04663    0.05408    0.06649    0.06820
   0.06829    0.07124    0.07165    0.07804    0.07855    0.08936    0.08979    0.09501
   0.09956    0.10125    0.10436    0.10480    0.11555    0.11571    0.11734    0.12023
   0.12223    0.12274    0.12363    0.12578    0.13397    0.13399    0.13632    0.13875
   0.13892    0.13924    0.13939    0.13945    0.15273    0.16093    0.16238    0.16591
   0.21500    0.21509    0.21582    0.21619    0.21627    0.21705    0.22131    0.27971
   0.29058    0.29667    0.31765    0.32875    0.33816    0.37148    0.38108    0.38246
   0.38893    0.38905    0.39261    0.39910    0.39999    0.40280    0.40945    0.41091
   0.41931    0.42138    0.42188
 Eigenvalues (hartree) for nkpt=   1  k points, SPIN DOWN:
 kpt#   1, nband=115, wtk=  1.00000, kpt=  0.0000  0.0000  0.0000 (reduced coord)
  -1.39330   -1.39280   -1.39273   -1.39270   -1.39267   -1.39263   -1.39254   -1.39247
  -1.12243   -1.05222   -1.04821   -1.04593   -0.47264   -0.47223   -0.46724   -0.46688
  -0.45939   -0.45605   -0.45264   -0.45201   -0.41248   -0.41061   -0.40841   -0.40638
  -0.39273   -0.38868   -0.38723   -0.38443   -0.37647   -0.36996   -0.36877   -0.36070
  -0.35314   -0.30959   -0.30875   -0.30838   -0.30749   -0.30681   -0.30382   -0.30332
  -0.02465   -0.01585   -0.01543   -0.01133   -0.01024    0.01888    0.01925    0.02740
   0.02775    0.02801    0.03956    0.04636    0.04761    0.05517    0.06732    0.06844
   0.06873    0.07205    0.07262    0.07827    0.07909    0.08998    0.09064    0.09558
   0.10143    0.10175    0.10452    0.10486    0.11580    0.11584    0.11734    0.12102
   0.12366    0.12407    0.12479    0.12586    0.13385    0.13457    0.13899    0.13912
   0.13914    0.13946    0.13956    0.14020    0.15379    0.16259    0.16334    0.16644
   0.28874    0.29185    0.30039    0.32299    0.33673    0.33730    0.37683    0.38581
   0.38820    0.38840    0.39217    0.39420    0.39825    0.40061    0.41059    0.41097
   0.41568    0.42119    0.42214    0.42512    0.42778    0.42940    0.43115    0.45256
   0.45348    0.46476    0.46514
