
 **** DERIVATIVE DATABASE ****    
+DDB, Version number  20230401

  Note : temporary (transfer) database

    usepaw         1
     natom        36
      nkpt         1
    nsppol         2
      nsym         1
    ntypat         6
    occopt         2
     nband       115
     acell  0.10000000000000D+01  0.10000000000000D+01  0.10000000000000D+01
       amu  0.15196500000000D+03  0.87620000000000D+02  0.69410000000000D+01
            0.26981539000000D+02  0.14006740000000D+02  0.15999400000000D+02
   dilatmx  0.10000000000000D+01
      ecut  0.10000000000000D+02
 pawecutdg  0.20000000000000D+02
    ecutsm  0.00000000000000D+00
     intxc         0
      iscf        17
       ixc     -1012
       kpt  0.00000000000000D+00  0.00000000000000D+00  0.00000000000000D+00
    kptnrm  0.10000000000000D+01
     ngfft        45   45   36
    nspden         2
   nspinor         1
       occ  0.10000000000000D+01  0.10000000000000D+01  0.10000000000000D+01
            0.10000000000000D+01  0.10000000000000D+01  0.10000000000000D+01
            0.10000000000000D+01  0.10000000000000D+01  0.10000000000000D+01
            0.10000000000000D+01  0.10000000000000D+01  0.10000000000000D+01
            0.10000000000000D+01  0.10000000000000D+01  0.10000000000000D+01
            0.10000000000000D+01  0.10000000000000D+01  0.10000000000000D+01
            0.10000000000000D+01  0.10000000000000D+01  0.10000000000000D+01
            0.10000000000000D+01  0.10000000000000D+01  0.10000000000000D+01
            0.10000000000000D+01  0.10000000000000D+01  0.10000000000000D+01
            0.10000000000000D+01  0.10000000000000D+01  0.10000000000000D+01
            0.10000000000000D+01  0.10000000000000D+01  0.10000000000000D+01
            0.10000000000000D+01  0.10000000000000D+01  0.10000000000000D+01
            0.10000000000000D+01  0.10000000000000D+01  0.10000000000000D+01
            0.10000000000000D+01  0.10000000000000D+01  0.10000000000000D+01
            0.10000000000000D+01  0.10000000000000D+01  0.10000000000000D+01
            0.10000000000000D+01  0.10000000000000D+01  0.10000000000000D+01
            0.10000000000000D+01  0.10000000000000D+01  0.10000000000000D+01
            0.10000000000000D+01  0.10000000000000D+01  0.10000000000000D+01
            0.10000000000000D+01  0.10000000000000D+01  0.10000000000000D+01
            0.10000000000000D+01  0.10000000000000D+01  0.10000000000000D+01
            0.10000000000000D+01  0.10000000000000D+01  0.10000000000000D+01
            0.10000000000000D+01  0.10000000000000D+01  0.10000000000000D+01
            0.10000000000000D+01  0.10000000000000D+01  0.10000000000000D+01
            0.10000000000000D+01  0.10000000000000D+01  0.10000000000000D+01
            0.10000000000000D+01  0.10000000000000D+01  0.10000000000000D+01
            0.10000000000000D+01  0.10000000000000D+01  0.10000000000000D+01
            0.10000000000000D+01  0.10000000000000D+01  0.10000000000000D+01
            0.10000000000000D+01  0.10000000000000D+01  0.10000000000000D+01
            0.10000000000000D+01  0.10000000000000D+01  0.10000000000000D+01
            0.10000000000000D+01  0.10000000000000D+01  0.10000000000000D+01
            0.10000000000000D+01  0.10000000000000D+01  0.10000000000000D+01
            0.10000000000000D+01  0.10000000000000D+01  0.00000000000000D+00
            0.00000000000000D+00  0.00000000000000D+00  0.00000000000000D+00
            0.00000000000000D+00  0.00000000000000D+00  0.00000000000000D+00
            0.00000000000000D+00  0.00000000000000D+00  0.00000000000000D+00
            0.00000000000000D+00  0.00000000000000D+00  0.00000000000000D+00
            0.00000000000000D+00  0.00000000000000D+00  0.00000000000000D+00
            0.00000000000000D+00  0.00000000000000D+00  0.00000000000000D+00
            0.00000000000000D+00
     rprim  0.15040330225900D+02  0.00000000000000D+00  0.00000000000000D+00
            0.00000000000000D+00  0.15040330225900D+02  0.00000000000000D+00
            0.00000000000000D+00  0.00000000000000D+00  0.12033775961600D+02
  dfpt_sciss  0.00000000000000D+00
    spinat  0.00000000000000D+00  0.00000000000000D+00  0.00000000000000D+00
            0.00000000000000D+00  0.00000000000000D+00  0.00000000000000D+00
            0.00000000000000D+00  0.00000000000000D+00  0.00000000000000D+00
            0.00000000000000D+00  0.00000000000000D+00  0.00000000000000D+00
            0.00000000000000D+00  0.00000000000000D+00  0.00000000000000D+00
            0.00000000000000D+00  0.00000000000000D+00  0.00000000000000D+00
            0.00000000000000D+00  0.00000000000000D+00  0.00000000000000D+00
            0.00000000000000D+00  0.00000000000000D+00  0.00000000000000D+00
            0.00000000000000D+00  0.00000000000000D+00  0.00000000000000D+00
            0.00000000000000D+00  0.00000000000000D+00  0.00000000000000D+00
            0.00000000000000D+00  0.00000000000000D+00  0.00000000000000D+00
            0.00000000000000D+00  0.00000000000000D+00  0.00000000000000D+00
            0.00000000000000D+00  0.00000000000000D+00  0.00000000000000D+00
            0.00000000000000D+00  0.00000000000000D+00  0.00000000000000D+00
            0.00000000000000D+00  0.00000000000000D+00  0.00000000000000D+00
            0.00000000000000D+00  0.00000000000000D+00  0.00000000000000D+00
            0.00000000000000D+00  0.00000000000000D+00  0.00000000000000D+00
            0.00000000000000D+00  0.00000000000000D+00  0.00000000000000D+00
            0.00000000000000D+00  0.00000000000000D+00  0.00000000000000D+00
            0.00000000000000D+00  0.00000000000000D+00  0.00000000000000D+00
            0.00000000000000D+00  0.00000000000000D+00  0.00000000000000D+00
            0.00000000000000D+00  0.00000000000000D+00  0.00000000000000D+00
            0.00000000000000D+00  0.00000000000000D+00  0.00000000000000D+00
            0.00000000000000D+00  0.00000000000000D+00  0.00000000000000D+00
            0.00000000000000D+00  0.00000000000000D+00  0.00000000000000D+00
            0.00000000000000D+00  0.00000000000000D+00  0.00000000000000D+00
            0.00000000000000D+00  0.00000000000000D+00  0.00000000000000D+00
            0.00000000000000D+00  0.00000000000000D+00  0.00000000000000D+00
            0.00000000000000D+00  0.00000000000000D+00  0.00000000000000D+00
            0.00000000000000D+00  0.00000000000000D+00  0.00000000000000D+00
            0.00000000000000D+00  0.00000000000000D+00  0.00000000000000D+00
            0.00000000000000D+00  0.00000000000000D+00  0.00000000000000D+00
            0.00000000000000D+00  0.00000000000000D+00  0.00000000000000D+00
            0.00000000000000D+00  0.00000000000000D+00  0.00000000000000D+00
            0.00000000000000D+00  0.00000000000000D+00  0.00000000000000D+00
            0.00000000000000D+00  0.00000000000000D+00  0.00000000000000D+00
    symafm         1
    symrel         1    0    0    0    1    0    0    0    1
     tnons  0.00000000000000D+00  0.00000000000000D+00  0.00000000000000D+00
    tolwfr  0.10000000000000D+01
   tphysel  0.00000000000000D+00
    tsmear  0.10000000000000D-01
     typat         1    2    2    2    3    3    3    3    3    3    3    3
                   4    4    4    4    4    4    4    4    5    5    5    5
                   5    5    5    5    6    6    6    6    6    6    6    6
       wtk  0.10000000000000D+01
      xred  0.50000000000000D+00  0.00000000000000D+00  0.25000000000000D+00
            0.50000000000000D+00  0.00000000000000D+00  0.75000000000000D+00
            0.10000000000000D+01  0.50000000000000D+00  0.11890596229000D-03
            0.10000000000000D+01  0.50000000000000D+00  0.49988109400000D+00
            0.12744374710000D+00  0.82536213210000D+00  0.25000000000000D+00
            0.12704638640000D+00  0.82502282330000D+00  0.75000000000000D+00
            0.87255625290000D+00  0.17463786790000D+00  0.25000000000000D+00
            0.87295361360000D+00  0.17497717670000D+00  0.75000000000000D+00
            0.17499169840000D+00  0.12728967160000D+00  0.18577475000000D-02
            0.17499169840000D+00  0.12728967160000D+00  0.49971260430000D+00
            0.82500830160000D+00  0.87271032840000D+00  0.28739574230000D-03
            0.82500830160000D+00  0.87271032840000D+00  0.49971260430000D+00
            0.35173806670000D+00  0.68241995630000D+00  0.21289163617000D-03
            0.35173806670000D+00  0.68241995630000D+00  0.49978710840000D+00
            0.64826193330000D+00  0.31758004370000D+00  0.21289163617000D-03
            0.64826193330000D+00  0.31758004370000D+00  0.49978710840000D+00
            0.31780576680000D+00  0.35109081090000D+00  0.25000000000000D+00
            0.31777456060000D+00  0.35154217070000D+00  0.75000000000000D+00
            0.68219423320000D+00  0.64890918910000D+00  0.25000000000000D+00
            0.68222543940000D+00  0.64845782930000D+00  0.75000000000000D+00
            0.58430476540000D+00  0.73091011390000D+00  0.99992821440000D+00
            0.58430476540000D+00  0.73091011390000D+00  0.50007178560000D+00
            0.41569523460000D+00  0.26908988610000D+00  0.99992821440000D+00
            0.41569523460000D+00  0.26908988610000D+00  0.50007178560000D+00
            0.27019712620000D+00  0.58410218790000D+00  0.25000000000000D+00
            0.27041286440000D+00  0.58437089430000D+00  0.75000000000000D+00
            0.72980287380000D+00  0.41589781210000D+00  0.25000000000000D+00
            0.72958713560000D+00  0.41562910570000D+00  0.75000000000000D+00
            0.25250920030000D+00  0.88699605780000D+00  0.99991734080000D+00
            0.25250920030000D+00  0.88699605780000D+00  0.50008265920000D+00
            0.74749079970000D+00  0.11300394220000D+00  0.99991734080000D+00
            0.74749079970000D+00  0.11300394220000D+00  0.50008265920000D+00
            0.11279815010000D+00  0.25309031310000D+00  0.25000000000000D+00
            0.11273121590000D+00  0.25349138290000D+00  0.75000000000000D+00
            0.88720184990000D+00  0.74690968690000D+00  0.25000000000000D+00
            0.88726878410000D+00  0.74650861710000D+00  0.75000000000000D+00
     znucl  0.63000000000000D+02  0.38000000000000D+02  0.30000000000000D+01
            0.13000000000000D+02  0.70000000000000D+01  0.80000000000000D+01
      zion  0.17000000000000D+02  0.10000000000000D+02  0.30000000000000D+01
            0.30000000000000D+01  0.50000000000000D+01  0.60000000000000D+01
 
 No information on the potentials yet 
 
 **** Database of total energy derivatives ****
 Number of data blocks=    2
  
 1st derivatives              - # elements :         114
     1     1 -0.13245926593783D-02  0.00000000000000D+00
     2     1  0.45066283588736D-03  0.00000000000000D+00
     3     1 -0.30309378289927D-03  0.00000000000000D+00
     1     2  0.13972094518093D-02  0.00000000000000D+00
     2     2 -0.49651997785085D-03  0.00000000000000D+00
     3     2 -0.32810608972821D-03  0.00000000000000D+00
     1     3 -0.13910928826385D-04  0.00000000000000D+00
     2     3  0.12906288520748D-04  0.00000000000000D+00
     3     3  0.11270124467332D-02  0.00000000000000D+00
     1     4 -0.91354416485579D-05  0.00000000000000D+00
     2     4  0.11372542027938D-04  0.00000000000000D+00
     3     4 -0.98289169014565D-03  0.00000000000000D+00
     1     5  0.32452383135735D-02  0.00000000000000D+00
     2     5  0.48186416343182D-02  0.00000000000000D+00
     3     5 -0.22880934554667D-03  0.00000000000000D+00
     1     6  0.21974010477489D-02  0.00000000000000D+00
     2     6  0.27560767280546D-02  0.00000000000000D+00
     3     6 -0.23400799696342D-03  0.00000000000000D+00
     1     7 -0.21579006502374D-02  0.00000000000000D+00
     2     7 -0.38791417689512D-02  0.00000000000000D+00
     3     7 -0.22869482892844D-03  0.00000000000000D+00
     1     8 -0.33127333114610D-02  0.00000000000000D+00
     2     8 -0.36934381131902D-02  0.00000000000000D+00
     3     8 -0.23278079419424D-03  0.00000000000000D+00
     1     9 -0.24332014533025D-02  0.00000000000000D+00
     2     9  0.40263592462238D-02  0.00000000000000D+00
     3     9  0.12951283715250D-01  0.00000000000000D+00
     1    10 -0.22471335666672D-02  0.00000000000000D+00
     2    10  0.36569045204103D-02  0.00000000000000D+00
     3    10 -0.24477177897977D-02  0.00000000000000D+00
     1    11  0.22296076853749D-02  0.00000000000000D+00
     2    11 -0.36581067355056D-02  0.00000000000000D+00
     3    11  0.97024201994051D-03  0.00000000000000D+00
     1    12  0.22303945155732D-02  0.00000000000000D+00
     2    12 -0.36553643823598D-02  0.00000000000000D+00
     3    12 -0.90972519470729D-03  0.00000000000000D+00
     1    13 -0.77429997810609D-02  0.00000000000000D+00
     2    13 -0.76192638341735D-02  0.00000000000000D+00
     3    13  0.13073454807157D-02  0.00000000000000D+00
     1    14 -0.77438850094181D-02  0.00000000000000D+00
     2    14 -0.76067412002744D-02  0.00000000000000D+00
     3    14 -0.14076225668923D-02  0.00000000000000D+00
     1    15  0.77751674598444D-02  0.00000000000000D+00
     2    15  0.76054783474318D-02  0.00000000000000D+00
     3    15  0.11060643636552D-02  0.00000000000000D+00
     1    16  0.77663713443271D-02  0.00000000000000D+00
     2    16  0.75990888497919D-02  0.00000000000000D+00
     3    16 -0.12523568902081D-02  0.00000000000000D+00
     1    17  0.28573788949036D-02  0.00000000000000D+00
     2    17 -0.14432259670509D-01  0.00000000000000D+00
     3    17 -0.10731022273816D-02  0.00000000000000D+00
     1    18  0.89534011677584D-02  0.00000000000000D+00
     2    18 -0.73301692272518D-02  0.00000000000000D+00
     3    18 -0.10719346675710D-02  0.00000000000000D+00
     1    19 -0.55766611949817D-02  0.00000000000000D+00
     2    19  0.11563161056865D-01  0.00000000000000D+00
     3    19  0.14700350986116D-05  0.00000000000000D+00
     1    20 -0.62693427388916D-02  0.00000000000000D+00
     2    20  0.10221555206851D-01  0.00000000000000D+00
     3    20 -0.58609146546416D-05  0.00000000000000D+00
     1    21  0.63910127046894D-02  0.00000000000000D+00
     2    21  0.38398967334388D-02  0.00000000000000D+00
     3    21 -0.23805747854648D-02  0.00000000000000D+00
     1    22  0.63976276975743D-02  0.00000000000000D+00
     2    22  0.38326327759583D-02  0.00000000000000D+00
     3    22  0.24104279945573D-02  0.00000000000000D+00
     1    23 -0.64141148396670D-02  0.00000000000000D+00
     2    23 -0.38700704801354D-02  0.00000000000000D+00
     3    23 -0.37534217292987D-02  0.00000000000000D+00
     1    24 -0.64132124904591D-02  0.00000000000000D+00
     2    24 -0.38524459090173D-02  0.00000000000000D+00
     3    24  0.28407851567128D-02  0.00000000000000D+00
     1    25 -0.25772088421302D-02  0.00000000000000D+00
     2    25  0.10399491843288D-01  0.00000000000000D+00
     3    25 -0.67266191059726D-05  0.00000000000000D+00
     1    26 -0.53966020180546D-02  0.00000000000000D+00
     2    26  0.42660642119629D-02  0.00000000000000D+00
     3    26  0.17879790899029D-05  0.00000000000000D+00
     1    27  0.24704812598600D-02  0.00000000000000D+00
     2    27 -0.97820917793376D-02  0.00000000000000D+00
     3    27 -0.39979803854368D-04  0.00000000000000D+00
     1    28  0.54915380115699D-02  0.00000000000000D+00
     2    28 -0.48801009286790D-02  0.00000000000000D+00
     3    28 -0.33997865401563D-04  0.00000000000000D+00
     1    29 -0.49689516633232D-02  0.00000000000000D+00
     2    29 -0.24842130282325D-01  0.00000000000000D+00
     3    29 -0.21204481631713D-02  0.00000000000000D+00
     1    30 -0.49675233930521D-02  0.00000000000000D+00
     2    30 -0.24867094242080D-01  0.00000000000000D+00
     3    30  0.89639541003944D-03  0.00000000000000D+00
     1    31  0.49738974398670D-02  0.00000000000000D+00
     2    31  0.24884052551319D-01  0.00000000000000D+00
     3    31 -0.52550552048952D-03  0.00000000000000D+00
     1    32  0.49713966517531D-02  0.00000000000000D+00
     2    32  0.24892713221134D-01  0.00000000000000D+00
     3    32  0.43301048294546D-03  0.00000000000000D+00
     1    33  0.22232643888155D-01  0.00000000000000D+00
     2    33 -0.10610768532481D-01  0.00000000000000D+00
     3    33 -0.24251604880813D-02  0.00000000000000D+00
     1    34  0.20339013712304D-01  0.00000000000000D+00
     2    34 -0.89363524626189D-02  0.00000000000000D+00
     3    34 -0.20178568110494D-02  0.00000000000000D+00
     1    35 -0.22053697250476D-01  0.00000000000000D+00
     2    35  0.10504586799625D-01  0.00000000000000D+00
     3    35  0.17443331062624D-04  0.00000000000000D+00
     1    36 -0.20304437045140D-01  0.00000000000000D+00
     2    36  0.86782334619473D-02  0.00000000000000D+00
     3    36  0.20595944107687D-04  0.00000000000000D+00
     1    39  0.26502155014474D-02  0.00000000000000D+00
     2    39  0.26525965795284D-02  0.00000000000000D+00
     3    39  0.24356230402282D-02  0.00000000000000D+00
     1    40 -0.34289048424257D-06  0.00000000000000D+00
     2    40 -0.18675304858311D-06  0.00000000000000D+00
     3    40 -0.16457840014527D-05  0.00000000000000D+00
  
 Total energy                 - # elements :           1
 -0.47548225289834D+03  0.00000000000000D+00
